# Koester WD models
# teff = 5000 K (value for the effective temperature for the model. Temperatures are given in K)
# logg = 8 log(cm/s2) (value for Log(G) for the model.)
#
#   WAVELENGTH	#           FLUX	
#   (ANGSTROM)	#  (ERG/CM2/S/A)	
##############	################	
       899.230	     1.36398e-04	
       899.921	     1.39937e-04	
       901.306	     1.47275e-04	
       902.690	     1.54972e-04	
       903.914	     1.62085e-04	
       904.074	     1.63043e-04	
       904.235	     1.64007e-04	
       904.557	     1.65949e-04	
       905.200	     1.69898e-04	
       906.488	     1.78062e-04	
       907.774	     1.86591e-04	
       908.882	     1.94235e-04	
       909.062	     1.95501e-04	
       909.168	     1.96254e-04	
       909.241	     1.96774e-04	
       909.599	     1.99344e-04	
       909.757	     2.00485e-04	
       910.032	     2.02480e-04	
       910.783	     2.08047e-04	
       910.896	     2.08890e-04	
       912.034	     2.17623e-04	
       913.037	     2.25602e-04	
       913.241	     2.27259e-04	
       913.284	     2.27610e-04	
       913.478	     2.29199e-04	
       913.531	     2.29635e-04	
       913.755	     2.31478e-04	
       913.822	     2.32034e-04	
       914.080	     2.34188e-04	
       914.165	     2.34902e-04	
       914.499	     2.37726e-04	
       914.575	     2.38373e-04	
       915.071	     2.42628e-04	
       915.540	     2.46725e-04	
       915.609	     2.47324e-04	
       915.643	     2.47624e-04	
       915.677	     2.47925e-04	
       915.741	     2.48491e-04	
       915.813	     2.49130e-04	
       916.085	     2.51558e-04	
       916.429	     2.54659e-04	
       916.858	     2.58568e-04	
       917.118	     2.60970e-04	
       917.196	     2.61694e-04	
       917.378	     2.63392e-04	
       917.899	     2.68301e-04	
       917.952	     2.68806e-04	
       918.287	     2.72019e-04	
       918.602	     2.75062e-04	
       919.251	     2.81455e-04	
       920.215	     2.91196e-04	
       921.882	     3.08786e-04	
       921.999	     3.10058e-04	
       922.143	     3.11631e-04	
       922.405	     3.14502e-04	
       922.810	     3.19004e-04	
       923.621	     3.28190e-04	
       925.001	     3.44397e-04	
       925.242	     3.47306e-04	
       925.484	     3.50237e-04	
       925.564	     3.51214e-04	
       925.966	     3.56169e-04	
       926.164	     3.58629e-04	
       926.369	     3.61176e-04	
       927.173	     3.71361e-04	
       927.276	     3.72668e-04	
       928.182	     3.84465e-04	
       928.917	     3.94125e-04	
       928.980	     3.95014e-04	
       929.089	     3.96585e-04	
       929.261	     3.99099e-04	
       929.317	     3.99906e-04	
       929.543	     4.03145e-04	
       929.655	     4.04716e-04	
       929.769	     4.06312e-04	
       929.827	     4.07125e-04	
       929.883	     4.07914e-04	
       929.910	     4.08294e-04	
       929.939	     4.08702e-04	
       929.954	     4.08913e-04	
       929.968	     4.09111e-04	
       929.982	     4.09309e-04	
       929.996	     4.09507e-04	
       930.010	     4.09705e-04	
       930.024	     4.09902e-04	
       930.038	     4.10100e-04	
       930.052	     4.10298e-04	
       930.081	     4.10710e-04	
       930.137	     4.11502e-04	
       930.201	     4.12413e-04	
       930.247	     4.13066e-04	
       930.249	     4.13094e-04	
       930.251	     4.13123e-04	
       930.301	     4.13836e-04	
       930.326	     4.14178e-04	
       930.329	     4.14222e-04	
       930.402	     4.15262e-04	
       930.478	     4.16343e-04	
       930.630	     4.18448e-04	
       930.931	     4.22271e-04	
       931.229	     4.25855e-04	
       931.490	     4.29041e-04	
       931.534	     4.29594e-04	
       931.838	     4.33433e-04	
       932.447	     4.40784e-04	
       933.265	     4.52267e-04	
       933.403	     4.54365e-04	
       933.432	     4.54799e-04	
       933.542	     4.56511e-04	
       933.652	     4.58245e-04	
       933.872	     4.61748e-04	
       933.973	     4.63401e-04	
       934.073	     4.65063e-04	
       934.312	     4.69140e-04	
       934.316	     4.69209e-04	
       934.652	     4.75100e-04	
       935.230	     4.85989e-04	
       935.688	     4.95322e-04	
       936.144	     5.04747e-04	
       936.372	     5.09192e-04	
       936.601	     5.13292e-04	
       936.714	     5.15271e-04	
       936.829	     5.17288e-04	
       936.887	     5.18306e-04	
       936.944	     5.19312e-04	
       936.973	     5.19824e-04	
       937.001	     5.20317e-04	
       937.015	     5.20565e-04	
       937.029	     5.20813e-04	
       937.043	     5.21058e-04	
       937.058	     5.21325e-04	
       937.072	     5.21573e-04	
       937.086	     5.21822e-04	
       937.101	     5.22086e-04	
       937.115	     5.22334e-04	
       937.143	     5.22830e-04	
       937.200	     5.23842e-04	
       937.314	     5.25874e-04	
       937.493	     5.29076e-04	
       937.542	     5.29952e-04	
       937.593	     5.30860e-04	
       937.694	     5.32610e-04	
       937.788	     5.34193e-04	
       937.894	     5.35909e-04	
       938.000	     5.37517e-04	
       938.212	     5.40602e-04	
       938.359	     5.42613e-04	
       938.556	     5.45355e-04	
       938.636	     5.46493e-04	
       938.914	     5.50454e-04	
       939.271	     5.55961e-04	
       939.986	     5.68110e-04	
       940.580	     5.79247e-04	
       940.660	     5.80767e-04	
       940.675	     5.81053e-04	
       940.700	     5.81531e-04	
       940.740	     5.82291e-04	
       940.787	     5.83193e-04	
       940.901	     5.85386e-04	
       941.221	     5.91763e-04	
       941.861	     6.04757e-04	
       943.048	     6.29701e-04	
       943.457	     6.38485e-04	
       944.382	     6.58318e-04	
       945.308	     6.78826e-04	
       946.233	     7.01087e-04	
       947.158	     7.26490e-04	
       947.621	     7.40188e-04	
       948.083	     7.53649e-04	
       948.314	     7.59841e-04	
       948.546	     7.65748e-04	
       948.661	     7.68666e-04	
       948.777	     7.71616e-04	
       948.835	     7.73099e-04	
       948.893	     7.74582e-04	
       948.922	     7.75323e-04	
       948.951	     7.76064e-04	
       948.966	     7.76451e-04	
       948.980	     7.76809e-04	
       948.994	     7.77170e-04	
       949.009	     7.77554e-04	
       949.023	     7.77915e-04	
       949.037	     7.78273e-04	
       949.052	     7.78659e-04	
       949.066	     7.79021e-04	
       949.095	     7.79765e-04	
       949.153	     7.81261e-04	
       949.230	     7.83249e-04	
       949.258	     7.83972e-04	
       949.269	     7.84258e-04	
       949.280	     7.84544e-04	
       949.330	     7.85838e-04	
       949.360	     7.86617e-04	
       949.430	     7.88436e-04	
       949.500	     7.90258e-04	
       949.640	     7.93896e-04	
       949.795	     7.97804e-04	
       949.879	     7.99856e-04	
       949.921	     8.00871e-04	
       949.963	     8.01873e-04	
       950.047	     8.03817e-04	
       950.131	     8.05661e-04	
       950.467	     8.12793e-04	
       950.718	     8.18024e-04	
       950.888	     8.21542e-04	
       951.224	     8.28878e-04	
       951.728	     8.40577e-04	
       952.234	     8.53536e-04	
       952.738	     8.67460e-04	
       953.502	     8.90010e-04	
       953.748	     8.97751e-04	
       954.758	     9.29801e-04	
       956.014	     9.71604e-04	
       957.270	     1.01495e-03	
       957.764	     1.03289e-03	
       958.148	     1.04690e-03	
       958.526	     1.06027e-03	
       959.289	     1.08816e-03	
       960.430	     1.13033e-03	
       961.192	     1.15857e-03	
       962.712	     1.21856e-03	
       964.231	     1.27960e-03	
       965.750	     1.34362e-03	
       966.507	     1.37701e-03	
       966.767	     1.38843e-03	
       967.269	     1.41064e-03	
       968.032	     1.44484e-03	
       968.668	     1.47390e-03	
       968.979	     1.48833e-03	
       969.297	     1.50324e-03	
       969.927	     1.53319e-03	
       970.401	     1.55630e-03	
       970.638	     1.56811e-03	
       970.874	     1.57954e-03	
       971.110	     1.58980e-03	
       971.229	     1.59278e-03	
       971.348	     1.59462e-03	
       971.467	     1.59354e-03	
       971.585	     1.58966e-03	
       971.644	     1.59343e-03	
       971.703	     1.60461e-03	
       971.732	     1.61127e-03	
       971.762	     1.61608e-03	
       971.778	     1.61735e-03	
       971.792	     1.61811e-03	
       971.806	     1.61882e-03	
       971.821	     1.61959e-03	
       971.827	     1.61989e-03	
       971.833	     1.62020e-03	
       971.836	     1.62035e-03	
       971.839	     1.62050e-03	
       971.851	     1.62111e-03	
       971.866	     1.62188e-03	
       971.880	     1.62259e-03	
       971.910	     1.62387e-03	
       971.969	     1.61925e-03	
       972.037	     1.61300e-03	
       972.087	     1.61490e-03	
       972.137	     1.62123e-03	
       972.150	     1.62219e-03	
       972.237	     1.63424e-03	
       972.324	     1.64410e-03	
       972.499	     1.65873e-03	
       972.548	     1.66292e-03	
       972.673	     1.66940e-03	
       972.798	     1.67783e-03	
       972.851	     1.68053e-03	
       973.048	     1.69037e-03	
       973.298	     1.70315e-03	
       973.640	     1.72106e-03	
       973.746	     1.72662e-03	
       974.640	     1.77477e-03	
       975.640	     1.83261e-03	
       976.640	     1.88993e-03	
       977.974	     1.96878e-03	
       978.639	     2.00923e-03	
       979.305	     2.05046e-03	
       980.636	     2.13524e-03	
       981.967	     2.22334e-03	
       982.672	     2.27143e-03	
       983.298	     2.31488e-03	
       983.730	     2.34537e-03	
       983.923	     2.35911e-03	
       985.174	     2.44994e-03	
       985.271	     2.45713e-03	
       986.618	     2.55901e-03	
       987.965	     2.66486e-03	
       989.312	     2.77568e-03	
       990.133	     2.84599e-03	
       990.659	     2.89157e-03	
       992.006	     3.01082e-03	
       993.880	     3.18385e-03	
       995.753	     3.36600e-03	
       996.806	     3.47253e-03	
       997.574	     3.55223e-03	
       997.626	     3.55770e-03	
       997.806	     3.57664e-03	
       998.447	     3.64481e-03	
       999.319	     3.73963e-03	
       999.435	     3.75241e-03	
      1001.064	     3.93616e-03	
      1002.694	     4.12824e-03	
      1004.323	     4.32908e-03	
      1005.836	     4.52374e-03	
      1005.952	     4.53900e-03	
      1007.581	     4.75838e-03	
      1009.326	     5.00434e-03	
      1011.071	     5.26232e-03	
      1011.303	     5.29757e-03	
      1012.816	     5.53275e-03	
      1014.329	     5.77761e-03	
      1015.378	     5.95310e-03	
      1015.842	     6.03227e-03	
      1017.355	     6.29742e-03	
      1017.620	     6.34451e-03	
      1019.332	     6.65980e-03	
      1021.044	     6.99117e-03	
      1022.470	     7.28284e-03	
      1022.756	     7.34369e-03	
      1023.043	     7.40074e-03	
      1023.189	     7.43028e-03	
      1023.542	     7.51441e-03	
      1023.615	     7.53260e-03	
      1024.041	     7.63021e-03	
      1024.290	     7.68490e-03	
      1024.415	     7.70158e-03	
      1024.540	     7.71060e-03	
      1024.666	     7.69781e-03	
      1024.791	     7.68933e-03	
      1024.852	     7.70793e-03	
      1024.915	     7.75964e-03	
      1024.947	     7.78955e-03	
      1024.978	     7.80962e-03	
      1024.993	     7.81499e-03	
      1025.009	     7.81892e-03	
      1025.025	     7.82244e-03	
      1025.040	     7.82571e-03	
      1025.056	     7.82923e-03	
      1025.072	     7.83271e-03	
      1025.087	     7.83601e-03	
      1025.103	     7.83950e-03	
      1025.134	     7.84613e-03	
      1025.196	     7.83645e-03	
      1025.271	     7.80259e-03	
      1025.320	     7.80218e-03	
      1025.371	     7.82096e-03	
      1025.471	     7.87393e-03	
      1025.521	     7.90365e-03	
      1025.571	     7.93368e-03	
      1025.621	     7.95907e-03	
      1025.721	     7.98766e-03	
      1025.821	     8.02118e-03	
      1025.874	     8.03170e-03	
      1025.972	     8.05944e-03	
      1026.021	     8.06786e-03	
      1026.070	     8.07628e-03	
      1026.248	     8.10814e-03	
      1026.266	     8.11144e-03	
      1026.659	     8.19594e-03	
      1027.069	     8.27951e-03	
      1027.889	     8.47140e-03	
      1028.353	     8.57840e-03	
      1028.710	     8.66250e-03	
      1028.796	     8.68289e-03	
      1029.067	     8.74761e-03	
      1029.338	     8.81289e-03	
      1029.881	     8.94518e-03	
      1030.965	     9.21596e-03	
      1033.082	     9.76825e-03	
      1033.135	     9.78223e-03	
      1033.187	     9.79621e-03	
      1033.230	     9.80777e-03	
      1033.291	     9.82423e-03	
      1033.499	     9.88050e-03	
      1033.915	     9.99397e-03	
      1034.747	     1.02245e-02	
      1036.265	     1.06576e-02	
      1037.783	     1.11076e-02	
      1039.172	     1.15349e-02	
      1039.258	     1.15618e-02	
      1039.301	     1.15753e-02	
      1039.344	     1.15888e-02	
      1039.504	     1.16393e-02	
      1039.516	     1.16432e-02	
      1039.860	     1.17525e-02	
      1040.549	     1.19740e-02	
      1041.925	     1.24287e-02	
      1044.347	     1.32674e-02	
      1046.768	     1.41582e-02	
      1049.029	     1.50396e-02	
      1049.189	     1.51038e-02	
      1049.349	     1.51684e-02	
      1049.670	     1.52980e-02	
      1050.310	     1.55604e-02	
      1051.591	     1.60976e-02	
      1053.952	     1.71332e-02	
      1054.152	     1.72237e-02	
      1054.352	     1.73147e-02	
      1054.752	     1.74980e-02	
      1054.952	     1.75903e-02	
      1055.553	     1.78699e-02	
      1057.153	     1.86357e-02	
      1059.355	     1.97382e-02	
      1061.556	     2.09025e-02	
      1063.156	     2.17887e-02	
      1063.757	     2.21298e-02	
      1064.357	     2.24759e-02	
      1065.558	     2.31831e-02	
      1066.558	     2.37880e-02	
      1067.959	     2.46593e-02	
      1069.359	     2.55598e-02	
      1069.960	     2.59540e-02	
      1072.161	     2.74478e-02	
      1074.362	     2.90203e-02	
      1076.563	     3.06754e-02	
      1078.163	     3.19330e-02	
      1078.687	     3.23546e-02	
      1078.764	     3.24168e-02	
      1078.980	     3.25928e-02	
      1079.364	     3.29072e-02	
      1080.565	     3.39107e-02	
      1080.712	     3.40351e-02	
      1082.442	     3.55364e-02	
      1084.173	     3.70981e-02	
      1085.905	     3.87226e-02	
      1087.637	     4.04116e-02	
      1089.318	     4.21162e-02	
      1089.367	     4.21668e-02	
      1089.418	     4.22195e-02	
      1089.518	     4.23229e-02	
      1089.718	     4.25309e-02	
      1090.119	     4.29490e-02	
      1090.669	     4.35305e-02	
      1090.919	     4.37973e-02	
      1092.520	     4.55390e-02	
      1094.370	     4.76313e-02	
      1096.221	     4.98100e-02	
      1096.771	     5.04744e-02	
      1098.072	     5.20769e-02	
      1099.372	     5.37231e-02	
      1099.573	     5.39788e-02	
      1101.974	     5.71672e-02	
      1104.374	     6.05416e-02	
      1106.775	     6.40973e-02	
      1108.976	     6.75235e-02	
      1109.176	     6.78433e-02	
      1109.376	     6.81641e-02	
      1109.777	     6.88084e-02	
      1109.977	     6.91323e-02	
      1110.577	     7.01131e-02	
      1112.177	     7.27910e-02	
      1114.378	     7.66266e-02	
      1116.579	     8.06459e-02	
      1118.180	     8.36895e-02	
      1118.684	     8.46700e-02	
      1118.780	     8.48579e-02	
      1119.380	     8.60410e-02	
      1120.076	     8.74321e-02	
      1121.469	     9.02768e-02	
      1123.778	     9.51802e-02	
      1124.254	     9.62226e-02	
      1124.730	     9.72772e-02	
      1125.682	     9.94185e-02	
      1125.790	     9.96642e-02	
      1127.075	     1.02627e-01	
      1127.587	     1.03831e-01	
      1129.384	     1.08156e-01	
      1131.692	     1.13955e-01	
      1132.463	     1.15952e-01	
      1134.001	     1.20038e-01	
      1135.540	     1.24256e-01	
      1137.846	     1.30838e-01	
      1138.617	     1.33106e-01	
      1139.387	     1.35411e-01	
      1140.927	     1.40132e-01	
      1143.628	     1.48777e-01	
      1143.948	     1.49834e-01	
      1144.008	     1.50033e-01	
      1144.388	     1.51299e-01	
      1145.149	     1.53860e-01	
      1146.669	     1.59106e-01	
      1149.390	     1.68909e-01	
      1149.830	     1.70547e-01	
      1152.111	     1.79207e-01	
      1154.391	     1.88185e-01	
      1156.672	     1.97735e-01	
      1158.513	     2.05758e-01	
      1158.953	     2.07713e-01	
      1159.393	     2.09678e-01	
      1159.673	     2.10933e-01	
      1160.273	     2.13600e-01	
      1162.034	     2.21589e-01	
      1164.394	     2.32547e-01	
      1166.755	     2.44234e-01	
      1168.835	     2.54518e-01	
      1169.115	     2.55764e-01	
      1169.395	     2.57107e-01	
      1169.956	     2.60029e-01	
      1171.076	     2.65828e-01	
      1172.236	     2.71791e-01	
      1173.317	     2.77530e-01	
      1174.397	     2.83450e-01	
      1176.557	     2.96009e-01	
      1178.038	     3.05241e-01	
      1178.718	     3.09594e-01	
      1179.398	     3.14055e-01	
      1180.580	     3.21979e-01	
      1180.758	     3.23201e-01	
      1180.936	     3.24429e-01	
      1181.293	     3.26892e-01	
      1181.690	     3.29654e-01	
      1182.005	     3.31846e-01	
      1183.429	     3.41918e-01	
      1185.168	     3.54551e-01	
      1187.894	     3.74996e-01	
      1188.647	     3.80811e-01	
      1189.400	     3.86708e-01	
      1190.907	     3.98762e-01	
      1193.437	     4.19846e-01	
      1193.919	     4.23967e-01	
      1194.402	     4.28124e-01	
      1195.186	     4.34960e-01	
      1195.366	     4.36543e-01	
      1197.294	     4.53812e-01	
      1199.403	     4.73350e-01	
      1201.511	     4.93720e-01	
      1202.835	     5.07018e-01	
      1203.620	     5.15108e-01	
      1204.404	     5.23339e-01	
      1205.972	     5.40099e-01	
      1208.813	     5.71484e-01	
      1209.109	     5.74830e-01	
      1209.405	     5.78194e-01	
      1209.669	     5.81201e-01	
      1209.997	     5.84952e-01	
      1210.325	     5.88712e-01	
      1210.981	     5.96290e-01	
      1211.894	     6.06959e-01	
      1212.293	     6.11659e-01	
      1212.691	     6.16390e-01	
      1213.102	     6.21294e-01	
      1213.283	     6.23471e-01	
      1213.489	     6.25953e-01	
      1213.875	     6.30640e-01	
      1214.171	     6.34253e-01	
      1214.467	     6.37885e-01	
      1214.615	     6.39707e-01	
      1214.763	     6.41532e-01	
      1214.837	     6.42449e-01	
      1214.911	     6.43364e-01	
      1214.948	     6.43822e-01	
      1214.985	     6.44284e-01	
      1215.004	     6.44520e-01	
      1215.022	     6.44743e-01	
      1215.040	     6.44966e-01	
      1215.059	     6.45201e-01	
      1215.077	     6.45425e-01	
      1215.095	     6.45651e-01	
      1215.114	     6.45886e-01	
      1215.132	     6.46109e-01	
      1215.169	     6.46571e-01	
      1215.243	     6.47492e-01	
      1215.391	     6.49339e-01	
      1215.637	     6.52421e-01	
      1215.687	     6.53049e-01	
      1215.737	     6.53677e-01	
      1215.795	     6.54406e-01	
      1215.837	     6.54934e-01	
      1216.037	     6.57460e-01	
      1216.064	     6.57799e-01	
      1216.279	     6.60523e-01	
      1216.763	     6.66693e-01	
      1217.462	     6.75694e-01	
      1218.315	     6.86815e-01	
      1218.861	     6.94025e-01	
      1218.985	     6.95671e-01	
      1219.407	     7.01282e-01	
      1219.829	     7.06909e-01	
      1220.104	     7.10578e-01	
      1220.673	     7.18156e-01	
      1222.361	     7.40602e-01	
      1224.619	     7.71182e-01	
      1226.876	     8.03098e-01	
      1228.858	     8.32519e-01	
      1229.134	     8.36697e-01	
      1229.409	     8.40901e-01	
      1229.740	     8.46015e-01	
      1229.959	     8.49421e-01	
      1230.178	     8.52851e-01	
      1230.616	     8.59766e-01	
      1231.492	     8.73781e-01	
      1231.694	     8.77048e-01	
      1233.244	     9.02432e-01	
      1234.794	     9.28539e-01	
      1236.380	     9.56018e-01	
      1237.895	     9.83033e-01	
      1239.410	     1.01077e+00	
      1240.470	     1.03037e+00	
      1242.441	     1.06817e+00	
      1244.411	     1.10728e+00	
      1247.291	     1.16697e+00	
      1248.352	     1.18966e+00	
      1248.652	     1.19615e+00	
      1249.412	     1.21274e+00	
      1251.532	     1.26011e+00	
      1251.912	     1.26878e+00	
      1254.413	     1.32711e+00	
      1256.913	     1.38775e+00	
      1259.413	     1.45078e+00	
      1261.914	     1.51656e+00	
      1264.414	     1.58518e+00	
      1266.914	     1.65725e+00	
      1269.415	     1.73236e+00	
      1271.915	     1.81040e+00	
      1274.415	     1.89298e+00	
      1276.915	     1.97748e+00	
      1279.416	     2.06745e+00	
      1281.916	     2.15904e+00	
      1284.416	     2.25609e+00	
      1286.917	     2.35490e+00	
      1289.417	     2.45737e+00	
      1291.917	     2.56352e+00	
      1294.417	     2.67380e+00	
      1296.918	     2.78864e+00	
      1299.418	     2.90930e+00	
      1301.918	     3.03397e+00	
      1304.418	     3.16248e+00	
      1306.919	     3.29541e+00	
      1309.419	     3.43326e+00	
      1311.919	     3.57604e+00	
      1314.419	     3.72411e+00	
      1316.919	     3.87760e+00	
      1319.420	     4.03786e+00	
      1321.920	     4.20439e+00	
      1324.420	     4.37636e+00	
      1326.920	     4.55462e+00	
      1329.420	     4.73878e+00	
      1331.920	     4.92913e+00	
      1334.421	     5.12611e+00	
      1336.921	     5.33012e+00	
      1339.421	     5.54124e+00	
      1341.921	     5.75976e+00	
      1344.421	     5.98593e+00	
      1346.921	     6.22029e+00	
      1349.421	     6.46285e+00	
      1351.921	     6.71383e+00	
      1354.422	     6.97342e+00	
      1356.922	     7.24191e+00	
      1359.422	     7.51956e+00	
      1364.422	     8.10264e+00	
      1365.191	     8.19572e+00	
      1369.422	     8.72511e+00	
      1373.653	     9.28488e+00	
      1376.346	     9.65804e+00	
      1377.884	     9.87707e+00	
      1379.422	     1.01005e+01	
      1380.574	     1.02707e+01	
      1382.499	     1.05607e+01	
      1384.423	     1.08580e+01	
      1387.119	     1.12871e+01	
      1388.271	     1.14750e+01	
      1389.031	     1.16005e+01	
      1389.423	     1.16657e+01	
      1391.727	     1.20555e+01	
      1394.423	     1.25259e+01	
      1399.423	     1.34406e+01	
      1404.423	     1.44140e+01	
      1409.423	     1.54495e+01	
      1414.423	     1.65513e+01	
      1419.423	     1.77233e+01	
      1424.423	     1.89672e+01	
      1429.423	     2.02934e+01	
      1434.423	     2.16853e+01	
      1439.423	     2.31669e+01	
      1444.422	     2.47359e+01	
      1449.422	     2.63995e+01	
      1454.422	     2.81635e+01	
      1459.422	     3.00309e+01	
      1464.422	     3.20078e+01	
      1465.960	     3.26386e+01	
      1469.422	     3.40985e+01	
      1472.884	     3.56247e+01	
      1473.268	     3.57931e+01	
      1474.422	     3.63052e+01	
      1476.345	     3.71855e+01	
      1479.421	     3.86315e+01	
      1484.421	     4.10861e+01	
      1489.421	     4.36747e+01	
      1494.421	     4.63988e+01	
      1499.420	     4.92313e+01	
      1504.420	     5.22645e+01	
      1509.420	     5.54642e+01	
      1514.420	     5.88357e+01	
      1519.419	     6.24247e+01	
      1524.419	     6.61930e+01	
      1529.419	     7.01364e+01	
      1534.418	     7.42748e+01	
      1539.418	     7.86143e+01	
      1544.418	     8.31690e+01	
      1549.417	     8.79476e+01	
      1554.417	     9.29481e+01	
      1559.417	     9.80899e+01	
      1564.416	     1.03421e+02	
      1566.724	     1.06020e+02	
      1569.416	     1.09129e+02	
      1570.186	     1.10032e+02	
      1572.107	     1.12300e+02	
      1574.800	     1.15506e+02	
      1579.415	     1.21328e+02	
      1583.644	     1.26840e+02	
      1584.029	     1.27344e+02	
      1584.034	     1.27350e+02	
      1584.414	     1.27844e+02	
      1585.184	     1.28856e+02	
      1586.724	     1.30959e+02	
      1589.414	     1.34703e+02	
      1594.413	     1.41909e+02	
      1599.413	     1.49465e+02	
      1604.413	     1.57367e+02	
      1609.412	     1.65702e+02	
      1614.412	     1.74433e+02	
      1619.411	     1.83740e+02	
      1624.410	     1.93507e+02	
      1629.410	     2.03826e+02	
      1634.409	     2.14506e+02	
      1639.409	     2.25626e+02	
      1644.408	     2.36984e+02	
      1649.408	     2.48657e+02	
      1654.407	     2.60502e+02	
      1659.407	     2.72749e+02	
      1664.406	     2.85308e+02	
      1665.560	     2.88288e+02	
      1669.405	     2.98473e+02	
      1670.174	     3.00554e+02	
      1673.251	     3.09011e+02	
      1674.405	     3.12256e+02	
      1676.328	     3.17734e+02	
      1679.404	     3.26974e+02	
      1684.404	     3.42094e+02	
      1689.403	     3.57893e+02	
      1694.402	     3.74500e+02	
      1699.402	     3.91929e+02	
      1704.401	     4.10110e+02	
      1709.400	     4.29113e+02	
      1714.400	     4.48937e+02	
      1719.399	     4.69517e+02	
      1724.398	     4.90930e+02	
      1729.398	     5.13211e+02	
      1734.397	     5.36342e+02	
      1739.396	     5.60275e+02	
      1744.396	     5.85118e+02	
      1749.395	     6.10691e+02	
      1754.394	     6.37165e+02	
      1759.393	     6.64554e+02	
      1764.393	     6.92929e+02	
      1767.084	     7.08627e+02	
      1767.854	     7.13173e+02	
      1769.392	     7.22324e+02	
      1771.700	     7.36270e+02	
      1774.391	     7.52861e+02	
      1775.545	     7.60071e+02	
      1779.391	     7.84525e+02	
      1784.390	     8.17518e+02	
      1789.389	     8.51717e+02	
      1794.388	     8.86941e+02	
      1799.387	     9.23374e+02	
      1804.387	     9.60944e+02	
      1809.386	     9.99793e+02	
      1814.385	     1.03998e+03	
      1819.384	     1.08152e+03	
      1823.999	     1.12101e+03	
      1829.383	     1.16865e+03	
      1834.767	     1.21797e+03	
      1840.151	     1.26891e+03	
      1845.535	     1.32165e+03	
      1850.919	     1.37639e+03	
      1856.303	     1.43344e+03	
      1861.687	     1.49219e+03	
      1863.998	     1.51786e+03	
      1867.072	     1.55259e+03	
      1870.145	     1.58797e+03	
      1876.292	     1.66120e+03	
      1882.439	     1.73716e+03	
      1888.586	     1.81600e+03	
      1894.733	     1.89788e+03	
      1900.880	     1.98292e+03	
      1906.980	     2.07049e+03	
      1907.027	     2.07117e+03	
      1913.174	     2.16269e+03	
      1919.368	     2.25831e+03	
      1925.561	     2.35672e+03	
      1931.755	     2.45914e+03	
      1937.949	     2.56763e+03	
      1944.143	     2.67733e+03	
      1944.472	     2.68325e+03	
      1950.337	     2.79356e+03	
      1956.531	     2.91100e+03	
      1962.560	     3.02920e+03	
      1968.590	     3.15136e+03	
      1974.620	     3.27753e+03	
      1980.648	     3.40784e+03	
      1986.678	     3.54243e+03	
      1992.707	     3.68141e+03	
      2004.766	     3.97311e+03	
      2015.838	     4.25761e+03	
      2016.825	     4.28378e+03	
      2017.811	     4.31005e+03	
      2019.785	     4.36323e+03	
      2023.732	     4.47250e+03	
      2031.627	     4.69630e+03	
      2039.521	     4.92545e+03	
      2047.416	     5.16358e+03	
      2055.310	     5.41102e+03	
      2059.377	     5.54224e+03	
      2063.205	     5.66797e+03	
      2067.032	     5.79592e+03	
      2074.686	     6.06029e+03	
      2082.341	     6.33436e+03	
      2089.995	     6.61846e+03	
      2094.355	     6.78490e+03	
      2097.650	     6.91285e+03	
      2105.304	     7.21775e+03	
      2116.253	     7.67290e+03	
      2127.202	     8.15184e+03	
      2132.725	     8.40486e+03	
      2138.151	     8.66106e+03	
      2140.912	     8.79238e+03	
      2149.099	     9.18790e+03	
      2157.287	     9.59744e+03	
      2165.474	     1.00215e+04	
      2173.661	     1.04597e+04	
      2181.848	     1.09131e+04	
      2190.036	     1.13822e+04	
      2198.223	     1.18669e+04	
      2206.410	     1.23680e+04	
      2214.501	     1.28797e+04	
      2214.598	     1.28859e+04	
      2214.695	     1.28921e+04	
      2214.888	     1.29046e+04	
      2215.276	     1.29294e+04	
      2216.052	     1.29793e+04	
      2217.604	     1.30795e+04	
      2220.707	     1.32811e+04	
      2226.914	     1.36916e+04	
      2239.327	     1.45422e+04	
      2239.567	     1.45591e+04	
      2251.741	     1.54322e+04	
      2263.914	     1.63505e+04	
      2276.087	     1.73390e+04	
      2288.261	     1.83607e+04	
      2300.434	     1.94280e+04	
      2312.080	     2.04987e+04	
      2312.607	     2.05482e+04	
      2313.134	     2.05979e+04	
      2314.188	     2.06951e+04	
      2316.295	     2.08905e+04	
      2320.509	     2.12855e+04	
      2328.937	     2.20926e+04	
      2329.230	     2.21211e+04	
      2345.792	     2.37957e+04	
      2362.354	     2.55729e+04	
      2378.917	     2.74727e+04	
      2381.685	     2.78010e+04	
      2395.479	     2.94923e+04	
      2409.274	     3.12930e+04	
      2423.069	     3.32013e+04	
      2436.863	     3.52502e+04	
      2445.120	     3.65276e+04	
      2450.657	     3.74082e+04	
      2451.595	     3.75593e+04	
      2456.194	     3.83092e+04	
      2460.793	     3.91194e+04	
      2469.991	     4.07769e+04	
      2479.189	     4.25221e+04	
      2488.387	     4.43609e+04	
      2497.585	     4.63467e+04	
      2503.552	     4.76878e+04	
      2506.782	     4.84320e+04	
      2510.013	     4.91901e+04	
      2516.473	     5.07198e+04	
      2529.394	     5.39876e+04	
      2535.855	     5.56957e+04	
      2542.315	     5.74541e+04	
      2548.776	     5.93089e+04	
      2551.240	     6.00289e+04	
      2555.236	     6.12095e+04	
      2559.232	     6.24071e+04	
      2567.224	     6.50363e+04	
      2575.216	     6.77660e+04	
      2583.209	     7.06183e+04	
      2591.201	     7.36769e+04	
      2599.193	     7.68320e+04	
      2607.185	     8.01401e+04	
      2615.177	     8.35271e+04	
      2623.169	     8.70991e+04	
      2631.161	     9.07939e+04	
      2639.153	     9.46009e+04	
      2652.605	     1.01265e+05	
      2655.138	     1.02556e+05	
      2657.670	     1.03860e+05	
      2662.735	     1.06152e+05	
      2667.800	     1.08470e+05	
      2677.929	     1.13186e+05	
      2688.059	     1.18071e+05	
      2698.188	     1.23106e+05	
      2718.447	     1.33494e+05	
      2721.305	     1.34992e+05	
      2738.707	     1.44313e+05	
      2747.407	     1.49108e+05	
      2756.108	     1.53998e+05	
      2764.809	     1.59208e+05	
      2773.510	     1.64600e+05	
      2782.211	     1.70122e+05	
      2799.613	     1.81500e+05	
      2814.286	     1.91451e+05	
      2817.015	     1.93339e+05	
      2834.416	     2.05670e+05	
      2844.481	     2.13030e+05	
      2854.546	     2.20544e+05	
      2864.612	     2.28808e+05	
      2874.676	     2.37298e+05	
      2894.806	     2.55002e+05	
      2914.937	     2.73957e+05	
      2917.150	     2.76099e+05	
      2935.067	     2.93859e+05	
      2952.983	     3.12387e+05	
      2970.900	     3.30876e+05	
      2988.816	     3.50124e+05	
      3006.733	     3.70240e+05	
      3024.649	     3.91229e+05	
      3033.711	     4.02133e+05	
      3042.566	     4.12975e+05	
      3051.421	     4.23999e+05	
      3060.275	     4.36553e+05	
      3069.130	     4.49351e+05	
      3086.840	     4.75684e+05	
      3094.661	     4.87632e+05	
      3104.549	     5.03026e+05	
      3122.259	     5.31372e+05	
      3136.058	     5.54183e+05	
      3142.958	     5.65842e+05	
      3149.857	     5.77673e+05	
      3156.756	     5.90981e+05	
      3163.655	     6.04596e+05	
      3170.556	     6.18423e+05	
      3177.455	     6.32450e+05	
      3184.354	     6.46678e+05	
      3198.154	     6.75738e+05	
      3203.208	     6.86592e+05	
      3225.752	     7.36292e+05	
      3237.023	     7.61987e+05	
      3242.658	     7.75040e+05	
      3248.294	     7.88226e+05	
      3253.930	     7.98398e+05	
      3259.565	     8.08643e+05	
      3262.570	     8.14137e+05	
      3265.201	     8.18963e+05	
      3270.836	     8.29355e+05	
      3282.107	     8.50360e+05	
      3283.610	     8.53181e+05	
      3304.651	     8.93262e+05	
      3325.690	     9.34596e+05	
      3346.730	     9.76866e+05	
      3367.770	     1.02124e+06	
      3388.809	     1.06657e+06	
      3416.611	     1.12787e+06	
      3430.889	     1.15995e+06	
      3445.167	     1.19244e+06	
      3473.722	     1.25860e+06	
      3518.063	     1.36423e+06	
      3530.833	     1.39527e+06	
      3543.602	     1.42658e+06	
      3547.001	     1.43500e+06	
      3569.142	     1.49030e+06	
      3591.283	     1.54634e+06	
      3632.168	     1.65207e+06	
      3635.566	     1.66096e+06	
      3635.884	     1.66179e+06	
      3638.963	     1.66986e+06	
      3642.042	     1.67810e+06	
      3643.122	     1.68099e+06	
      3645.121	     1.68635e+06	
      3645.281	     1.68678e+06	
      3647.121	     1.69171e+06	
      3648.960	     1.69665e+06	
      3651.320	     1.70298e+06	
      3652.639	     1.70652e+06	
      3653.959	     1.71007e+06	
      3654.239	     1.71082e+06	
      3656.598	     1.71716e+06	
      3658.958	     1.72350e+06	
      3663.397	     1.73544e+06	
      3663.676	     1.73619e+06	
      3663.956	     1.73695e+06	
      3664.516	     1.73845e+06	
      3665.636	     1.74147e+06	
      3666.796	     1.74459e+06	
      3667.875	     1.74750e+06	
      3668.275	     1.74857e+06	
      3668.955	     1.75040e+06	
      3671.115	     1.75622e+06	
      3673.954	     1.76387e+06	
      3675.202	     1.76723e+06	
      3678.952	     1.77734e+06	
      3682.583	     1.78714e+06	
      3682.703	     1.78746e+06	
      3682.822	     1.78778e+06	
      3683.062	     1.78843e+06	
      3683.178	     1.78874e+06	
      3683.542	     1.78972e+06	
      3684.502	     1.79232e+06	
      3684.819	     1.79317e+06	
      3685.826	     1.79589e+06	
      3686.832	     1.79861e+06	
      3688.742	     1.80376e+06	
      3688.846	     1.80404e+06	
      3688.939	     1.80430e+06	
      3688.950	     1.80433e+06	
      3689.158	     1.80489e+06	
      3689.377	     1.80548e+06	
      3689.730	     1.80643e+06	
      3689.815	     1.80666e+06	
      3689.900	     1.80689e+06	
      3690.070	     1.80735e+06	
      3690.410	     1.80827e+06	
      3690.624	     1.80885e+06	
      3691.089	     1.81010e+06	
      3691.469	     1.81113e+06	
      3691.554	     1.81136e+06	
      3691.700	     1.81175e+06	
      3692.484	     1.81387e+06	
      3693.499	     1.81661e+06	
      3694.397	     1.81904e+06	
      3695.297	     1.82147e+06	
      3695.808	     1.82286e+06	
      3696.197	     1.82391e+06	
      3696.525	     1.82479e+06	
      3696.586	     1.82496e+06	
      3696.647	     1.82512e+06	
      3696.666	     1.82517e+06	
      3696.759	     1.82543e+06	
      3696.769	     1.82545e+06	
      3696.872	     1.82573e+06	
      3696.929	     1.82588e+06	
      3696.985	     1.82604e+06	
      3697.041	     1.82619e+06	
      3697.097	     1.82634e+06	
      3697.153	     1.82649e+06	
      3697.209	     1.82664e+06	
      3697.265	     1.82679e+06	
      3697.322	     1.82695e+06	
      3697.347	     1.82702e+06	
      3697.405	     1.82717e+06	
      3697.434	     1.82725e+06	
      3697.463	     1.82733e+06	
      3697.499	     1.82742e+06	
      3697.529	     1.82751e+06	
      3697.579	     1.82764e+06	
      3697.659	     1.82786e+06	
      3697.819	     1.82829e+06	
      3698.109	     1.82907e+06	
      3698.429	     1.82994e+06	
      3698.688	     1.83064e+06	
      3698.886	     1.83117e+06	
      3698.947	     1.83134e+06	
      3699.008	     1.83150e+06	
      3699.130	     1.83183e+06	
      3699.374	     1.83249e+06	
      3699.533	     1.83292e+06	
      3699.862	     1.83381e+06	
      3699.879	     1.83386e+06	
      3700.191	     1.83470e+06	
      3700.198	     1.83472e+06	
      3700.503	     1.83554e+06	
      3700.808	     1.83637e+06	
      3700.842	     1.83646e+06	
      3701.092	     1.83713e+06	
      3701.418	     1.83802e+06	
      3701.994	     1.83957e+06	
      3702.444	     1.84079e+06	
      3702.895	     1.84201e+06	
      3703.121	     1.84262e+06	
      3703.346	     1.84323e+06	
      3703.458	     1.84353e+06	
      3703.571	     1.84384e+06	
      3703.628	     1.84399e+06	
      3703.684	     1.84414e+06	
      3703.740	     1.84429e+06	
      3703.797	     1.84445e+06	
      3703.853	     1.84460e+06	
      3703.909	     1.84475e+06	
      3703.966	     1.84490e+06	
      3704.022	     1.84505e+06	
      3704.085	     1.84523e+06	
      3704.134	     1.84536e+06	
      3704.185	     1.84550e+06	
      3704.210	     1.84556e+06	
      3704.222	     1.84559e+06	
      3704.285	     1.84577e+06	
      3704.314	     1.84585e+06	
      3704.360	     1.84597e+06	
      3704.406	     1.84609e+06	
      3704.491	     1.84632e+06	
      3704.567	     1.84653e+06	
      3704.590	     1.84659e+06	
      3704.689	     1.84686e+06	
      3704.811	     1.84719e+06	
      3705.055	     1.84785e+06	
      3705.373	     1.84871e+06	
      3705.543	     1.84917e+06	
      3705.713	     1.84963e+06	
      3706.052	     1.85055e+06	
      3706.073	     1.85060e+06	
      3706.732	     1.85238e+06	
      3707.267	     1.85383e+06	
      3707.391	     1.85416e+06	
      3707.515	     1.85450e+06	
      3707.614	     1.85477e+06	
      3707.763	     1.85517e+06	
      3707.912	     1.85557e+06	
      3708.118	     1.85613e+06	
      3708.210	     1.85638e+06	
      3708.302	     1.85663e+06	
      3708.486	     1.85712e+06	
      3708.763	     1.85787e+06	
      3708.854	     1.85812e+06	
      3708.873	     1.85817e+06	
      3708.945	     1.85837e+06	
      3709.127	     1.85886e+06	
      3709.206	     1.85907e+06	
      3709.491	     1.85984e+06	
      3710.108	     1.86151e+06	
      3710.902	     1.86366e+06	
      3711.011	     1.86395e+06	
      3711.120	     1.86425e+06	
      3711.213	     1.86450e+06	
      3711.323	     1.86480e+06	
      3711.338	     1.86484e+06	
      3711.463	     1.86518e+06	
      3711.517	     1.86532e+06	
      3711.576	     1.86548e+06	
      3711.603	     1.86555e+06	
      3711.689	     1.86579e+06	
      3711.746	     1.86594e+06	
      3711.802	     1.86609e+06	
      3711.858	     1.86624e+06	
      3711.915	     1.86640e+06	
      3711.971	     1.86655e+06	
      3712.027	     1.86670e+06	
      3712.084	     1.86685e+06	
      3712.140	     1.86700e+06	
      3712.203	     1.86718e+06	
      3712.252	     1.86731e+06	
      3712.303	     1.86745e+06	
      3712.327	     1.86751e+06	
      3712.331	     1.86752e+06	
      3712.403	     1.86772e+06	
      3712.479	     1.86792e+06	
      3712.631	     1.86833e+06	
      3712.931	     1.86914e+06	
      3713.228	     1.86995e+06	
      3713.531	     1.87077e+06	
      3713.833	     1.87159e+06	
      3714.242	     1.87269e+06	
      3714.420	     1.87317e+06	
      3714.439	     1.87322e+06	
      3714.636	     1.87376e+06	
      3715.030	     1.87482e+06	
      3715.640	     1.87647e+06	
      3716.765	     1.87951e+06	
      3716.790	     1.87958e+06	
      3716.860	     1.87977e+06	
      3716.955	     1.88003e+06	
      3717.145	     1.88054e+06	
      3717.524	     1.88157e+06	
      3718.189	     1.88337e+06	
      3718.259	     1.88356e+06	
      3718.329	     1.88375e+06	
      3718.469	     1.88413e+06	
      3718.556	     1.88436e+06	
      3718.631	     1.88456e+06	
      3718.734	     1.88484e+06	
      3718.749	     1.88488e+06	
      3718.942	     1.88540e+06	
      3719.253	     1.88624e+06	
      3719.474	     1.88684e+06	
      3719.772	     1.88765e+06	
      3720.070	     1.88846e+06	
      3720.356	     1.88915e+06	
      3720.523	     1.88955e+06	
      3720.666	     1.88990e+06	
      3720.976	     1.89066e+06	
      3721.202	     1.89118e+06	
      3721.428	     1.89170e+06	
      3721.542	     1.89196e+06	
      3721.655	     1.89222e+06	
      3721.711	     1.89234e+06	
      3721.768	     1.89248e+06	
      3721.825	     1.89261e+06	
      3721.881	     1.89273e+06	
      3721.938	     1.89286e+06	
      3721.995	     1.89299e+06	
      3722.051	     1.89312e+06	
      3722.108	     1.89326e+06	
      3722.221	     1.89352e+06	
      3722.398	     1.89392e+06	
      3722.447	     1.89403e+06	
      3722.498	     1.89415e+06	
      3722.598	     1.89438e+06	
      3722.695	     1.89460e+06	
      3722.798	     1.89484e+06	
      3722.901	     1.89508e+06	
      3723.107	     1.89555e+06	
      3723.231	     1.89583e+06	
      3723.519	     1.89650e+06	
      3723.807	     1.89716e+06	
      3724.383	     1.89848e+06	
      3725.451	     1.90093e+06	
      3725.534	     1.90113e+06	
      3725.617	     1.90131e+06	
      3725.751	     1.90162e+06	
      3725.783	     1.90170e+06	
      3725.916	     1.90200e+06	
      3725.931	     1.90204e+06	
      3726.115	     1.90246e+06	
      3726.479	     1.90329e+06	
      3727.042	     1.90459e+06	
      3727.366	     1.90533e+06	
      3728.153	     1.90714e+06	
      3728.639	     1.90825e+06	
      3728.940	     1.90894e+06	
      3729.009	     1.90910e+06	
      3729.240	     1.90963e+06	
      3729.842	     1.91102e+06	
      3730.676	     1.91293e+06	
      3732.194	     1.91642e+06	
      3732.344	     1.91676e+06	
      3732.494	     1.91710e+06	
      3732.794	     1.91779e+06	
      3733.352	     1.91907e+06	
      3733.384	     1.91915e+06	
      3733.393	     1.91917e+06	
      3733.402	     1.91919e+06	
      3733.452	     1.91931e+06	
      3733.552	     1.91954e+06	
      3733.648	     1.91976e+06	
      3733.752	     1.91999e+06	
      3733.856	     1.92023e+06	
      3734.004	     1.92057e+06	
      3734.044	     1.92066e+06	
      3734.064	     1.92071e+06	
      3734.084	     1.92075e+06	
      3734.131	     1.92086e+06	
      3734.140	     1.92088e+06	
      3734.164	     1.92094e+06	
      3734.197	     1.92101e+06	
      3734.254	     1.92114e+06	
      3734.311	     1.92127e+06	
      3734.368	     1.92140e+06	
      3734.425	     1.92153e+06	
      3734.482	     1.92167e+06	
      3734.539	     1.92180e+06	
      3734.652	     1.92206e+06	
      3734.829	     1.92246e+06	
      3734.878	     1.92258e+06	
      3734.929	     1.92270e+06	
      3735.029	     1.92292e+06	
      3735.124	     1.92314e+06	
      3735.173	     1.92325e+06	
      3735.229	     1.92338e+06	
      3735.334	     1.92363e+06	
      3735.391	     1.92375e+06	
      3735.495	     1.92399e+06	
      3735.817	     1.92473e+06	
      3736.000	     1.92515e+06	
      3736.243	     1.92571e+06	
      3736.486	     1.92627e+06	
      3736.971	     1.92738e+06	
      3737.826	     1.92935e+06	
      3737.943	     1.92961e+06	
      3738.060	     1.92988e+06	
      3738.294	     1.93042e+06	
      3738.587	     1.93109e+06	
      3738.762	     1.93150e+06	
      3738.937	     1.93189e+06	
      3739.287	     1.93270e+06	
      3739.498	     1.93318e+06	
      3739.987	     1.93430e+06	
      3740.476	     1.93543e+06	
      3741.212	     1.93712e+06	
      3741.453	     1.93767e+06	
      3741.694	     1.93822e+06	
      3742.092	     1.93914e+06	
      3742.176	     1.93933e+06	
      3742.260	     1.93953e+06	
      3742.428	     1.93991e+06	
      3742.671	     1.94047e+06	
      3742.733	     1.94061e+06	
      3742.764	     1.94068e+06	
      3742.795	     1.94075e+06	
      3742.864	     1.94091e+06	
      3742.919	     1.94104e+06	
      3743.167	     1.94160e+06	
      3743.663	     1.94274e+06	
      3744.620	     1.94494e+06	
      3744.654	     1.94502e+06	
      3746.445	     1.94913e+06	
      3747.605	     1.95179e+06	
      3748.269	     1.95332e+06	
      3748.844	     1.95464e+06	
      3748.904	     1.95477e+06	
      3748.934	     1.95484e+06	
      3748.964	     1.95491e+06	
      3748.986	     1.95496e+06	
      3749.084	     1.95519e+06	
      3749.118	     1.95526e+06	
      3749.182	     1.95541e+06	
      3749.378	     1.95586e+06	
      3749.409	     1.95593e+06	
      3749.638	     1.95646e+06	
      3749.753	     1.95672e+06	
      3749.867	     1.95698e+06	
      3749.924	     1.95711e+06	
      3749.981	     1.95724e+06	
      3750.038	     1.95737e+06	
      3750.095	     1.95749e+06	
      3750.152	     1.95762e+06	
      3750.209	     1.95776e+06	
      3750.266	     1.95789e+06	
      3750.323	     1.95802e+06	
      3750.437	     1.95829e+06	
      3750.616	     1.95870e+06	
      3750.665	     1.95881e+06	
      3750.716	     1.95893e+06	
      3750.816	     1.95916e+06	
      3750.910	     1.95937e+06	
      3751.016	     1.95962e+06	
      3751.122	     1.95986e+06	
      3751.334	     1.96034e+06	
      3751.481	     1.96068e+06	
      3751.758	     1.96132e+06	
      3752.035	     1.96195e+06	
      3752.588	     1.96323e+06	
      3753.533	     1.96539e+06	
      3753.696	     1.96577e+06	
      3753.782	     1.96596e+06	
      3753.859	     1.96614e+06	
      3754.185	     1.96689e+06	
      3754.274	     1.96709e+06	
      3754.837	     1.96838e+06	
      3755.892	     1.97080e+06	
      3756.086	     1.97125e+06	
      3757.473	     1.97443e+06	
      3757.509	     1.97451e+06	
      3757.548	     1.97460e+06	
      3758.932	     1.97777e+06	
      3760.390	     1.98112e+06	
      3761.656	     1.98402e+06	
      3762.717	     1.98645e+06	
      3763.233	     1.98764e+06	
      3764.809	     1.99125e+06	
      3765.066	     1.99184e+06	
      3766.902	     1.99605e+06	
      3768.545	     1.99981e+06	
      3768.737	     2.00025e+06	
      3768.929	     2.00069e+06	
      3768.971	     2.00079e+06	
      3769.196	     2.00130e+06	
      3769.313	     2.00157e+06	
      3769.655	     2.00235e+06	
      3769.885	     2.00288e+06	
      3770.114	     2.00340e+06	
      3770.228	     2.00366e+06	
      3770.343	     2.00392e+06	
      3770.401	     2.00406e+06	
      3770.458	     2.00419e+06	
      3770.515	     2.00431e+06	
      3770.573	     2.00444e+06	
      3770.630	     2.00457e+06	
      3770.687	     2.00470e+06	
      3770.745	     2.00484e+06	
      3770.802	     2.00497e+06	
      3770.867	     2.00512e+06	
      3770.916	     2.00524e+06	
      3770.967	     2.00536e+06	
      3770.988	     2.00540e+06	
      3771.003	     2.00544e+06	
      3771.067	     2.00559e+06	
      3771.146	     2.00577e+06	
      3771.304	     2.00613e+06	
      3771.604	     2.00682e+06	
      3771.890	     2.00748e+06	
      3771.951	     2.00762e+06	
      3772.206	     2.00820e+06	
      3772.522	     2.00893e+06	
      3773.154	     2.01037e+06	
      3774.357	     2.01313e+06	
      3775.497	     2.01574e+06	
      3776.762	     2.01864e+06	
      3777.127	     2.01948e+06	
      3778.027	     2.02154e+06	
      3778.399	     2.02239e+06	
      3778.927	     2.02360e+06	
      3780.726	     2.02772e+06	
      3781.844	     2.03028e+06	
      3783.053	     2.03305e+06	
      3783.159	     2.03329e+06	
      3784.263	     2.03581e+06	
      3785.367	     2.03834e+06	
      3786.225	     2.04030e+06	
      3787.401	     2.04300e+06	
      3787.574	     2.04339e+06	
      3788.924	     2.04648e+06	
      3790.447	     2.04996e+06	
      3792.841	     2.05543e+06	
      3793.492	     2.05692e+06	
      3794.143	     2.05841e+06	
      3794.897	     2.06014e+06	
      3795.066	     2.06052e+06	
      3795.444	     2.06138e+06	
      3795.991	     2.06263e+06	
      3796.454	     2.06369e+06	
      3796.916	     2.06474e+06	
      3797.147	     2.06527e+06	
      3797.378	     2.06580e+06	
      3797.494	     2.06606e+06	
      3797.609	     2.06631e+06	
      3797.666	     2.06644e+06	
      3797.724	     2.06657e+06	
      3797.782	     2.06669e+06	
      3797.840	     2.06682e+06	
      3797.898	     2.06694e+06	
      3797.956	     2.06708e+06	
      3798.014	     2.06722e+06	
      3798.072	     2.06736e+06	
      3798.187	     2.06764e+06	
      3798.367	     2.06805e+06	
      3798.416	     2.06817e+06	
      3798.467	     2.06828e+06	
      3798.567	     2.06851e+06	
      3798.655	     2.06872e+06	
      3798.753	     2.06894e+06	
      3798.767	     2.06897e+06	
      3798.837	     2.06913e+06	
      3798.879	     2.06923e+06	
      3798.921	     2.06933e+06	
      3799.046	     2.06961e+06	
      3799.089	     2.06971e+06	
      3799.425	     2.07048e+06	
      3799.471	     2.07058e+06	
      3799.804	     2.07135e+06	
      3800.562	     2.07308e+06	
      3801.653	     2.07557e+06	
      3802.319	     2.07709e+06	
      3803.834	     2.08055e+06	
      3805.349	     2.08401e+06	
      3807.837	     2.08969e+06	
      3808.378	     2.09092e+06	
      3808.919	     2.09216e+06	
      3810.000	     2.09462e+06	
      3811.586	     2.09824e+06	
      3812.164	     2.09956e+06	
      3812.742	     2.10087e+06	
      3813.897	     2.10351e+06	
      3815.777	     2.10779e+06	
      3816.093	     2.10851e+06	
      3816.209	     2.10878e+06	
      3816.641	     2.10976e+06	
      3817.439	     2.11163e+06	
      3817.504	     2.11178e+06	
      3818.916	     2.11509e+06	
      3820.393	     2.11861e+06	
      3822.566	     2.12378e+06	
      3823.346	     2.12564e+06	
      3823.512	     2.12603e+06	
      3824.126	     2.12749e+06	
      3825.685	     2.13120e+06	
      3826.804	     2.13386e+06	
      3827.859	     2.13637e+06	
      3828.914	     2.13887e+06	
      3830.454	     2.14253e+06	
      3831.023	     2.14389e+06	
      3831.592	     2.14523e+06	
      3832.001	     2.14620e+06	
      3832.525	     2.14745e+06	
      3832.730	     2.14794e+06	
      3833.458	     2.14966e+06	
      3833.925	     2.15077e+06	
      3834.392	     2.15187e+06	
      3834.626	     2.15242e+06	
      3834.859	     2.15297e+06	
      3834.975	     2.15324e+06	
      3835.092	     2.15351e+06	
      3835.151	     2.15364e+06	
      3835.209	     2.15377e+06	
      3835.267	     2.15389e+06	
      3835.326	     2.15402e+06	
      3835.384	     2.15415e+06	
      3835.442	     2.15429e+06	
      3835.501	     2.15445e+06	
      3835.559	     2.15460e+06	
      3835.626	     2.15477e+06	
      3835.675	     2.15489e+06	
      3835.726	     2.15502e+06	
      3835.743	     2.15506e+06	
      3835.774	     2.15513e+06	
      3835.826	     2.15526e+06	
      3835.909	     2.15546e+06	
      3836.075	     2.15586e+06	
      3836.376	     2.15658e+06	
      3836.646	     2.15722e+06	
      3836.977	     2.15801e+06	
      3837.029	     2.15814e+06	
      3837.308	     2.15880e+06	
      3837.970	     2.16038e+06	
      3838.647	     2.16198e+06	
      3838.911	     2.16261e+06	
      3839.175	     2.16324e+06	
      3839.703	     2.16449e+06	
      3840.758	     2.16699e+06	
      3842.753	     2.17172e+06	
      3842.831	     2.17191e+06	
      3842.870	     2.17200e+06	
      3842.909	     2.17209e+06	
      3843.065	     2.17246e+06	
      3843.377	     2.17320e+06	
      3844.001	     2.17468e+06	
      3844.588	     2.17607e+06	
      3845.248	     2.17764e+06	
      3845.547	     2.17834e+06	
      3845.908	     2.17920e+06	
      3847.228	     2.18232e+06	
      3847.442	     2.18283e+06	
      3848.908	     2.18630e+06	
      3850.375	     2.18977e+06	
      3851.976	     2.19355e+06	
      3853.308	     2.19670e+06	
      3854.640	     2.19984e+06	
      3855.701	     2.20235e+06	
      3857.303	     2.20613e+06	
      3858.906	     2.20992e+06	
      3862.006	     2.21723e+06	
      3862.111	     2.21748e+06	
      3862.216	     2.21772e+06	
      3862.426	     2.21822e+06	
      3862.846	     2.21921e+06	
      3863.685	     2.22119e+06	
      3865.170	     2.22469e+06	
      3865.365	     2.22515e+06	
      3865.560	     2.22560e+06	
      3865.950	     2.22653e+06	
      3866.730	     2.22836e+06	
      3867.675	     2.23059e+06	
      3868.289	     2.23203e+06	
      3868.903	     2.23348e+06	
      3870.131	     2.23637e+06	
      3871.324	     2.23917e+06	
      3872.586	     2.24214e+06	
      3873.848	     2.24511e+06	
      3876.324	     2.25093e+06	
      3876.368	     2.25103e+06	
      3876.371	     2.25104e+06	
      3876.374	     2.25105e+06	
      3876.424	     2.25116e+06	
      3876.524	     2.25140e+06	
      3876.724	     2.25187e+06	
      3876.947	     2.25239e+06	
      3877.124	     2.25280e+06	
      3877.924	     2.25468e+06	
      3878.900	     2.25697e+06	
      3880.290	     2.26023e+06	
      3880.854	     2.26155e+06	
      3881.418	     2.26287e+06	
      3882.546	     2.26551e+06	
      3884.398	     2.26985e+06	
      3884.801	     2.27079e+06	
      3884.923	     2.27107e+06	
      3885.204	     2.27173e+06	
      3886.010	     2.27361e+06	
      3886.151	     2.27394e+06	
      3887.096	     2.27614e+06	
      3887.568	     2.27724e+06	
      3888.042	     2.27833e+06	
      3888.280	     2.27888e+06	
      3888.516	     2.27941e+06	
      3888.633	     2.27968e+06	
      3888.752	     2.27994e+06	
      3888.844	     2.28013e+06	
      3888.866	     2.28018e+06	
      3888.871	     2.28019e+06	
      3888.898	     2.28024e+06	
      3888.930	     2.28030e+06	
      3888.989	     2.28041e+06	
      3889.048	     2.28053e+06	
      3889.107	     2.28068e+06	
      3889.166	     2.28085e+06	
      3889.225	     2.28102e+06	
      3889.294	     2.28120e+06	
      3889.343	     2.28132e+06	
      3889.394	     2.28145e+06	
      3889.408	     2.28148e+06	
      3889.450	     2.28159e+06	
      3889.494	     2.28169e+06	
      3889.580	     2.28191e+06	
      3889.752	     2.28232e+06	
      3890.054	     2.28304e+06	
      3890.315	     2.28366e+06	
      3890.474	     2.28404e+06	
      3890.657	     2.28447e+06	
      3890.999	     2.28528e+06	
      3891.683	     2.28689e+06	
      3892.892	     2.28973e+06	
      3893.942	     2.29219e+06	
      3894.458	     2.29340e+06	
      3895.309	     2.29540e+06	
      3896.219	     2.29753e+06	
      3896.677	     2.29860e+06	
      3898.895	     2.30378e+06	
      3899.603	     2.30544e+06	
      3901.572	     2.31004e+06	
      3903.894	     2.31545e+06	
      3904.248	     2.31628e+06	
      3908.893	     2.32710e+06	
      3913.891	     2.33872e+06	
      3918.890	     2.35119e+06	
      3923.889	     2.36378e+06	
      3928.216	     2.37466e+06	
      3928.353	     2.37500e+06	
      3928.887	     2.37635e+06	
      3929.559	     2.37803e+06	
      3930.903	     2.38141e+06	
      3933.453	     2.38781e+06	
      3935.810	     2.39371e+06	
      3937.347	     2.39757e+06	
      3938.885	     2.40145e+06	
      3940.036	     2.40435e+06	
      3941.960	     2.40920e+06	
      3943.883	     2.41405e+06	
      3946.579	     2.42082e+06	
      3947.730	     2.42371e+06	
      3948.882	     2.42660e+06	
      3950.653	     2.43104e+06	
      3951.015	     2.43194e+06	
      3951.186	     2.43237e+06	
      3951.718	     2.43371e+06	
      3952.784	     2.43637e+06	
      3954.554	     2.44079e+06	
      3957.306	     2.44764e+06	
      3958.093	     2.44959e+06	
      3958.624	     2.45091e+06	
      3958.880	     2.45155e+06	
      3960.453	     2.45544e+06	
      3962.283	     2.45996e+06	
      3965.737	     2.46845e+06	
      3965.942	     2.46895e+06	
      3966.147	     2.46945e+06	
      3966.557	     2.47045e+06	
      3966.675	     2.47074e+06	
      3967.279	     2.47221e+06	
      3967.376	     2.47245e+06	
      3968.078	     2.47415e+06	
      3968.709	     2.47567e+06	
      3968.877	     2.47607e+06	
      3969.045	     2.47646e+06	
      3969.234	     2.47691e+06	
      3969.287	     2.47703e+06	
      3969.381	     2.47725e+06	
      3969.528	     2.47759e+06	
      3969.648	     2.47785e+06	
      3969.769	     2.47810e+06	
      3969.830	     2.47822e+06	
      3969.890	     2.47832e+06	
      3969.950	     2.47839e+06	
      3970.011	     2.47847e+06	
      3970.071	     2.47857e+06	
      3970.131	     2.47876e+06	
      3970.192	     2.47900e+06	
      3970.252	     2.47922e+06	
      3970.323	     2.47945e+06	
      3970.372	     2.47960e+06	
      3970.423	     2.47975e+06	
      3970.432	     2.47978e+06	
      3970.495	     2.47995e+06	
      3970.523	     2.48003e+06	
      3970.613	     2.48028e+06	
      3970.795	     2.48077e+06	
      3971.096	     2.48156e+06	
      3971.333	     2.48218e+06	
      3971.591	     2.48284e+06	
      3971.698	     2.48312e+06	
      3972.063	     2.48405e+06	
      3972.793	     2.48591e+06	
      3973.995	     2.48896e+06	
      3974.936	     2.49133e+06	
      3976.398	     2.49501e+06	
      3976.845	     2.49613e+06	
      3977.860	     2.49868e+06	
      3978.874	     2.50122e+06	
      3979.577	     2.50298e+06	
      3980.904	     2.50628e+06	
      3982.230	     2.50959e+06	
      3984.180	     2.51443e+06	
      3984.884	     2.51618e+06	
      3985.119	     2.51676e+06	
      3985.588	     2.51792e+06	
      3986.995	     2.52140e+06	
      3988.872	     2.52604e+06	
      3991.379	     2.53222e+06	
      3992.625	     2.53528e+06	
      3993.854	     2.53831e+06	
      3993.870	     2.53835e+06	
      3996.362	     2.54446e+06	
      3998.869	     2.55061e+06	
      4003.868	     2.56281e+06	
      4008.866	     2.57497e+06	
      4013.865	     2.58727e+06	
      4018.864	     2.59979e+06	
      4023.863	     2.61226e+06	
      4025.341	     2.61594e+06	
      4028.861	     2.62468e+06	
      4032.381	     2.63340e+06	
      4032.946	     2.63479e+06	
      4033.860	     2.63705e+06	
      4035.902	     2.64209e+06	
      4038.859	     2.64937e+06	
      4043.857	     2.66165e+06	
      4048.856	     2.67386e+06	
      4053.855	     2.68602e+06	
      4058.853	     2.69813e+06	
      4063.852	     2.71017e+06	
      4068.851	     2.72214e+06	
      4073.849	     2.73401e+06	
      4075.421	     2.73772e+06	
      4078.848	     2.74578e+06	
      4082.275	     2.75378e+06	
      4082.559	     2.75443e+06	
      4084.004	     2.75777e+06	
      4085.702	     2.76168e+06	
      4088.845	     2.76883e+06	
      4089.695	     2.77075e+06	
      4093.687	     2.77961e+06	
      4096.515	     2.78574e+06	
      4097.679	     2.78822e+06	
      4098.010	     2.78893e+06	
      4098.678	     2.79034e+06	
      4098.843	     2.79069e+06	
      4099.676	     2.79244e+06	
      4100.174	     2.79347e+06	
      4100.673	     2.79449e+06	
      4100.922	     2.79497e+06	
      4101.172	     2.79544e+06	
      4101.297	     2.79565e+06	
      4101.422	     2.79583e+06	
      4101.485	     2.79590e+06	
      4101.547	     2.79593e+06	
      4101.609	     2.79591e+06	
      4101.672	     2.79587e+06	
      4101.734	     2.79592e+06	
      4101.797	     2.79617e+06	
      4101.859	     2.79649e+06	
      4101.922	     2.79681e+06	
      4102.047	     2.79729e+06	
      4102.296	     2.79806e+06	
      4102.745	     2.79929e+06	
      4102.794	     2.79943e+06	
      4102.845	     2.79956e+06	
      4102.945	     2.79983e+06	
      4103.145	     2.80035e+06	
      4103.296	     2.80074e+06	
      4103.545	     2.80139e+06	
      4103.794	     2.80203e+06	
      4104.291	     2.80331e+06	
      4104.785	     2.80457e+06	
      4105.287	     2.80584e+06	
      4105.789	     2.80712e+06	
      4106.793	     2.80966e+06	
      4108.680	     2.81439e+06	
      4108.760	     2.81458e+06	
      4108.800	     2.81468e+06	
      4108.840	     2.81479e+06	
      4108.859	     2.81484e+06	
      4109.000	     2.81521e+06	
      4109.320	     2.81605e+06	
      4109.781	     2.81726e+06	
      4110.703	     2.81966e+06	
      4111.319	     2.82126e+06	
      4112.546	     2.82444e+06	
      4113.774	     2.82760e+06	
      4114.693	     2.82994e+06	
      4116.229	     2.83385e+06	
      4116.694	     2.83503e+06	
      4117.766	     2.83773e+06	
      4118.126	     2.83864e+06	
      4118.838	     2.84042e+06	
      4120.981	     2.84577e+06	
      4123.836	     2.85285e+06	
      4126.144	     2.85852e+06	
      4128.835	     2.86511e+06	
      4129.605	     2.86699e+06	
      4131.526	     2.87166e+06	
      4133.834	     2.87725e+06	
      4134.219	     2.87818e+06	
      4138.832	     2.88929e+06	
      4143.831	     2.90123e+06	
      4148.830	     2.91309e+06	
      4153.828	     2.92487e+06	
      4158.827	     2.93658e+06	
      4163.826	     2.94822e+06	
      4168.824	     2.95977e+06	
      4173.823	     2.97126e+06	
      4178.822	     2.98268e+06	
      4183.820	     2.99402e+06	
      4188.819	     3.00529e+06	
      4193.818	     3.01649e+06	
      4198.817	     3.02762e+06	
      4203.815	     3.03867e+06	
      4208.814	     3.04980e+06	
      4213.813	     3.06095e+06	
      4216.525	     3.06697e+06	
      4217.242	     3.06856e+06	
      4218.811	     3.07203e+06	
      4221.098	     3.07707e+06	
      4223.810	     3.08303e+06	
      4224.954	     3.08554e+06	
      4228.809	     3.09395e+06	
      4233.807	     3.10480e+06	
      4238.806	     3.11556e+06	
      4243.805	     3.12624e+06	
      4248.803	     3.13684e+06	
      4253.802	     3.14737e+06	
      4258.801	     3.15780e+06	
      4263.799	     3.16814e+06	
      4268.798	     3.17841e+06	
      4273.797	     3.18859e+06	
      4278.795	     3.19868e+06	
      4283.794	     3.20867e+06	
      4288.793	     3.21856e+06	
      4293.791	     3.22830e+06	
      4298.790	     3.23795e+06	
      4303.789	     3.24734e+06	
      4308.788	     3.25626e+06	
      4313.786	     3.26490e+06	
      4314.073	     3.26540e+06	
      4318.785	     3.27316e+06	
      4320.854	     3.27643e+06	
      4323.497	     3.28042e+06	
      4326.139	     3.28416e+06	
      4326.475	     3.28463e+06	
      4328.782	     3.28758e+06	
      4330.233	     3.28931e+06	
      4331.090	     3.29028e+06	
      4331.149	     3.29035e+06	
      4331.946	     3.29123e+06	
      4333.660	     3.29292e+06	
      4334.060	     3.29330e+06	
      4336.171	     3.29522e+06	
      4337.786	     3.29660e+06	
      4338.220	     3.29694e+06	
      4338.283	     3.29701e+06	
      4338.780	     3.29745e+06	
      4338.812	     3.29745e+06	
      4339.339	     3.29789e+06	
      4339.602	     3.29804e+06	
      4339.867	     3.29817e+06	
      4340.001	     3.29817e+06	
      4340.132	     3.29811e+06	
      4340.197	     3.29801e+06	
      4340.263	     3.29782e+06	
      4340.329	     3.29748e+06	
      4340.395	     3.29710e+06	
      4340.461	     3.29694e+06	
      4340.527	     3.29735e+06	
      4340.593	     3.29795e+06	
      4340.659	     3.29852e+06	
      4340.791	     3.29927e+06	
      4341.005	     3.30009e+06	
      4341.055	     3.30027e+06	
      4341.105	     3.30043e+06	
      4341.205	     3.30075e+06	
      4341.227	     3.30081e+06	
      4341.238	     3.30084e+06	
      4341.405	     3.30134e+06	
      4341.583	     3.30185e+06	
      4341.939	     3.30282e+06	
      4342.640	     3.30474e+06	
      4343.330	     3.30659e+06	
      4343.570	     3.30722e+06	
      4344.041	     3.30851e+06	
      4344.752	     3.31039e+06	
      4346.174	     3.31419e+06	
      4348.578	     3.32041e+06	
      4348.777	     3.32091e+06	
      4348.976	     3.32142e+06	
      4349.374	     3.32242e+06	
      4350.170	     3.32437e+06	
      4350.322	     3.32475e+06	
      4351.761	     3.32817e+06	
      4353.201	     3.33150e+06	
      4354.734	     3.33496e+06	
      4356.077	     3.33788e+06	
      4356.080	     3.33788e+06	
      4357.426	     3.34074e+06	
      4358.774	     3.34353e+06	
      4359.170	     3.34435e+06	
      4361.472	     3.34894e+06	
      4363.773	     3.35343e+06	
      4367.980	     3.36141e+06	
      4368.376	     3.36213e+06	
      4368.524	     3.36242e+06	
      4368.772	     3.36289e+06	
      4369.563	     3.36433e+06	
      4371.147	     3.36722e+06	
      4373.770	     3.37197e+06	
      4378.769	     3.38082e+06	
      4383.768	     3.38950e+06	
      4388.766	     3.39801e+06	
      4393.765	     3.40643e+06	
      4398.764	     3.41472e+06	
      4403.762	     3.42173e+06	
      4408.761	     3.42820e+06	
      4413.760	     3.43461e+06	
      4418.758	     3.44099e+06	
      4423.757	     3.44733e+06	
      4428.756	     3.45362e+06	
      4433.754	     3.45984e+06	
      4438.753	     3.46606e+06	
      4443.752	     3.47221e+06	
      4448.751	     3.47834e+06	
      4453.749	     3.48443e+06	
      4458.748	     3.49050e+06	
      4463.747	     3.49650e+06	
      4468.745	     3.50247e+06	
      4473.744	     3.50844e+06	
      4478.743	     3.51434e+06	
      4483.741	     3.52022e+06	
      4488.740	     3.52606e+06	
      4493.739	     3.53184e+06	
      4498.737	     3.53841e+06	
      4503.736	     3.54673e+06	
      4508.735	     3.55496e+06	
      4513.733	     3.56310e+06	
      4514.118	     3.56373e+06	
      4518.732	     3.57114e+06	
      4523.346	     3.57849e+06	
      4527.190	     3.58453e+06	
      4527.960	     3.58575e+06	
      4528.729	     3.58694e+06	
      4530.269	     3.58933e+06	
      4532.968	     3.59354e+06	
      4533.288	     3.59401e+06	
      4533.348	     3.59411e+06	
      4533.728	     3.59470e+06	
      4534.488	     3.59587e+06	
      4536.007	     3.59822e+06	
      4538.727	     3.60237e+06	
      4543.725	     3.60994e+06	
      4548.724	     3.61745e+06	
      4553.723	     3.62483e+06	
      4558.721	     3.63215e+06	
      4563.720	     3.63938e+06	
      4568.719	     3.64654e+06	
      4573.717	     3.65358e+06	
      4578.716	     3.66055e+06	
      4583.715	     3.66743e+06	
      4588.713	     3.67425e+06	
      4593.712	     3.68097e+06	
      4596.529	     3.68430e+06	
      4596.984	     3.68484e+06	
      4598.711	     3.68688e+06	
      4600.892	     3.68942e+06	
      4603.709	     3.69266e+06	
      4604.800	     3.69392e+06	
      4608.708	     3.69835e+06	
      4613.707	     3.70400e+06	
      4618.705	     3.70959e+06	
      4623.704	     3.71515e+06	
      4628.703	     3.72065e+06	
      4633.701	     3.72609e+06	
      4638.700	     3.73149e+06	
      4643.699	     3.73683e+06	
      4648.697	     3.74211e+06	
      4653.696	     3.74735e+06	
      4658.695	     3.75254e+06	
      4663.694	     3.75769e+06	
      4668.692	     3.76278e+06	
      4673.691	     3.76781e+06	
      4678.690	     3.77280e+06	
      4683.688	     3.77773e+06	
      4688.687	     3.78263e+06	
      4693.686	     3.78738e+06	
      4698.684	     3.79193e+06	
      4703.683	     3.79643e+06	
      4708.682	     3.80092e+06	
      4713.680	     3.80532e+06	
      4715.603	     3.80701e+06	
      4718.679	     3.80972e+06	
      4720.984	     3.81173e+06	
      4721.755	     3.81239e+06	
      4723.678	     3.81405e+06	
      4724.830	     3.81506e+06	
      4728.676	     3.81835e+06	
      4733.675	     3.82260e+06	
      4738.674	     3.82681e+06	
      4743.672	     3.83095e+06	
      4748.671	     3.83507e+06	
      4753.670	     3.83912e+06	
      4758.668	     3.84311e+06	
      4763.667	     3.84707e+06	
      4768.666	     3.85096e+06	
      4773.664	     3.85477e+06	
      4778.663	     3.85854e+06	
      4783.662	     3.86221e+06	
      4788.660	     3.86582e+06	
      4793.659	     3.86925e+06	
      4798.658	     3.87255e+06	
      4803.656	     3.87572e+06	
      4808.655	     3.87874e+06	
      4813.654	     3.88150e+06	
      4818.652	     3.88395e+06	
      4823.651	     3.88599e+06	
      4828.650	     3.88741e+06	
      4833.648	     3.88797e+06	
      4834.972	     3.88791e+06	
      4838.647	     3.88716e+06	
      4839.161	     3.88697e+06	
      4842.322	     3.88530e+06	
      4845.483	     3.88251e+06	
      4845.503	     3.88247e+06	
      4847.054	     3.88059e+06	
      4848.644	     3.87823e+06	
      4851.785	     3.87220e+06	
      4854.393	     3.86582e+06	
      4856.517	     3.85989e+06	
      4858.401	     3.85451e+06	
      4858.642	     3.85385e+06	
      4858.664	     3.85379e+06	
      4858.883	     3.85319e+06	
      4859.364	     3.85188e+06	
      4859.473	     3.85159e+06	
      4860.065	     3.84993e+06	
      4860.361	     3.84902e+06	
      4860.657	     3.84792e+06	
      4860.805	     3.84719e+06	
      4860.953	     3.84622e+06	
      4861.027	     3.84553e+06	
      4861.101	     3.84449e+06	
      4861.175	     3.84286e+06	
      4861.248	     3.84119e+06	
      4861.322	     3.84035e+06	
      4861.396	     3.84129e+06	
      4861.470	     3.84308e+06	
      4861.543	     3.84481e+06	
      4861.641	     3.84619e+06	
      4861.687	     3.84669e+06	
      4861.689	     3.84669e+06	
      4861.691	     3.84672e+06	
      4861.695	     3.84675e+06	
      4861.741	     3.84716e+06	
      4861.841	     3.84792e+06	
      4861.979	     3.84877e+06	
      4861.987	     3.84880e+06	
      4862.279	     3.85030e+06	
      4862.579	     3.85162e+06	
      4862.596	     3.85169e+06	
      4863.178	     3.85411e+06	
      4863.727	     3.85634e+06	
      4863.761	     3.85646e+06	
      4864.927	     3.86127e+06	
      4866.127	     3.86630e+06	
      4868.413	     3.87572e+06	
      4868.526	     3.87616e+06	
      4868.639	     3.87663e+06	
      4868.865	     3.87751e+06	
      4869.317	     3.87927e+06	
      4869.583	     3.88028e+06	
      4870.221	     3.88266e+06	
      4870.858	     3.88496e+06	
      4872.134	     3.88932e+06	
      4874.623	     3.89696e+06	
      4874.685	     3.89715e+06	
      4874.747	     3.89730e+06	
      4874.871	     3.89765e+06	
      4875.119	     3.89834e+06	
      4875.615	     3.89969e+06	
      4876.607	     3.90227e+06	
      4878.452	     3.90666e+06	
      4878.544	     3.90688e+06	
      4878.590	     3.90698e+06	
      4878.636	     3.90707e+06	
      4878.820	     3.90748e+06	
      4879.188	     3.90830e+06	
      4879.526	     3.90902e+06	
      4879.924	     3.90984e+06	
      4880.322	     3.91065e+06	
      4880.941	     3.91188e+06	
      4881.118	     3.91223e+06	
      4882.709	     3.91518e+06	
      4884.478	     3.91819e+06	
      4887.396	     3.92262e+06	
      4888.015	     3.92350e+06	
      4888.634	     3.92435e+06	
      4889.871	     3.92599e+06	
      4891.061	     3.92746e+06	
      4892.347	     3.92903e+06	
      4893.632	     3.93051e+06	
      4893.777	     3.93067e+06	
      4896.204	     3.93327e+06	
      4898.631	     3.93576e+06	
      4903.340	     3.94009e+06	
      4903.485	     3.94025e+06	
      4903.630	     3.94037e+06	
      4903.920	     3.94063e+06	
      4904.499	     3.94113e+06	
      4905.659	     3.94210e+06	
      4907.328	     3.94348e+06	
      4907.977	     3.94402e+06	
      4908.628	     3.94455e+06	
      4909.929	     3.94559e+06	
      4911.434	     3.94675e+06	
      4912.530	     3.94760e+06	
      4913.014	     3.94798e+06	
      4913.627	     3.94842e+06	
      4915.550	     3.94986e+06	
      4915.820	     3.95005e+06	
      4918.240	     3.95181e+06	
      4918.626	     3.95209e+06	
      4921.701	     3.95423e+06	
      4923.624	     3.95555e+06	
      4925.162	     3.95658e+06	
      4928.623	     3.95888e+06	
      4933.622	     3.96211e+06	
      4938.620	     3.96522e+06	
      4943.619	     3.96830e+06	
      4948.618	     3.97126e+06	
      4953.616	     3.97418e+06	
      4958.615	     3.97704e+06	
      4963.614	     3.97986e+06	
      4968.612	     3.98263e+06	
      4973.611	     3.98536e+06	
      4978.610	     3.98803e+06	
      4983.608	     3.99067e+06	
      4988.607	     3.99322e+06	
      4993.606	     3.99573e+06	
      4998.604	     3.99818e+06	
      5003.603	     4.00063e+06	
      5008.602	     4.00302e+06	
      5013.600	     4.00540e+06	
      5018.599	     4.00776e+06	
      5023.598	     4.01009e+06	
      5028.596	     4.01235e+06	
      5033.595	     4.01461e+06	
      5038.594	     4.01684e+06	
      5043.592	     4.01907e+06	
      5048.591	     4.02124e+06	
      5053.590	     4.02337e+06	
      5058.588	     4.02551e+06	
      5063.587	     4.02762e+06	
      5068.586	     4.02969e+06	
      5073.584	     4.03173e+06	
      5078.583	     4.03374e+06	
      5083.582	     4.03563e+06	
      5088.580	     4.03745e+06	
      5093.579	     4.03927e+06	
      5098.578	     4.04106e+06	
      5103.576	     4.04282e+06	
      5108.575	     4.04455e+06	
      5113.574	     4.04625e+06	
      5118.572	     4.04794e+06	
      5123.571	     4.04961e+06	
      5128.570	     4.05127e+06	
      5133.568	     4.05291e+06	
      5138.567	     4.05451e+06	
      5143.566	     4.05608e+06	
      5148.564	     4.05765e+06	
      5153.563	     4.05919e+06	
      5158.562	     4.06070e+06	
      5163.560	     4.06220e+06	
      5168.559	     4.06368e+06	
      5173.558	     4.06513e+06	
      5178.556	     4.06654e+06	
      5183.555	     4.06780e+06	
      5188.554	     4.06905e+06	
      5193.552	     4.07028e+06	
      5198.551	     4.07147e+06	
      5203.550	     4.07267e+06	
      5208.548	     4.07383e+06	
      5213.547	     4.07499e+06	
      5218.546	     4.07612e+06	
      5223.544	     4.07722e+06	
      5228.543	     4.07832e+06	
      5233.542	     4.07939e+06	
      5238.540	     4.08046e+06	
      5243.539	     4.08149e+06	
      5248.537	     4.08250e+06	
      5253.536	     4.08350e+06	
      5258.535	     4.08448e+06	
      5263.533	     4.08545e+06	
      5268.532	     4.08640e+06	
      5273.531	     4.08734e+06	
      5278.529	     4.08872e+06	
      5283.528	     4.09017e+06	
      5288.527	     4.09155e+06	
      5293.525	     4.09293e+06	
      5298.524	     4.09428e+06	
      5303.523	     4.09560e+06	
      5308.521	     4.09689e+06	
      5313.520	     4.09814e+06	
      5318.519	     4.09937e+06	
      5323.517	     4.10056e+06	
      5328.516	     4.10173e+06	
      5333.515	     4.10289e+06	
      5338.513	     4.10399e+06	
      5343.512	     4.10509e+06	
      5348.511	     4.10616e+06	
      5353.509	     4.10719e+06	
      5358.508	     4.10820e+06	
      5363.507	     4.10923e+06	
      5368.505	     4.11018e+06	
      5373.504	     4.11090e+06	
      5378.503	     4.11131e+06	
      5383.501	     4.11172e+06	
      5388.500	     4.11209e+06	
      5393.499	     4.11244e+06	
      5398.497	     4.11278e+06	
      5403.496	     4.11310e+06	
      5408.495	     4.11341e+06	
      5413.493	     4.11373e+06	
      5418.492	     4.11398e+06	
      5423.491	     4.11426e+06	
      5428.489	     4.11448e+06	
      5433.488	     4.11473e+06	
      5438.487	     4.11495e+06	
      5443.485	     4.11514e+06	
      5448.484	     4.11533e+06	
      5453.483	     4.11549e+06	
      5458.481	     4.11564e+06	
      5463.480	     4.11577e+06	
      5468.479	     4.11589e+06	
      5473.477	     4.11633e+06	
      5478.476	     4.11674e+06	
      5483.475	     4.11715e+06	
      5488.473	     4.11753e+06	
      5493.472	     4.11791e+06	
      5498.471	     4.11825e+06	
      5503.469	     4.11857e+06	
      5508.468	     4.11888e+06	
      5513.466	     4.11916e+06	
      5518.465	     4.11944e+06	
      5523.464	     4.11970e+06	
      5528.462	     4.11995e+06	
      5533.461	     4.12017e+06	
      5538.460	     4.12036e+06	
      5543.458	     4.12054e+06	
      5548.457	     4.12070e+06	
      5553.456	     4.12086e+06	
      5558.454	     4.12098e+06	
      5563.453	     4.12111e+06	
      5568.452	     4.12120e+06	
      5573.450	     4.12127e+06	
      5578.449	     4.12133e+06	
      5583.448	     4.12136e+06	
      5588.446	     4.12139e+06	
      5593.445	     4.12139e+06	
      5598.444	     4.12139e+06	
      5603.442	     4.12136e+06	
      5608.441	     4.12133e+06	
      5613.440	     4.12127e+06	
      5618.438	     4.12117e+06	
      5623.437	     4.12108e+06	
      5628.436	     4.12098e+06	
      5633.434	     4.12086e+06	
      5638.433	     4.12070e+06	
      5643.432	     4.12054e+06	
      5648.430	     4.12039e+06	
      5653.429	     4.12020e+06	
      5658.428	     4.12001e+06	
      5663.426	     4.11979e+06	
      5668.425	     4.11957e+06	
      5673.424	     4.11932e+06	
      5673.979	     4.11929e+06	
      5678.422	     4.11904e+06	
      5682.865	     4.11879e+06	
      5686.198	     4.11860e+06	
      5687.309	     4.11853e+06	
      5687.864	     4.11850e+06	
      5688.420	     4.11847e+06	
      5690.641	     4.11831e+06	
      5693.418	     4.11816e+06	
      5698.417	     4.11781e+06	
      5703.415	     4.11747e+06	
      5704.770	     4.11737e+06	
      5708.414	     4.11712e+06	
      5708.882	     4.11709e+06	
      5712.058	     4.11684e+06	
      5713.413	     4.11674e+06	
      5715.234	     4.11659e+06	
      5718.411	     4.11633e+06	
      5723.410	     4.11593e+06	
      5728.409	     4.11552e+06	
      5733.407	     4.11508e+06	
      5738.406	     4.11464e+06	
      5743.405	     4.11420e+06	
      5748.403	     4.11373e+06	
      5753.402	     4.11322e+06	
      5758.401	     4.11272e+06	
      5763.399	     4.11194e+06	
      5768.398	     4.11140e+06	
      5773.397	     4.11087e+06	
      5778.395	     4.11030e+06	
      5783.394	     4.10971e+06	
      5788.393	     4.10914e+06	
      5793.391	     4.10854e+06	
      5798.390	     4.10792e+06	
      5803.389	     4.10729e+06	
      5808.387	     4.10666e+06	
      5813.386	     4.10600e+06	
      5818.385	     4.10531e+06	
      5823.383	     4.10465e+06	
      5828.382	     4.10396e+06	
      5833.381	     4.10323e+06	
      5838.379	     4.10251e+06	
      5843.378	     4.10179e+06	
      5848.377	     4.10104e+06	
      5853.375	     4.10028e+06	
      5858.374	     4.09950e+06	
      5863.372	     4.09871e+06	
      5868.371	     4.09792e+06	
      5873.370	     4.09714e+06	
      5878.368	     4.09632e+06	
      5883.367	     4.09547e+06	
      5888.366	     4.09463e+06	
      5893.364	     4.09378e+06	
      5898.363	     4.09293e+06	
      5903.362	     4.09205e+06	
      5908.360	     4.09114e+06	
      5913.359	     4.09026e+06	
      5918.358	     4.08932e+06	
      5923.356	     4.08841e+06	
      5928.355	     4.08746e+06	
      5933.354	     4.08652e+06	
      5938.352	     4.08555e+06	
      5943.351	     4.08457e+06	
      5948.350	     4.08360e+06	
      5953.348	     4.08259e+06	
      5958.347	     4.08156e+06	
      5963.346	     4.08052e+06	
      5968.344	     4.07948e+06	
      5973.343	     4.07842e+06	
      5978.342	     4.07735e+06	
      5983.340	     4.07628e+06	
      5988.339	     4.07518e+06	
      5993.338	     4.07408e+06	
      5998.336	     4.07298e+06	
      6003.335	     4.07185e+06	
      6008.333	     4.07072e+06	
      6013.332	     4.06959e+06	
      6018.331	     4.06843e+06	
      6023.329	     4.06726e+06	
      6028.328	     4.06607e+06	
      6033.327	     4.06488e+06	
      6038.325	     4.06368e+06	
      6043.324	     4.06249e+06	
      6048.323	     4.06126e+06	
      6053.321	     4.06004e+06	
      6058.320	     4.05878e+06	
      6063.319	     4.05752e+06	
      6068.317	     4.05627e+06	
      6073.316	     4.05501e+06	
      6078.315	     4.05372e+06	
      6083.313	     4.05243e+06	
      6088.312	     4.05112e+06	
      6093.311	     4.04980e+06	
      6098.309	     4.04848e+06	
      6103.308	     4.04713e+06	
      6108.307	     4.04581e+06	
      6113.305	     4.04445e+06	
      6118.304	     4.04307e+06	
      6123.303	     4.04169e+06	
      6128.301	     4.04031e+06	
      6133.300	     4.03893e+06	
      6138.298	     4.03751e+06	
      6143.297	     4.03610e+06	
      6148.296	     4.03468e+06	
      6153.294	     4.03324e+06	
      6158.293	     4.03179e+06	
      6163.292	     4.03032e+06	
      6168.290	     4.02887e+06	
      6173.289	     4.02740e+06	
      6178.288	     4.02589e+06	
      6183.286	     4.02438e+06	
      6188.285	     4.02287e+06	
      6193.284	     4.02136e+06	
      6198.282	     4.01986e+06	
      6203.281	     4.01832e+06	
      6208.280	     4.01675e+06	
      6213.278	     4.01521e+06	
      6218.277	     4.01364e+06	
      6223.276	     4.01207e+06	
      6228.274	     4.01046e+06	
      6233.273	     4.00889e+06	
      6238.272	     4.00729e+06	
      6243.270	     4.00566e+06	
      6244.381	     4.00531e+06	
      6248.269	     4.00402e+06	
      6252.157	     4.00277e+06	
      6253.821	     4.00223e+06	
      6256.044	     4.00148e+06	
      6258.266	     4.00076e+06	
      6262.157	     3.99947e+06	
      6262.711	     3.99928e+06	
      6263.265	     3.99909e+06	
      6264.372	     3.99871e+06	
      6264.912	     3.99856e+06	
      6266.588	     3.99799e+06	
      6268.263	     3.99743e+06	
      6269.967	     3.99686e+06	
      6271.615	     3.99629e+06	
      6273.262	     3.99576e+06	
      6274.854	     3.99523e+06	
      6276.557	     3.99463e+06	
      6278.261	     3.99406e+06	
      6280.076	     3.99344e+06	
      6281.668	     3.99290e+06	
      6283.259	     3.99237e+06	
      6284.627	     3.99190e+06	
      6286.443	     3.99127e+06	
      6288.258	     3.99067e+06	
      6290.521	     3.98989e+06	
      6291.889	     3.98941e+06	
      6293.257	     3.98894e+06	
      6293.729	     3.98879e+06	
      6295.992	     3.98800e+06	
      6298.255	     3.98722e+06	
      6302.310	     3.98580e+06	
      6302.782	     3.98561e+06	
      6303.254	     3.98546e+06	
      6303.918	     3.98524e+06	
      6304.198	     3.98514e+06	
      6306.085	     3.98445e+06	
      6308.253	     3.98370e+06	
      6311.924	     3.98241e+06	
      6312.587	     3.98216e+06	
      6313.251	     3.98194e+06	
      6314.579	     3.98147e+06	
      6316.219	     3.98087e+06	
      6317.234	     3.98052e+06	
      6317.314	     3.98049e+06	
      6318.250	     3.98015e+06	
      6320.281	     3.97942e+06	
      6323.249	     3.97836e+06	
      6328.247	     3.97657e+06	
      6333.246	     3.97474e+06	
      6338.245	     3.97289e+06	
      6343.243	     3.97107e+06	
      6348.242	     3.96918e+06	
      6353.241	     3.96730e+06	
      6358.239	     3.96541e+06	
      6363.238	     3.96350e+06	
      6368.236	     3.96158e+06	
      6373.235	     3.95960e+06	
      6378.234	     3.95765e+06	
      6383.232	     3.95564e+06	
      6388.231	     3.95363e+06	
      6393.230	     3.95159e+06	
      6398.228	     3.94952e+06	
      6403.227	     3.94741e+06	
      6408.226	     3.94527e+06	
      6413.224	     3.94311e+06	
      6418.223	     3.94088e+06	
      6423.222	     3.93865e+06	
      6428.220	     3.93632e+06	
      6433.219	     3.93397e+06	
      6438.218	     3.93155e+06	
      6443.216	     3.92903e+06	
      6448.215	     3.92646e+06	
      6453.214	     3.92375e+06	
      6458.212	     3.92099e+06	
      6463.211	     3.91807e+06	
      6468.210	     3.91499e+06	
      6473.208	     3.91175e+06	
      6478.207	     3.90827e+06	
      6483.205	     3.90456e+06	
      6488.204	     3.90051e+06	
      6493.203	     3.89608e+06	
      6498.201	     3.89115e+06	
      6503.200	     3.88562e+06	
      6508.199	     3.87933e+06	
      6513.197	     3.87204e+06	
      6518.196	     3.86350e+06	
      6523.195	     3.85329e+06	
      6523.719	     3.85210e+06	
      6528.193	     3.84085e+06	
      6532.668	     3.82725e+06	
      6536.095	     3.81484e+06	
      6537.143	     3.81066e+06	
      6537.383	     3.80965e+06	
      6538.191	     3.80623e+06	
      6540.286	     3.79671e+06	
      6543.189	     3.78188e+06	
      6546.457	     3.76256e+06	
      6546.724	     3.76086e+06	
      6548.188	     3.75112e+06	
      6549.918	     3.73881e+06	
      6553.113	     3.71383e+06	
      6554.426	     3.70281e+06	
      6556.306	     3.68647e+06	
      6556.871	     3.68144e+06	
      6557.903	     3.67218e+06	
      6558.185	     3.66963e+06	
      6559.500	     3.65741e+06	
      6560.298	     3.64946e+06	
      6561.096	     3.64038e+06	
      6561.496	     3.63479e+06	
      6561.895	     3.62747e+06	
      6562.094	     3.62238e+06	
      6562.294	     3.61635e+06	
      6562.394	     3.61296e+06	
      6562.494	     3.60834e+06	
      6562.594	     3.60155e+06	
      6562.693	     3.59401e+06	
      6562.793	     3.58965e+06	
      6562.892	     3.59386e+06	
      6562.992	     3.60143e+06	
      6563.092	     3.60812e+06	
      6563.291	     3.61600e+06	
      6563.641	     3.62577e+06	
      6563.687	     3.62678e+06	
      6563.689	     3.62684e+06	
      6563.691	     3.62687e+06	
      6563.741	     3.62791e+06	
      6563.841	     3.62986e+06	
      6564.041	     3.63319e+06	
      6564.294	     3.63680e+06	
      6564.392	     3.63806e+06	
      6564.441	     3.63866e+06	
      6564.490	     3.63928e+06	
      6564.685	     3.64155e+06	
      6565.077	     3.64572e+06	
      6565.636	     3.65113e+06	
      6565.861	     3.65317e+06	
      6566.086	     3.65521e+06	
      6566.536	     3.65914e+06	
      6566.689	     3.66049e+06	
      6567.085	     3.66385e+06	
      6567.436	     3.66684e+06	
      6568.183	     3.67306e+06	
      6569.280	     3.68204e+06	
      6570.478	     3.69169e+06	
      6571.476	     3.69951e+06	
      6572.473	     3.70711e+06	
      6573.270	     3.71302e+06	
      6574.469	     3.72156e+06	
      6575.667	     3.72970e+06	
      6577.950	     3.74402e+06	
      6578.065	     3.74472e+06	
      6578.180	     3.74538e+06	
      6578.410	     3.74673e+06	
      6578.870	     3.74937e+06	
      6579.789	     3.75445e+06	
      6580.079	     3.75599e+06	
      6581.629	     3.76388e+06	
      6583.178	     3.77114e+06	
      6584.378	     3.77632e+06	
      6586.278	     3.78386e+06	
      6587.911	     3.78970e+06	
      6588.177	     3.79058e+06	
      6588.443	     3.79146e+06	
      6588.975	     3.79319e+06	
      6590.039	     3.79652e+06	
      6591.023	     3.79938e+06	
      6592.166	     3.80252e+06	
      6593.014	     3.80469e+06	
      6593.309	     3.80544e+06	
      6595.594	     3.81072e+06	
      6598.174	     3.81587e+06	
      6603.335	     3.82404e+06	
      6613.656	     3.83419e+06	
      6623.977	     3.83915e+06	
      6634.299	     3.84107e+06	
      6654.941	     3.83978e+06	
      6680.975	     3.83347e+06	
      6696.226	     3.82856e+06	
      6711.477	     3.82313e+06	
      6741.979	     3.81135e+06	
      6781.185	     3.79508e+06	
      6802.982	     3.78565e+06	
      6824.779	     3.77604e+06	
      6868.373	     3.75656e+06	
      6955.562	     3.71622e+06	
      6976.354	     3.70636e+06	
      7042.750	     3.67444e+06	
      7109.146	     3.64183e+06	
      7175.542	     3.60903e+06	
      7241.938	     3.57570e+06	
      7308.334	     3.54189e+06	
      7355.946	     3.51742e+06	
      7374.730	     3.50784e+06	
      7393.514	     3.49810e+06	
      7431.082	     3.47875e+06	
      7506.218	     3.43970e+06	
      7581.353	     3.40033e+06	
      7635.097	     3.37200e+06	
      7656.489	     3.36069e+06	
      7677.881	     3.34935e+06	
      7720.666	     3.32688e+06	
      7806.234	     3.28174e+06	
      7821.358	     3.27373e+06	
      7891.803	     3.23641e+06	
      7962.248	     3.19899e+06	
      7982.837	     3.18815e+06	
      8032.693	     3.16182e+06	
      8082.550	     3.13550e+06	
      8161.675	     3.09391e+06	
      8182.262	     3.08310e+06	
      8200.850	     3.07333e+06	
      8202.850	     3.07228e+06	
      8204.849	     3.07123e+06	
      8208.848	     3.06914e+06	
      8216.846	     3.06497e+06	
      8232.842	     3.05661e+06	
      8264.833	     3.03992e+06	
      8289.715	     3.02694e+06	
      8328.816	     3.00656e+06	
      8343.441	     2.99894e+06	
      8367.916	     2.98621e+06	
      8371.465	     2.98437e+06	
      8388.684	     2.97547e+06	
      8392.391	     2.97356e+06	
      8408.650	     2.96516e+06	
      8413.318	     2.96276e+06	
      8432.024	     2.95311e+06	
      8437.951	     2.95005e+06	
      8467.252	     2.93495e+06	
      8473.978	     2.93149e+06	
      8502.481	     2.91683e+06	
      8516.584	     2.90959e+06	
      8530.983	     2.90220e+06	
      8545.382	     2.89487e+06	
      8549.972	     2.89254e+06	
      8574.180	     2.88023e+06	
      8598.388	     2.86795e+06	
      8628.597	     2.85265e+06	
      8646.805	     2.84344e+06	
      8652.391	     2.84062e+06	
      8665.013	     2.83424e+06	
      8685.587	     2.82386e+06	
      8701.429	     2.81588e+06	
      8750.468	     2.79122e+06	
      8767.917	     2.78247e+06	
      8815.350	     2.75875e+06	
      8862.782	     2.73536e+06	
      8900.383	     2.71688e+06	
      8957.646	     2.68885e+06	
      9014.908	     2.66103e+06	
      9044.624	     2.64663e+06	
      9072.171	     2.63331e+06	
      9099.717	     2.62003e+06	
      9154.810	     2.59385e+06	
      9190.798	     2.57683e+06	
      9209.903	     2.56782e+06	
      9229.009	     2.55883e+06	
      9267.221	     2.54090e+06	
      9303.204	     2.52410e+06	
      9343.644	     2.50529e+06	
      9384.084	     2.48657e+06	
      9464.964	     2.44978e+06	
      9545.723	     2.41339e+06	
      9545.844	     2.41333e+06	
      9545.965	     2.41328e+06	
      9546.207	     2.41317e+06	
      9546.691	     2.41296e+06	
      9546.866	     2.41288e+06	
      9547.658	     2.41252e+06	
      9549.594	     2.41166e+06	
      9553.465	     2.40993e+06	
      9561.207	     2.40646e+06	
      9576.691	     2.39954e+06	
      9607.658	     2.38574e+06	
      9668.451	     2.35882e+06	
      9729.243	     2.33239e+06	
      9790.036	     2.30616e+06	
      9850.828	     2.28016e+06	
      9870.422	     2.27182e+06	
      9911.620	     2.25438e+06	
      9952.819	     2.23702e+06	
     10021.070	     2.20879e+06	
     10035.217	     2.20297e+06	
     10049.364	     2.19716e+06	
     10077.658	     2.18560e+06	
     10134.247	     2.16260e+06	
     10144.484	     2.15846e+06	
     10190.835	     2.13980e+06	
     10237.187	     2.12126e+06	
     10329.890	     2.08549e+06	
     10422.592	     2.05019e+06	
     10515.295	     2.01539e+06	
     10607.998	     1.98108e+06	
     10700.701	     1.94726e+06	
     10793.403	     1.91394e+06	
     10834.127	     1.89946e+06	
     10886.106	     1.88110e+06	
     10938.085	     1.86286e+06	
     10990.064	     1.84491e+06	
     11042.043	     1.82708e+06	
     11094.022	     1.80939e+06	
     11146.000	     1.79185e+06	
     11197.979	     1.77448e+06	
     11239.008	     1.76087e+06	
     11249.958	     1.75726e+06	
     11260.908	     1.75365e+06	
     11282.808	     1.74675e+06	
     11326.608	     1.73304e+06	
     11414.209	     1.70589e+06	
     11501.809	     1.67914e+06	
     11589.411	     1.65276e+06	
     11677.011	     1.62677e+06	
     11764.612	     1.60117e+06	
     11852.212	     1.57594e+06	
     11939.813	     1.55110e+06	
     12027.413	     1.52663e+06	
     12115.014	     1.50255e+06	
     12120.600	     1.50102e+06	
     12202.614	     1.47884e+06	
     12284.629	     1.45697e+06	
     12366.644	     1.43652e+06	
     12448.658	     1.41634e+06	
     12530.673	     1.39642e+06	
     12612.688	     1.37676e+06	
     12694.701	     1.35732e+06	
     12735.367	     1.34775e+06	
     12776.716	     1.33802e+06	
     12818.066	     1.32831e+06	
     12900.764	     1.30974e+06	
     12983.464	     1.29124e+06	
     13066.162	     1.27293e+06	
     13148.861	     1.25487e+06	
     13154.771	     1.25359e+06	
     13231.560	     1.23706e+06	
     13308.350	     1.22075e+06	
     13385.140	     1.20572e+06	
     13461.929	     1.19086e+06	
     13538.719	     1.17618e+06	
     13615.509	     1.16167e+06	
     13692.299	     1.14733e+06	
     13769.088	     1.13315e+06	
     13845.878	     1.11915e+06	
     13922.668	     1.10531e+06	
     13999.458	     1.09164e+06	
     14076.247	     1.07814e+06	
     14153.038	     1.06481e+06	
     14229.828	     1.05164e+06	
     14281.164	     1.04293e+06	
     14306.618	     1.03863e+06	
     14332.071	     1.03436e+06	
     14382.978	     1.02623e+06	
     14410.128	     1.02193e+06	
     14427.096	     1.01924e+06	
     14433.884	     1.01817e+06	
     14457.640	     1.01443e+06	
     14505.152	     1.00707e+06	
     14581.211	     9.95382e+05	
     14583.210	     9.95074e+05	
     14585.210	     9.94773e+05	
     14589.208	     9.94188e+05	
     14597.206	     9.93026e+05	
     14613.202	     9.90701e+05	
     14645.193	     9.86064e+05	
     14709.176	     9.76844e+05	
     14773.158	     9.67692e+05	
     14837.141	     9.58613e+05	
     14901.123	     9.49606e+05	
     14965.106	     9.40671e+05	
     15029.088	     9.31812e+05	
     15093.071	     9.23022e+05	
     15157.054	     9.14307e+05	
     15221.036	     9.05661e+05	
     15285.019	     8.97094e+05	
     15349.001	     8.88599e+05	
     15412.984	     8.80177e+05	
     15471.572	     8.72530e+05	
     15476.966	     8.71830e+05	
     15482.361	     8.71129e+05	
     15493.150	     8.69709e+05	
     15514.728	     8.66882e+05	
     15557.884	     8.61246e+05	
     15644.197	     8.50077e+05	
     15730.509	     8.39041e+05	
     15816.821	     8.28140e+05	
     15903.134	     8.17364e+05	
     15989.446	     8.06720e+05	
     16075.759	     7.96208e+05	
     16162.071	     7.85832e+05	
     16248.384	     7.75584e+05	
     16289.880	     7.70705e+05	
     16334.696	     7.65468e+05	
     16379.512	     7.60265e+05	
     16469.143	     7.47611e+05	
     16558.775	     7.35208e+05	
     16648.406	     7.23056e+05	
     16738.038	     7.11147e+05	
     16827.669	     6.99472e+05	
     16917.301	     6.88031e+05	
     17006.933	     6.76815e+05	
     17096.564	     6.65820e+05	
     17186.196	     6.55041e+05	
     17275.827	     6.44473e+05	
     17327.685	     6.38453e+05	
     17365.459	     6.34112e+05	
     17403.232	     6.29805e+05	
     17478.780	     6.21291e+05	
     17554.327	     6.12912e+05	
     17629.874	     6.04675e+05	
     17705.422	     5.96570e+05	
     17780.969	     5.88596e+05	
     17856.517	     5.80752e+05	
     17932.064	     5.73036e+05	
     18007.611	     5.65289e+05	
     18083.159	     5.57787e+05	
     18158.706	     5.50398e+05	
     18234.253	     5.43109e+05	
     18309.801	     5.35912e+05	
     18343.743	     5.32701e+05	
     18385.348	     5.28783e+05	
     18426.953	     5.24878e+05	
     18510.162	     5.17072e+05	
     18593.371	     5.09145e+05	
     18602.053	     5.08303e+05	
     18676.581	     5.00896e+05	
     18751.108	     4.93541e+05	
     18825.636	     4.88304e+05	
     18900.163	     4.83045e+05	
     18974.691	     4.77472e+05	
     19049.219	     4.71754e+05	
     19123.746	     4.66008e+05	
     19198.274	     4.60287e+05	
     19272.802	     4.54620e+05	
     19347.329	     4.49015e+05	
     19393.041	     4.45613e+05	
     19421.857	     4.43483e+05	
     19450.673	     4.41362e+05	
     19508.305	     4.37159e+05	
     19565.938	     4.33084e+05	
     19623.570	     4.28962e+05	
     19681.202	     4.24888e+05	
     19738.834	     4.20860e+05	
     19796.467	     4.16880e+05	
     19854.099	     4.12947e+05	
     19911.731	     4.09057e+05	
     19969.363	     4.05212e+05	
     20026.996	     4.01414e+05	
     20084.628	     3.97657e+05	
     20142.260	     3.93943e+05	
     20199.892	     3.90274e+05	
     20257.525	     3.86642e+05	
     20315.157	     3.83054e+05	
     20372.789	     3.79508e+05	
     20386.449	     3.78675e+05	
     20430.421	     3.76002e+05	
     20474.393	     3.73353e+05	
     20562.337	     3.68126e+05	
     20650.280	     3.62986e+05	
     20738.224	     3.57937e+05	
     20826.167	     3.52971e+05	
     20914.111	     3.48092e+05	
     21002.055	     3.43291e+05	
     21089.998	     3.38576e+05	
     21177.942	     3.33939e+05	
     21265.885	     3.29377e+05	
     21353.829	     3.24894e+05	
     21441.773	     3.20483e+05	
     21529.716	     3.16148e+05	
     21604.704	     3.12509e+05	
     21617.660	     3.11885e+05	
     21630.617	     3.11263e+05	
     21656.529	     3.10023e+05	
     21708.356	     3.07563e+05	
     21760.182	     3.05126e+05	
     21812.008	     3.02713e+05	
     21863.835	     3.00323e+05	
     21915.661	     2.97956e+05	
     21967.487	     2.95612e+05	
     22019.313	     2.93291e+05	
     22071.139	     2.90992e+05	
     22122.966	     2.88716e+05	
     22174.792	     2.86461e+05	
     22226.619	     2.84228e+05	
     22278.445	     2.82016e+05	
     22330.271	     2.79825e+05	
     22382.097	     2.77655e+05	
     22433.923	     2.75506e+05	
     22485.750	     2.73378e+05	
     22537.576	     2.71269e+05	
     22589.403	     2.69180e+05	
     22641.228	     2.67112e+05	
     22693.054	     2.65062e+05	
     22702.925	     2.64674e+05	
     22744.881	     2.63033e+05	
     22784.838	     2.61481e+05	
     22786.838	     2.61403e+05	
     22788.837	     2.61326e+05	
     22792.836	     2.61172e+05	
     22800.834	     2.60863e+05	
     22816.829	     2.60247e+05	
     22848.821	     2.59020e+05	
     22912.803	     2.56588e+05	
     22976.786	     2.54183e+05	
     23040.768	     2.51807e+05	
     23104.751	     2.49458e+05	
     23168.733	     2.47136e+05	
     23232.716	     2.44840e+05	
     23296.698	     2.42571e+05	
     23360.681	     2.40327e+05	
     23424.663	     2.38109e+05	
     23488.646	     2.35916e+05	
     23552.628	     2.33748e+05	
     23616.611	     2.31604e+05	
     23680.593	     2.29485e+05	
     23744.576	     2.27389e+05	
     23808.558	     2.25317e+05	
     23872.541	     2.23269e+05	
     23936.523	     2.21243e+05	
     24000.506	     2.19239e+05	
     24064.488	     2.17259e+05	
     24128.471	     2.15300e+05	
     24192.453	     2.13363e+05	
     24256.436	     2.11447e+05	
     24320.419	     2.09552e+05	
     24384.401	     2.07678e+05	
     24448.384	     2.05826e+05	
     24512.366	     2.03993e+05	
     24576.349	     2.02180e+05	
     24640.331	     2.00387e+05	
     24704.314	     1.98614e+05	
     24768.296	     1.96860e+05	
     24832.279	     1.95126e+05	
     24896.261	     1.93409e+05	
     24960.244	     1.91712e+05	
     25004.437	     1.90550e+05	
     25024.226	     1.90033e+05	
     25044.016	     1.89517e+05	
     25083.595	     1.88492e+05	
     25162.753	     1.86461e+05	
     25241.912	     1.84457e+05	
     25321.070	     1.82480e+05	
     25400.228	     1.80528e+05	
     25479.387	     1.78603e+05	
     25558.545	     1.76703e+05	
     25637.703	     1.74827e+05	
     25716.862	     1.72977e+05	
     25796.020	     1.71150e+05	
     25875.179	     1.69347e+05	
     25954.337	     1.67568e+05	
     26033.495	     1.65811e+05	
     26112.654	     1.64078e+05	
     26191.812	     1.62366e+05	
     26270.970	     1.60677e+05	
     26350.129	     1.59010e+05	
     26429.287	     1.57363e+05	
     26508.445	     1.55738e+05	
     26587.604	     1.54133e+05	
     26666.762	     1.52549e+05	
     26745.921	     1.50985e+05	
     26825.079	     1.49441e+05	
     26904.237	     1.47916e+05	
     26983.396	     1.46410e+05	
     27062.554	     1.44923e+05	
     27141.712	     1.43455e+05	
     27142.547	     1.43439e+05	
     27220.871	     1.42005e+05	
     27299.194	     1.40588e+05	
     27377.518	     1.39190e+05	
     27455.842	     1.37808e+05	
     27534.165	     1.36444e+05	
     27612.489	     1.35096e+05	
     27690.812	     1.33765e+05	
     27769.136	     1.32449e+05	
     27847.459	     1.31150e+05	
     27925.783	     1.29866e+05	
     28004.107	     1.28598e+05	
     28082.430	     1.27345e+05	
     28160.754	     1.26108e+05	
     28239.077	     1.24885e+05	
     28317.401	     1.23677e+05	
     28395.725	     1.22483e+05	
     28474.048	     1.21303e+05	
     28552.372	     1.20138e+05	
     28630.695	     1.18986e+05	
     28709.019	     1.17848e+05	
     28787.343	     1.16723e+05	
     28865.666	     1.15612e+05	
     28943.990	     1.14514e+05	
     29022.313	     1.13428e+05	
     29100.637	     1.12356e+05	
     29178.961	     1.11296e+05	
     29257.284	     1.10248e+05	
     29335.608	     1.09212e+05	
     29413.931	     1.08189e+05	
     29492.255	     1.07177e+05	
     29570.578	     1.06177e+05	
     29648.902	     1.05189e+05	
     29727.226	     1.04212e+05	
     29805.549	     1.03246e+05	
     29883.873	     1.02291e+05	
     29932.600	     1.01702e+05	
     29962.196	     1.01347e+05	
     29991.792	     1.00993e+05	
#time:0.039540
