# Koester WD models
# teff = 5750 K (value for the effective temperature for the model. Temperatures are given in K)
# logg = 9.25 log(cm/s2) (value for Log(G) for the model.)
#
#   WAVELENGTH	#           FLUX	
#   (ANGSTROM)	#  (ERG/CM2/S/A)	
##############	################	
       899.230	     1.37338e-02	
       899.395	     1.38063e-02	
       899.724	     1.39524e-02	
       900.385	     1.42489e-02	
       900.439	     1.42736e-02	
       901.704	     1.48594e-02	
       902.970	     1.54673e-02	
       904.235	     1.60982e-02	
       904.291	     1.61267e-02	
       905.501	     1.67528e-02	
       905.529	     1.67675e-02	
       906.766	     1.74318e-02	
       908.003	     1.81203e-02	
       908.450	     1.83749e-02	
       909.241	     1.88339e-02	
       910.032	     1.93035e-02	
       911.193	     2.00126e-02	
       911.613	     2.02752e-02	
       912.034	     2.05410e-02	
       912.465	     2.08171e-02	
       912.875	     2.10823e-02	
       913.037	     2.11882e-02	
       913.241	     2.13222e-02	
       913.284	     2.13506e-02	
       913.478	     2.14789e-02	
       913.531	     2.15141e-02	
       913.755	     2.16628e-02	
       913.822	     2.17076e-02	
       914.080	     2.18811e-02	
       914.165	     2.19386e-02	
       914.499	     2.21656e-02	
       914.575	     2.22176e-02	
       915.071	     2.25588e-02	
       915.540	     2.28865e-02	
       915.609	     2.29344e-02	
       915.643	     2.29584e-02	
       915.677	     2.29824e-02	
       915.741	     2.30276e-02	
       915.813	     2.30786e-02	
       916.085	     2.32722e-02	
       916.429	     2.35191e-02	
       916.858	     2.38298e-02	
       917.118	     2.40203e-02	
       917.196	     2.40778e-02	
       917.378	     2.42123e-02	
       917.899	     2.46004e-02	
       917.952	     2.46403e-02	
       918.287	     2.48938e-02	
       918.602	     2.51336e-02	
       919.251	     2.56355e-02	
       920.215	     2.63984e-02	
       921.882	     2.77572e-02	
       921.999	     2.78587e-02	
       922.143	     2.79852e-02	
       922.405	     2.82082e-02	
       922.810	     2.85447e-02	
       923.621	     2.92008e-02	
       924.432	     2.99006e-02	
       925.001	     3.04631e-02	
       925.242	     3.07231e-02	
       925.484	     3.09479e-02	
       925.564	     3.10223e-02	
       925.966	     3.13421e-02	
       926.369	     3.16076e-02	
       927.173	     3.22444e-02	
       927.774	     3.27618e-02	
       927.978	     3.29443e-02	
       928.092	     3.30486e-02	
       928.182	     3.31328e-02	
       928.591	     3.35359e-02	
       928.917	     3.39082e-02	
       928.980	     3.39864e-02	
       929.089	     3.41306e-02	
       929.261	     3.43841e-02	
       929.317	     3.44696e-02	
       929.543	     3.48487e-02	
       929.655	     3.50244e-02	
       929.769	     3.51682e-02	
       929.827	     3.52308e-02	
       929.883	     3.52892e-02	
       929.910	     3.53178e-02	
       929.939	     3.53483e-02	
       929.954	     3.53640e-02	
       929.968	     3.53787e-02	
       929.982	     3.53932e-02	
       929.996	     3.54079e-02	
       930.010	     3.54227e-02	
       930.024	     3.54375e-02	
       930.038	     3.54522e-02	
       930.052	     3.54670e-02	
       930.081	     3.54975e-02	
       930.137	     3.55565e-02	
       930.201	     3.56241e-02	
       930.247	     3.56715e-02	
       930.249	     3.56734e-02	
       930.251	     3.56756e-02	
       930.301	     3.57218e-02	
       930.326	     3.57413e-02	
       930.329	     3.57435e-02	
       930.402	     3.57893e-02	
       930.478	     3.58195e-02	
       930.630	     3.58493e-02	
       930.931	     3.59119e-02	
       931.229	     3.60268e-02	
       931.490	     3.61644e-02	
       931.534	     3.61893e-02	
       931.838	     3.63847e-02	
       931.968	     3.64422e-02	
       932.447	     3.67202e-02	
       932.925	     3.70956e-02	
       933.265	     3.74047e-02	
       933.403	     3.75376e-02	
       933.432	     3.75653e-02	
       933.542	     3.76749e-02	
       933.652	     3.77864e-02	
       933.872	     3.80130e-02	
       933.973	     3.81201e-02	
       934.073	     3.82285e-02	
       934.312	     3.84974e-02	
       934.652	     3.89099e-02	
       934.941	     3.92957e-02	
       935.230	     3.97295e-02	
       935.473	     4.01382e-02	
       935.520	     4.02237e-02	
       935.809	     4.08156e-02	
       936.144	     4.16613e-02	
       936.358	     4.22610e-02	
       936.372	     4.23006e-02	
       936.479	     4.25953e-02	
       936.601	     4.28997e-02	
       936.714	     4.31265e-02	
       936.829	     4.32977e-02	
       936.887	     4.33719e-02	
       936.944	     4.34441e-02	
       936.973	     4.34812e-02	
       937.001	     4.35167e-02	
       937.015	     4.35346e-02	
       937.029	     4.35522e-02	
       937.043	     4.35701e-02	
       937.058	     4.35893e-02	
       937.072	     4.36072e-02	
       937.086	     4.36248e-02	
       937.101	     4.36439e-02	
       937.115	     4.36619e-02	
       937.143	     4.36977e-02	
       937.200	     4.37706e-02	
       937.314	     4.39157e-02	
       937.493	     4.40803e-02	
       937.542	     4.40957e-02	
       937.593	     4.41020e-02	
       937.694	     4.40828e-02	
       937.788	     4.40445e-02	
       937.894	     4.39845e-02	
       938.000	     4.39311e-02	
       938.212	     4.38324e-02	
       938.359	     4.37938e-02	
       938.636	     4.37957e-02	
       938.914	     4.38771e-02	
       939.111	     4.39682e-02	
       939.191	     4.40143e-02	
       939.271	     4.40637e-02	
       939.431	     4.41717e-02	
       939.752	     4.44309e-02	
       940.044	     4.47045e-02	
       940.392	     4.50652e-02	
       940.740	     4.54488e-02	
       941.437	     4.62568e-02	
       942.134	     4.71606e-02	
       942.613	     4.78169e-02	
       942.830	     4.81220e-02	
       943.048	     4.84336e-02	
       943.394	     4.89413e-02	
       943.457	     4.90349e-02	
       943.482	     4.90720e-02	
       944.351	     5.03908e-02	
       944.382	     5.04395e-02	
       945.308	     5.19374e-02	
       945.770	     5.27486e-02	
       946.233	     5.36336e-02	
       946.696	     5.46486e-02	
       947.158	     5.58428e-02	
       947.621	     5.72907e-02	
       948.083	     5.90019e-02	
       948.314	     5.98728e-02	
       948.546	     6.06073e-02	
       948.661	     6.08743e-02	
       948.777	     6.10895e-02	
       948.835	     6.11907e-02	
       948.893	     6.12918e-02	
       948.922	     6.13424e-02	
       948.951	     6.13930e-02	
       948.966	     6.14191e-02	
       948.980	     6.14436e-02	
       948.994	     6.14681e-02	
       949.009	     6.14942e-02	
       949.023	     6.15187e-02	
       949.037	     6.15432e-02	
       949.052	     6.15696e-02	
       949.066	     6.15941e-02	
       949.095	     6.16446e-02	
       949.153	     6.17464e-02	
       949.230	     6.18815e-02	
       949.258	     6.19308e-02	
       949.269	     6.19500e-02	
       949.280	     6.19692e-02	
       949.330	     6.20546e-02	
       949.360	     6.21021e-02	
       949.430	     6.21995e-02	
       949.500	     6.22733e-02	
       949.640	     6.23383e-02	
       949.781	     6.23251e-02	
       949.795	     6.23188e-02	
       949.879	     6.22865e-02	
       949.921	     6.22601e-02	
       949.963	     6.22368e-02	
       950.047	     6.21991e-02	
       950.131	     6.21523e-02	
       950.467	     6.20276e-02	
       950.888	     6.20741e-02	
       951.308	     6.23408e-02	
       951.728	     6.27894e-02	
       952.149	     6.34027e-02	
       952.400	     6.38224e-02	
       952.569	     6.41315e-02	
       952.738	     6.44479e-02	
       953.076	     6.51236e-02	
       953.753	     6.65402e-02	
       954.198	     6.75336e-02	
       954.430	     6.80610e-02	
       955.106	     6.96639e-02	
       955.560	     7.07663e-02	
       955.787	     7.13229e-02	
       956.014	     7.18866e-02	
       956.241	     7.26393e-02	
       956.468	     7.33838e-02	
       956.695	     7.41196e-02	
       956.922	     7.48450e-02	
       957.149	     7.55603e-02	
       957.376	     7.62719e-02	
       957.602	     7.69718e-02	
       957.830	     7.76655e-02	
       958.284	     7.90318e-02	
       959.094	     8.14213e-02	
       959.192	     8.17100e-02	
       959.289	     8.20003e-02	
       959.319	     8.20867e-02	
       959.484	     8.25648e-02	
       959.874	     8.36898e-02	
       960.430	     8.52936e-02	
       961.541	     8.86180e-02	
       963.294	     9.39619e-02	
       963.763	     9.54124e-02	
       964.231	     9.68748e-02	
       965.168	     9.98844e-02	
       966.050	     1.02766e-01	
       966.767	     1.05144e-01	
       967.041	     1.06060e-01	
       968.032	     1.09380e-01	
       968.668	     1.11600e-01	
       969.297	     1.13652e-01	
       969.611	     1.14684e-01	
       969.927	     1.15515e-01	
       970.084	     1.15939e-01	
       970.242	     1.16177e-01	
       970.399	     1.16228e-01	
       970.556	     1.16016e-01	
       970.713	     1.15412e-01	
       970.824	     1.14755e-01	
       970.867	     1.14421e-01	
       970.870	     1.14392e-01	
       970.874	     1.14363e-01	
       970.924	     1.13931e-01	
       971.024	     1.12875e-01	
       971.101	     1.11937e-01	
       971.110	     1.11818e-01	
       971.225	     1.10331e-01	
       971.229	     1.10271e-01	
       971.348	     1.08977e-01	
       971.467	     1.08763e-01	
       971.585	     1.10735e-01	
       971.644	     1.12513e-01	
       971.703	     1.14396e-01	
       971.732	     1.15062e-01	
       971.762	     1.15410e-01	
       971.778	     1.15482e-01	
       971.792	     1.15527e-01	
       971.806	     1.15570e-01	
       971.821	     1.15617e-01	
       971.827	     1.15636e-01	
       971.833	     1.15655e-01	
       971.836	     1.15664e-01	
       971.839	     1.15673e-01	
       971.851	     1.15711e-01	
       971.866	     1.15758e-01	
       971.880	     1.15801e-01	
       971.910	     1.15885e-01	
       971.969	     1.15359e-01	
       972.037	     1.13625e-01	
       972.087	     1.12384e-01	
       972.137	     1.11498e-01	
       972.150	     1.11350e-01	
       972.237	     1.11024e-01	
       972.324	     1.11814e-01	
       972.499	     1.14902e-01	
       972.548	     1.15851e-01	
       972.673	     1.18228e-01	
       972.798	     1.20339e-01	
       972.923	     1.22148e-01	
       973.048	     1.23705e-01	
       973.173	     1.25037e-01	
       973.298	     1.26175e-01	
       973.423	     1.27209e-01	
       973.601	     1.28522e-01	
       973.673	     1.29010e-01	
       973.746	     1.29478e-01	
       973.890	     1.30373e-01	
       974.178	     1.32015e-01	
       974.754	     1.34924e-01	
       975.022	     1.36165e-01	
       975.331	     1.37564e-01	
       975.640	     1.38917e-01	
       975.686	     1.39118e-01	
       976.259	     1.41598e-01	
       977.495	     1.46960e-01	
       979.305	     1.54904e-01	
       981.114	     1.63145e-01	
       981.924	     1.66900e-01	
       982.924	     1.71617e-01	
       983.923	     1.76416e-01	
       985.227	     1.82776e-01	
       985.923	     1.86196e-01	
       986.618	     1.89664e-01	
       986.706	     1.90108e-01	
       988.009	     1.96801e-01	
       989.312	     2.03716e-01	
       989.957	     2.07219e-01	
       991.918	     2.18203e-01	
       993.880	     2.29664e-01	
       995.841	     2.41619e-01	
       997.158	     2.49956e-01	
       997.574	     2.52645e-01	
       997.802	     2.54130e-01	
       997.806	     2.54156e-01	
       998.447	     2.58366e-01	
       999.319	     2.64196e-01	
       999.435	     2.64975e-01	
      1001.064	     2.76180e-01	
      1002.694	     2.87860e-01	
      1004.323	     2.99982e-01	
      1005.836	     3.11640e-01	
      1005.952	     3.12550e-01	
      1007.581	     3.25579e-01	
      1009.326	     3.40055e-01	
      1011.071	     3.55060e-01	
      1011.303	     3.57095e-01	
      1012.816	     3.70626e-01	
      1014.329	     3.84581e-01	
      1015.378	     3.94512e-01	
      1017.355	     4.13751e-01	
      1017.620	     4.16437e-01	
      1019.046	     4.30637e-01	
      1019.332	     4.33455e-01	
      1020.046	     4.40410e-01	
      1021.044	     4.49788e-01	
      1021.544	     4.53882e-01	
      1022.043	     4.57165e-01	
      1022.293	     4.58405e-01	
      1022.543	     4.59087e-01	
      1022.792	     4.59383e-01	
      1023.043	     4.58343e-01	
      1023.168	     4.57419e-01	
      1023.293	     4.56351e-01	
      1023.417	     4.54337e-01	
      1023.542	     4.51827e-01	
      1023.667	     4.49028e-01	
      1023.792	     4.45927e-01	
      1023.916	     4.41966e-01	
      1024.041	     4.37536e-01	
      1024.165	     4.33012e-01	
      1024.290	     4.28526e-01	
      1024.415	     4.24545e-01	
      1024.540	     4.21900e-01	
      1024.666	     4.23132e-01	
      1024.741	     4.26955e-01	
      1024.767	     4.28944e-01	
      1024.791	     4.30932e-01	
      1024.841	     4.35956e-01	
      1024.852	     4.37140e-01	
      1024.915	     4.43530e-01	
      1024.947	     4.45839e-01	
      1024.978	     4.46989e-01	
      1024.993	     4.47231e-01	
      1025.009	     4.47413e-01	
      1025.025	     4.47586e-01	
      1025.040	     4.47746e-01	
      1025.056	     4.47919e-01	
      1025.072	     4.48092e-01	
      1025.087	     4.48252e-01	
      1025.103	     4.48425e-01	
      1025.134	     4.48755e-01	
      1025.196	     4.47972e-01	
      1025.271	     4.42459e-01	
      1025.320	     4.38255e-01	
      1025.371	     4.34762e-01	
      1025.471	     4.31278e-01	
      1025.521	     4.31262e-01	
      1025.571	     4.32110e-01	
      1025.621	     4.33785e-01	
      1025.721	     4.38412e-01	
      1025.821	     4.43791e-01	
      1025.874	     4.46822e-01	
      1025.972	     4.52575e-01	
      1026.021	     4.55446e-01	
      1026.070	     4.58336e-01	
      1026.266	     4.69608e-01	
      1026.463	     4.79577e-01	
      1026.659	     4.88392e-01	
      1026.855	     4.96582e-01	
      1026.997	     5.01175e-01	
      1027.033	     5.02312e-01	
      1027.051	     5.02881e-01	
      1027.069	     5.03443e-01	
      1027.141	     5.05661e-01	
      1027.285	     5.09912e-01	
      1027.573	     5.16921e-01	
      1027.861	     5.23330e-01	
      1028.438	     5.34149e-01	
      1028.961	     5.42795e-01	
      1029.008	     5.43533e-01	
      1029.014	     5.43627e-01	
      1029.067	     5.44460e-01	
      1029.173	     5.46119e-01	
      1029.338	     5.48648e-01	
      1029.668	     5.53549e-01	
      1030.113	     5.60099e-01	
      1030.329	     5.63291e-01	
      1031.650	     5.82492e-01	
      1033.187	     6.04618e-01	
      1036.215	     6.49625e-01	
      1036.255	     6.50241e-01	
      1036.260	     6.50319e-01	
      1036.265	     6.50395e-01	
      1036.288	     6.50750e-01	
      1036.315	     6.51164e-01	
      1036.415	     6.52707e-01	
      1036.615	     6.55795e-01	
      1037.016	     6.62000e-01	
      1037.816	     6.74534e-01	
      1039.344	     6.98967e-01	
      1040.453	     7.17094e-01	
      1042.400	     7.49933e-01	
      1043.238	     7.64481e-01	
      1044.347	     7.84107e-01	
      1046.294	     8.19664e-01	
      1049.349	     8.78370e-01	
      1050.458	     9.00660e-01	
      1052.405	     9.41042e-01	
      1053.243	     9.58927e-01	
      1054.352	     9.83045e-01	
      1056.299	     1.02673e+00	
      1059.355	     1.09883e+00	
      1060.463	     1.12599e+00	
      1062.410	     1.17518e+00	
      1063.248	     1.19696e+00	
      1064.357	     1.22630e+00	
      1066.304	     1.27939e+00	
      1069.359	     1.36689e+00	
      1070.468	     1.40013e+00	
      1072.415	     1.46028e+00	
      1074.362	     1.52274e+00	
      1076.309	     1.58761e+00	
      1077.147	     1.61631e+00	
      1078.255	     1.65498e+00	
      1079.364	     1.69449e+00	
      1080.720	     1.74369e+00	
      1081.581	     1.77559e+00	
      1082.425	     1.80735e+00	
      1082.442	     1.80799e+00	
      1084.165	     1.87435e+00	
      1085.905	     1.94357e+00	
      1087.637	     2.01476e+00	
      1089.368	     2.08824e+00	
      1091.100	     2.16460e+00	
      1091.293	     2.17327e+00	
      1092.832	     2.24347e+00	
      1094.370	     2.31570e+00	
      1095.523	     2.37116e+00	
      1097.448	     2.46646e+00	
      1099.372	     2.56519e+00	
      1101.297	     2.66683e+00	
      1102.070	     2.70862e+00	
      1103.222	     2.77207e+00	
      1103.982	     2.81467e+00	
      1104.374	     2.83686e+00	
      1106.679	     2.97054e+00	
      1109.376	     3.13411e+00	
      1109.769	     3.15890e+00	
      1112.073	     3.30819e+00	
      1114.378	     3.46383e+00	
      1116.683	     3.62599e+00	
      1118.596	     3.76570e+00	
      1118.684	     3.77224e+00	
      1118.988	     3.79495e+00	
      1119.380	     3.82439e+00	
      1120.076	     3.87717e+00	
      1121.469	     3.98467e+00	
      1123.778	     4.16886e+00	
      1124.254	     4.20757e+00	
      1124.730	     4.24633e+00	
      1125.682	     4.32484e+00	
      1125.790	     4.33383e+00	
      1127.075	     4.44196e+00	
      1127.587	     4.48575e+00	
      1127.845	     4.50797e+00	
      1129.384	     4.64239e+00	
      1131.692	     4.85074e+00	
      1135.540	     5.21580e+00	
      1139.387	     5.60287e+00	
      1142.080	     5.88697e+00	
      1143.234	     6.01216e+00	
      1144.004	     6.09679e+00	
      1144.388	     6.13930e+00	
      1146.697	     6.39873e+00	
      1149.390	     6.70853e+00	
      1154.391	     7.29534e+00	
      1159.393	     7.87940e+00	
      1161.893	     8.16267e+00	
      1164.394	     8.43728e+00	
      1166.895	     8.70004e+00	
      1169.395	     8.94867e+00	
      1171.896	     9.18988e+00	
      1173.146	     9.31683e+00	
      1174.397	     9.45475e+00	
      1175.647	     9.60872e+00	
      1176.897	     9.78301e+00	
      1177.860	     9.93086e+00	
      1178.148	     9.97698e+00	
      1179.398	     1.01871e+01	
      1180.936	     1.04635e+01	
      1182.475	     1.07571e+01	
      1182.858	     1.08319e+01	
      1184.013	     1.10627e+01	
      1185.168	     1.12976e+01	
      1185.558	     1.13773e+01	
      1187.479	     1.17783e+01	
      1189.400	     1.21891e+01	
      1192.085	     1.27853e+01	
      1193.243	     1.30522e+01	
      1194.034	     1.32374e+01	
      1194.402	     1.33246e+01	
      1196.718	     1.38845e+01	
      1196.902	     1.39295e+01	
      1199.403	     1.45553e+01	
      1201.903	     1.52142e+01	
      1204.404	     1.59374e+01	
      1206.904	     1.67347e+01	
      1208.485	     1.72803e+01	
      1209.405	     1.76139e+01	
      1210.325	     1.79566e+01	
      1211.639	     1.84612e+01	
      1212.165	     1.86606e+01	
      1212.691	     1.88501e+01	
      1213.613	     1.91532e+01	
      1213.744	     1.91948e+01	
      1213.807	     1.92147e+01	
      1213.875	     1.92363e+01	
      1214.137	     1.93195e+01	
      1214.171	     1.93304e+01	
      1214.467	     1.94248e+01	
      1214.615	     1.94723e+01	
      1214.763	     1.95198e+01	
      1214.837	     1.95435e+01	
      1214.911	     1.95673e+01	
      1214.948	     1.95793e+01	
      1214.985	     1.95912e+01	
      1215.004	     1.95973e+01	
      1215.022	     1.96031e+01	
      1215.040	     1.96089e+01	
      1215.059	     1.96150e+01	
      1215.077	     1.96208e+01	
      1215.095	     1.96267e+01	
      1215.114	     1.96328e+01	
      1215.132	     1.96386e+01	
      1215.169	     1.96506e+01	
      1215.243	     1.96745e+01	
      1215.391	     1.97224e+01	
      1215.637	     1.98023e+01	
      1215.687	     1.98186e+01	
      1215.737	     1.98349e+01	
      1215.795	     1.98538e+01	
      1215.837	     1.98675e+01	
      1216.037	     1.99329e+01	
      1216.064	     1.99417e+01	
      1216.279	     2.00122e+01	
      1216.763	     2.01716e+01	
      1217.462	     2.03962e+01	
      1218.315	     2.06360e+01	
      1218.861	     2.07650e+01	
      1218.985	     2.07935e+01	
      1219.407	     2.08819e+01	
      1219.829	     2.09642e+01	
      1220.104	     2.10198e+01	
      1220.673	     2.11301e+01	
      1221.233	     2.12422e+01	
      1222.361	     2.14914e+01	
      1223.490	     2.17678e+01	
      1224.569	     2.20631e+01	
      1224.619	     2.20773e+01	
      1224.669	     2.20915e+01	
      1224.769	     2.21203e+01	
      1224.969	     2.21791e+01	
      1225.369	     2.22982e+01	
      1226.130	     2.25334e+01	
      1226.169	     2.25456e+01	
      1227.769	     2.30712e+01	
      1228.639	     2.33745e+01	
      1229.409	     2.36502e+01	
      1230.178	     2.39337e+01	
      1231.716	     2.45191e+01	
      1234.744	     2.57216e+01	
      1234.790	     2.57404e+01	
      1234.792	     2.57412e+01	
      1234.794	     2.57420e+01	
      1234.844	     2.57624e+01	
      1234.945	     2.58033e+01	
      1235.145	     2.58853e+01	
      1235.545	     2.60501e+01	
      1236.345	     2.63833e+01	
      1236.480	     2.64399e+01	
      1237.945	     2.70627e+01	
      1239.410	     2.76997e+01	
      1240.270	     2.80805e+01	
      1242.341	     2.90160e+01	
      1244.411	     2.99793e+01	
      1247.692	     3.15595e+01	
      1247.852	     3.16384e+01	
      1248.552	     3.19855e+01	
      1249.412	     3.24156e+01	
      1251.132	     3.32918e+01	
      1251.912	     3.36961e+01	
      1254.413	     3.50237e+01	
      1256.913	     3.64051e+01	
      1259.413	     3.78499e+01	
      1261.914	     3.93598e+01	
      1264.414	     4.09507e+01	
      1266.914	     4.26503e+01	
      1269.415	     4.44394e+01	
      1271.915	     4.63322e+01	
      1274.415	     4.82992e+01	
      1276.915	     5.03362e+01	
      1279.416	     5.24561e+01	
      1284.416	     5.68135e+01	
      1289.417	     6.14163e+01	
      1294.417	     6.61965e+01	
      1296.918	     6.87022e+01	
      1299.418	     7.12840e+01	
      1301.918	     7.39804e+01	
      1304.418	     7.67727e+01	
      1309.419	     8.25739e+01	
      1314.419	     8.85891e+01	
      1319.420	     9.50011e+01	
      1321.920	     9.83752e+01	
      1324.420	     1.01872e+02	
      1326.920	     1.05536e+02	
      1329.420	     1.09310e+02	
      1334.421	     1.17011e+02	
      1339.421	     1.25067e+02	
      1341.921	     1.29235e+02	
      1344.421	     1.33529e+02	
      1346.921	     1.38053e+02	
      1349.421	     1.42726e+02	
      1354.422	     1.52540e+02	
      1359.422	     1.62966e+02	
      1364.422	     1.73649e+02	
      1365.191	     1.75327e+02	
      1369.422	     1.84810e+02	
      1373.653	     1.94753e+02	
      1376.346	     2.01388e+02	
      1377.884	     2.05268e+02	
      1379.422	     2.09250e+02	
      1380.574	     2.12276e+02	
      1382.499	     2.17415e+02	
      1384.423	     2.22693e+02	
      1387.119	     2.30283e+02	
      1388.271	     2.33594e+02	
      1389.031	     2.35800e+02	
      1389.423	     2.36946e+02	
      1391.727	     2.43778e+02	
      1394.423	     2.51924e+02	
      1399.423	     2.67417e+02	
      1404.423	     2.83582e+02	
      1409.423	     3.00614e+02	
      1414.423	     3.18749e+02	
      1419.423	     3.37938e+02	
      1424.423	     3.58028e+02	
      1429.423	     3.79065e+02	
      1434.423	     4.00745e+02	
      1439.423	     4.23345e+02	
      1444.422	     4.47005e+02	
      1449.422	     4.72345e+02	
      1454.422	     4.99284e+02	
      1459.422	     5.27558e+02	
      1464.422	     5.57447e+02	
      1465.960	     5.67001e+02	
      1469.422	     5.88716e+02	
      1472.884	     6.10603e+02	
      1473.268	     6.12984e+02	
      1474.422	     6.20188e+02	
      1476.345	     6.32346e+02	
      1479.421	     6.52094e+02	
      1484.421	     6.85354e+02	
      1489.421	     7.20044e+02	
      1494.421	     7.55610e+02	
      1499.420	     7.93280e+02	
      1504.420	     8.34256e+02	
      1509.420	     8.78204e+02	
      1514.420	     9.24678e+02	
      1519.419	     9.73473e+02	
      1524.419	     1.02519e+03	
      1529.419	     1.07967e+03	
      1534.418	     1.13515e+03	
      1539.418	     1.19044e+03	
      1544.418	     1.24580e+03	
      1549.417	     1.30130e+03	
      1554.417	     1.35677e+03	
      1559.417	     1.41220e+03	
      1564.416	     1.46986e+03	
      1566.724	     1.49767e+03	
      1569.416	     1.53121e+03	
      1570.186	     1.54102e+03	
      1572.107	     1.56578e+03	
      1574.415	     1.59633e+03	
      1574.800	     1.60149e+03	
      1579.415	     1.66503e+03	
      1584.414	     1.73647e+03	
      1589.414	     1.81072e+03	
      1594.413	     1.88866e+03	
      1599.413	     1.97199e+03	
      1604.413	     2.05930e+03	
      1609.412	     2.15421e+03	
      1614.412	     2.25670e+03	
      1619.411	     2.36853e+03	
      1624.410	     2.49058e+03	
      1629.410	     2.62347e+03	
      1634.409	     2.76770e+03	
      1639.409	     2.92029e+03	
      1644.408	     3.07804e+03	
      1649.408	     3.23729e+03	
      1654.407	     3.39609e+03	
      1659.407	     3.55462e+03	
      1664.406	     3.71346e+03	
      1665.560	     3.75053e+03	
      1669.405	     3.87446e+03	
      1670.174	     3.89947e+03	
      1673.251	     4.00038e+03	
      1674.405	     4.03855e+03	
      1676.328	     4.10295e+03	
      1679.404	     4.20772e+03	
      1684.404	     4.38296e+03	
      1689.403	     4.56527e+03	
      1694.402	     4.75524e+03	
      1699.402	     4.95351e+03	
      1704.401	     5.15784e+03	
      1709.400	     5.36779e+03	
      1714.400	     5.58472e+03	
      1719.399	     5.80909e+03	
      1724.398	     6.04223e+03	
      1729.398	     6.28143e+03	
      1734.397	     6.52729e+03	
      1739.396	     6.77902e+03	
      1744.396	     7.03732e+03	
      1749.395	     7.29845e+03	
      1754.394	     7.56741e+03	
      1759.393	     7.84273e+03	
      1764.393	     8.12614e+03	
      1767.084	     8.28221e+03	
      1767.854	     8.32733e+03	
      1769.392	     8.41802e+03	
      1771.700	     8.55584e+03	
      1774.391	     8.71999e+03	
      1775.545	     8.79118e+03	
      1779.391	     9.03192e+03	
      1784.390	     9.35667e+03	
      1789.389	     9.69228e+03	
      1794.388	     1.00344e+04	
      1799.387	     1.03867e+04	
      1809.386	     1.11151e+04	
      1819.384	     1.18849e+04	
      1823.999	     1.22530e+04	
      1829.383	     1.26940e+04	
      1834.767	     1.31480e+04	
      1845.535	     1.40899e+04	
      1856.303	     1.50955e+04	
      1863.998	     1.58462e+04	
      1867.072	     1.61524e+04	
      1870.145	     1.64635e+04	
      1876.292	     1.71091e+04	
      1882.439	     1.77748e+04	
      1888.586	     1.84617e+04	
      1900.880	     1.99006e+04	
      1906.980	     2.06476e+04	
      1913.174	     2.14295e+04	
      1919.368	     2.22348e+04	
      1925.561	     2.30512e+04	
      1931.755	     2.38959e+04	
      1937.949	     2.47927e+04	
      1944.143	     2.56852e+04	
      1944.472	     2.57331e+04	
      1956.531	     2.75794e+04	
      1968.590	     2.94879e+04	
      1980.648	     3.14938e+04	
      1992.707	     3.36031e+04	
      2004.766	     3.58220e+04	
      2015.838	     3.79580e+04	
      2016.825	     3.81531e+04	
      2017.811	     3.83488e+04	
      2019.785	     3.87446e+04	
      2023.732	     3.95567e+04	
      2031.627	     4.12080e+04	
      2047.416	     4.46125e+04	
      2059.377	     4.73309e+04	
      2063.205	     4.82272e+04	
      2067.032	     4.91364e+04	
      2074.686	     5.10072e+04	
      2089.995	     5.49154e+04	
      2094.355	     5.60699e+04	
      2105.304	     5.90491e+04	
      2116.253	     6.21467e+04	
      2127.202	     6.53759e+04	
      2132.725	     6.70686e+04	
      2138.151	     6.87732e+04	
      2149.099	     7.22632e+04	
      2165.474	     7.77243e+04	
      2181.848	     8.34727e+04	
      2198.223	     8.95329e+04	
      2214.501	     9.58867e+04	
      2214.598	     9.59257e+04	
      2214.695	     9.59647e+04	
      2214.741	     9.59829e+04	
      2214.888	     9.60416e+04	
      2215.276	     9.61962e+04	
      2216.052	     9.65056e+04	
      2217.604	     9.71270e+04	
      2220.707	     9.83532e+04	
      2226.914	     1.00831e+05	
      2227.034	     1.00880e+05	
      2239.327	     1.05919e+05	
      2251.621	     1.11082e+05	
      2263.914	     1.16402e+05	
      2276.207	     1.22146e+05	
      2288.501	     1.28018e+05	
      2300.794	     1.34065e+05	
      2312.946	     1.40407e+05	
      2313.040	     1.40457e+05	
      2313.087	     1.40482e+05	
      2313.134	     1.40507e+05	
      2313.322	     1.40604e+05	
      2313.697	     1.40797e+05	
      2314.449	     1.41186e+05	
      2315.951	     1.41965e+05	
      2318.955	     1.43532e+05	
      2324.964	     1.46704e+05	
      2336.980	     1.53370e+05	
      2348.996	     1.60454e+05	
      2359.673	     1.66969e+05	
      2361.014	     1.67803e+05	
      2362.354	     1.68682e+05	
      2365.036	     1.70461e+05	
      2370.399	     1.74072e+05	
      2381.125	     1.81517e+05	
      2386.488	     1.85354e+05	
      2391.852	     1.89262e+05	
      2395.881	     1.92480e+05	
      2397.215	     1.93564e+05	
      2402.577	     1.97990e+05	
      2409.274	     2.03675e+05	
      2415.970	     2.09566e+05	
      2422.667	     2.15701e+05	
      2429.363	     2.22584e+05	
      2436.060	     2.29713e+05	
      2442.710	     2.37075e+05	
      2449.452	     2.44842e+05	
      2451.595	     2.47377e+05	
      2456.194	     2.52934e+05	
      2460.793	     2.59393e+05	
      2465.392	     2.65910e+05	
      2474.590	     2.79531e+05	
      2483.788	     2.94186e+05	
      2492.986	     3.09937e+05	
      2494.354	     3.12374e+05	
      2502.184	     3.26663e+05	
      2510.013	     3.41306e+05	
      2517.842	     3.55273e+05	
      2521.757	     3.61729e+05	
      2525.671	     3.68650e+05	
      2529.586	     3.76438e+05	
      2533.500	     3.84330e+05	
      2537.415	     3.92332e+05	
      2541.329	     4.00440e+05	
      2545.244	     4.08662e+05	
      2546.914	     4.12208e+05	
      2553.074	     4.25444e+05	
      2559.232	     4.39003e+05	
      2565.391	     4.54296e+05	
      2571.550	     4.69948e+05	
      2583.868	     5.02350e+05	
      2596.187	     5.36138e+05	
      2608.505	     5.71487e+05	
      2620.823	     6.08432e+05	
      2633.141	     6.47071e+05	
      2633.248	     6.47413e+05	
      2645.459	     6.87073e+05	
      2651.564	     7.07462e+05	
      2657.670	     7.28205e+05	
      2663.776	     7.45996e+05	
      2669.881	     7.63894e+05	
      2682.092	     8.00047e+05	
      2706.514	     8.73941e+05	
      2730.936	     9.49389e+05	
      2754.609	     1.02406e+06	
      2755.359	     1.02645e+06	
      2756.108	     1.02885e+06	
      2757.608	     1.03386e+06	
      2760.607	     1.04391e+06	
      2766.606	     1.06412e+06	
      2778.603	     1.10495e+06	
      2802.597	     1.18824e+06	
      2826.591	     1.27381e+06	
      2846.624	     1.34717e+06	
      2850.585	     1.36189e+06	
      2854.546	     1.37667e+06	
      2862.468	     1.40899e+06	
      2878.313	     1.47520e+06	
      2894.157	     1.54300e+06	
      2910.001	     1.61234e+06	
      2930.395	     1.70392e+06	
      2941.689	     1.75575e+06	
      2952.983	     1.80837e+06	
      2975.572	     1.90952e+06	
      2998.160	     2.01304e+06	
      3035.253	     2.18844e+06	
      3043.337	     2.22757e+06	
      3051.421	     2.26700e+06	
      3059.505	     2.31228e+06	
      3067.589	     2.35810e+06	
      3082.328	     2.44277e+06	
      3083.757	     2.45105e+06	
      3116.092	     2.64221e+06	
      3132.975	     2.74475e+06	
      3149.857	     2.84901e+06	
      3166.739	     2.96597e+06	
      3183.621	     3.08510e+06	
      3186.478	     3.10545e+06	
      3217.386	     3.32962e+06	
      3232.840	     3.44416e+06	
      3240.567	     3.50206e+06	
      3248.294	     3.56034e+06	
      3256.021	     3.60228e+06	
      3263.748	     3.64434e+06	
      3271.475	     3.68647e+06	
      3279.202	     3.72869e+06	
      3286.929	     3.77104e+06	
      3294.656	     3.81345e+06	
      3302.383	     3.85596e+06	
      3304.399	     3.86708e+06	
      3310.110	     3.89856e+06	
      3325.564	     3.98398e+06	
      3332.955	     4.02495e+06	
      3346.730	     4.10144e+06	
      3389.061	     4.34118e+06	
      3445.167	     4.66090e+06	
      3458.943	     4.73815e+06	
      3495.922	     4.94556e+06	
      3501.272	     4.97553e+06	
      3543.602	     5.21231e+06	
      3591.283	     5.47501e+06	
      3635.884	     5.71789e+06	
      3638.963	     5.73457e+06	
      3642.042	     5.75156e+06	
      3643.122	     5.75747e+06	
      3645.121	     5.76850e+06	
      3645.281	     5.76938e+06	
      3647.121	     5.77953e+06	
      3648.960	     5.78967e+06	
      3651.320	     5.80265e+06	
      3652.639	     5.80990e+06	
      3653.959	     5.81716e+06	
      3654.239	     5.81870e+06	
      3656.598	     5.83164e+06	
      3658.958	     5.84456e+06	
      3663.397	     5.86881e+06	
      3663.676	     5.87032e+06	
      3663.956	     5.87186e+06	
      3664.516	     5.87490e+06	
      3665.636	     5.88100e+06	
      3666.796	     5.88731e+06	
      3667.875	     5.89319e+06	
      3668.275	     5.89536e+06	
      3668.955	     5.89903e+06	
      3671.115	     5.91075e+06	
      3673.954	     5.92611e+06	
      3675.202	     5.93287e+06	
      3678.952	     5.95310e+06	
      3682.583	     5.97261e+06	
      3682.703	     5.97327e+06	
      3682.822	     5.97390e+06	
      3683.062	     5.97518e+06	
      3683.178	     5.97581e+06	
      3683.542	     5.97776e+06	
      3684.502	     5.98291e+06	
      3684.819	     5.98461e+06	
      3685.826	     5.99001e+06	
      3686.832	     5.99538e+06	
      3688.742	     6.00559e+06	
      3688.846	     6.00616e+06	
      3688.939	     6.00663e+06	
      3688.950	     6.00669e+06	
      3689.158	     6.00782e+06	
      3689.377	     6.00899e+06	
      3689.730	     6.01087e+06	
      3689.815	     6.01131e+06	
      3689.900	     6.01178e+06	
      3690.070	     6.01269e+06	
      3690.410	     6.01448e+06	
      3690.624	     6.01565e+06	
      3691.089	     6.01813e+06	
      3691.469	     6.02014e+06	
      3691.554	     6.02058e+06	
      3691.700	     6.02136e+06	
      3692.484	     6.02554e+06	
      3693.499	     6.03095e+06	
      3694.397	     6.03572e+06	
      3695.297	     6.04050e+06	
      3695.808	     6.04323e+06	
      3696.197	     6.04527e+06	
      3696.525	     6.04703e+06	
      3696.586	     6.04735e+06	
      3696.647	     6.04766e+06	
      3696.666	     6.04779e+06	
      3696.759	     6.04826e+06	
      3696.769	     6.04832e+06	
      3696.872	     6.04885e+06	
      3696.929	     6.04917e+06	
      3696.985	     6.04945e+06	
      3697.041	     6.04976e+06	
      3697.097	     6.05005e+06	
      3697.153	     6.05036e+06	
      3697.209	     6.05064e+06	
      3697.265	     6.05096e+06	
      3697.322	     6.05124e+06	
      3697.347	     6.05140e+06	
      3697.405	     6.05168e+06	
      3697.434	     6.05184e+06	
      3697.463	     6.05200e+06	
      3697.499	     6.05218e+06	
      3697.529	     6.05234e+06	
      3697.579	     6.05262e+06	
      3697.659	     6.05303e+06	
      3697.819	     6.05388e+06	
      3698.109	     6.05542e+06	
      3698.429	     6.05712e+06	
      3698.688	     6.05850e+06	
      3698.886	     6.05954e+06	
      3698.947	     6.05988e+06	
      3699.008	     6.06020e+06	
      3699.130	     6.06082e+06	
      3699.374	     6.06214e+06	
      3699.533	     6.06296e+06	
      3699.862	     6.06472e+06	
      3699.879	     6.06481e+06	
      3700.191	     6.06645e+06	
      3700.198	     6.06648e+06	
      3700.503	     6.06811e+06	
      3700.808	     6.06971e+06	
      3700.842	     6.06990e+06	
      3701.092	     6.07122e+06	
      3701.418	     6.07295e+06	
      3701.994	     6.07597e+06	
      3702.444	     6.07835e+06	
      3702.895	     6.08074e+06	
      3703.121	     6.08193e+06	
      3703.346	     6.08313e+06	
      3703.458	     6.08369e+06	
      3703.571	     6.08429e+06	
      3703.628	     6.08461e+06	
      3703.684	     6.08489e+06	
      3703.740	     6.08520e+06	
      3703.797	     6.08548e+06	
      3703.853	     6.08580e+06	
      3703.909	     6.08608e+06	
      3703.966	     6.08640e+06	
      3704.022	     6.08668e+06	
      3704.085	     6.08702e+06	
      3704.134	     6.08728e+06	
      3704.185	     6.08753e+06	
      3704.210	     6.08768e+06	
      3704.222	     6.08775e+06	
      3704.285	     6.08806e+06	
      3704.314	     6.08822e+06	
      3704.360	     6.08847e+06	
      3704.406	     6.08872e+06	
      3704.491	     6.08916e+06	
      3704.567	     6.08954e+06	
      3704.590	     6.08966e+06	
      3704.689	     6.09020e+06	
      3704.811	     6.09083e+06	
      3705.055	     6.09211e+06	
      3705.373	     6.09381e+06	
      3705.543	     6.09469e+06	
      3705.713	     6.09560e+06	
      3706.052	     6.09736e+06	
      3706.073	     6.09749e+06	
      3706.732	     6.10094e+06	
      3707.267	     6.10377e+06	
      3707.391	     6.10443e+06	
      3707.515	     6.10506e+06	
      3707.614	     6.10559e+06	
      3707.763	     6.10638e+06	
      3707.912	     6.10716e+06	
      3708.118	     6.10823e+06	
      3708.210	     6.10870e+06	
      3708.302	     6.10920e+06	
      3708.486	     6.11018e+06	
      3708.763	     6.11162e+06	
      3708.854	     6.11209e+06	
      3708.873	     6.11219e+06	
      3708.945	     6.11257e+06	
      3709.127	     6.11354e+06	
      3709.206	     6.11395e+06	
      3709.491	     6.11542e+06	
      3710.108	     6.11866e+06	
      3710.902	     6.12284e+06	
      3711.011	     6.12340e+06	
      3711.120	     6.12397e+06	
      3711.213	     6.12447e+06	
      3711.323	     6.12504e+06	
      3711.338	     6.12513e+06	
      3711.463	     6.12576e+06	
      3711.517	     6.12604e+06	
      3711.576	     6.12636e+06	
      3711.603	     6.12651e+06	
      3711.689	     6.12695e+06	
      3711.746	     6.12724e+06	
      3711.802	     6.12755e+06	
      3711.858	     6.12783e+06	
      3711.915	     6.12812e+06	
      3711.971	     6.12843e+06	
      3712.027	     6.12871e+06	
      3712.084	     6.12903e+06	
      3712.140	     6.12931e+06	
      3712.203	     6.12966e+06	
      3712.252	     6.12991e+06	
      3712.303	     6.13016e+06	
      3712.327	     6.13028e+06	
      3712.331	     6.13032e+06	
      3712.403	     6.13069e+06	
      3712.479	     6.13110e+06	
      3712.631	     6.13189e+06	
      3712.931	     6.13346e+06	
      3713.228	     6.13500e+06	
      3713.531	     6.13660e+06	
      3713.833	     6.13817e+06	
      3714.242	     6.14031e+06	
      3714.420	     6.14125e+06	
      3714.439	     6.14134e+06	
      3714.636	     6.14238e+06	
      3715.030	     6.14442e+06	
      3715.640	     6.14759e+06	
      3716.765	     6.15347e+06	
      3716.790	     6.15359e+06	
      3716.860	     6.15397e+06	
      3716.955	     6.15444e+06	
      3717.145	     6.15545e+06	
      3717.524	     6.15743e+06	
      3718.189	     6.16088e+06	
      3718.259	     6.16126e+06	
      3718.329	     6.16161e+06	
      3718.469	     6.16233e+06	
      3718.556	     6.16280e+06	
      3718.631	     6.16318e+06	
      3718.734	     6.16371e+06	
      3718.749	     6.16380e+06	
      3718.942	     6.16481e+06	
      3719.253	     6.16641e+06	
      3719.474	     6.16757e+06	
      3719.772	     6.16911e+06	
      3720.070	     6.17065e+06	
      3720.356	     6.17197e+06	
      3720.523	     6.17276e+06	
      3720.666	     6.17342e+06	
      3720.976	     6.17486e+06	
      3721.202	     6.17584e+06	
      3721.428	     6.17681e+06	
      3721.542	     6.17731e+06	
      3721.655	     6.17778e+06	
      3721.711	     6.17804e+06	
      3721.768	     6.17829e+06	
      3721.825	     6.17854e+06	
      3721.881	     6.17876e+06	
      3721.938	     6.17901e+06	
      3721.995	     6.17926e+06	
      3722.051	     6.17951e+06	
      3722.108	     6.17976e+06	
      3722.221	     6.18024e+06	
      3722.398	     6.18102e+06	
      3722.447	     6.18124e+06	
      3722.498	     6.18146e+06	
      3722.598	     6.18190e+06	
      3722.695	     6.18231e+06	
      3722.798	     6.18275e+06	
      3722.901	     6.18319e+06	
      3723.107	     6.18410e+06	
      3723.231	     6.18463e+06	
      3723.519	     6.18589e+06	
      3723.807	     6.18712e+06	
      3724.383	     6.18963e+06	
      3725.451	     6.19425e+06	
      3725.534	     6.19459e+06	
      3725.617	     6.19497e+06	
      3725.751	     6.19553e+06	
      3725.783	     6.19566e+06	
      3725.916	     6.19626e+06	
      3725.931	     6.19632e+06	
      3726.115	     6.19711e+06	
      3726.479	     6.19868e+06	
      3727.042	     6.20110e+06	
      3727.366	     6.20251e+06	
      3728.153	     6.20590e+06	
      3728.639	     6.20801e+06	
      3728.940	     6.20930e+06	
      3729.009	     6.20961e+06	
      3729.240	     6.21058e+06	
      3729.842	     6.21319e+06	
      3730.676	     6.21677e+06	
      3732.194	     6.22331e+06	
      3732.344	     6.22393e+06	
      3732.494	     6.22459e+06	
      3732.794	     6.22588e+06	
      3733.352	     6.22827e+06	
      3733.384	     6.22843e+06	
      3733.393	     6.22846e+06	
      3733.402	     6.22849e+06	
      3733.452	     6.22871e+06	
      3733.552	     6.22915e+06	
      3733.648	     6.22956e+06	
      3733.752	     6.23000e+06	
      3733.856	     6.23044e+06	
      3734.004	     6.23107e+06	
      3734.044	     6.23125e+06	
      3734.064	     6.23132e+06	
      3734.084	     6.23141e+06	
      3734.131	     6.23160e+06	
      3734.140	     6.23166e+06	
      3734.164	     6.23176e+06	
      3734.197	     6.23188e+06	
      3734.254	     6.23213e+06	
      3734.311	     6.23235e+06	
      3734.368	     6.23261e+06	
      3734.425	     6.23286e+06	
      3734.482	     6.23311e+06	
      3734.539	     6.23336e+06	
      3734.652	     6.23386e+06	
      3734.829	     6.23462e+06	
      3734.878	     6.23484e+06	
      3734.929	     6.23506e+06	
      3735.029	     6.23546e+06	
      3735.124	     6.23587e+06	
      3735.173	     6.23609e+06	
      3735.229	     6.23634e+06	
      3735.334	     6.23678e+06	
      3735.391	     6.23704e+06	
      3735.495	     6.23748e+06	
      3735.817	     6.23886e+06	
      3736.000	     6.23964e+06	
      3736.243	     6.24068e+06	
      3736.486	     6.24172e+06	
      3736.971	     6.24379e+06	
      3737.826	     6.24747e+06	
      3737.943	     6.24797e+06	
      3738.060	     6.24847e+06	
      3738.294	     6.24948e+06	
      3738.587	     6.25073e+06	
      3738.762	     6.25146e+06	
      3738.937	     6.25221e+06	
      3739.287	     6.25372e+06	
      3739.498	     6.25460e+06	
      3739.987	     6.25670e+06	
      3740.476	     6.25878e+06	
      3741.212	     6.26192e+06	
      3741.453	     6.26295e+06	
      3741.694	     6.26399e+06	
      3742.092	     6.26569e+06	
      3742.176	     6.26603e+06	
      3742.260	     6.26641e+06	
      3742.428	     6.26710e+06	
      3742.671	     6.26814e+06	
      3742.733	     6.26842e+06	
      3742.764	     6.26855e+06	
      3742.795	     6.26867e+06	
      3742.864	     6.26895e+06	
      3742.919	     6.26921e+06	
      3743.167	     6.27024e+06	
      3743.663	     6.27238e+06	
      3744.620	     6.27643e+06	
      3744.654	     6.27659e+06	
      3746.445	     6.28419e+06	
      3747.605	     6.28912e+06	
      3748.269	     6.29195e+06	
      3748.844	     6.29437e+06	
      3748.904	     6.29462e+06	
      3748.934	     6.29475e+06	
      3748.964	     6.29487e+06	
      3748.986	     6.29497e+06	
      3749.084	     6.29537e+06	
      3749.118	     6.29553e+06	
      3749.182	     6.29581e+06	
      3749.378	     6.29663e+06	
      3749.409	     6.29676e+06	
      3749.638	     6.29773e+06	
      3749.753	     6.29820e+06	
      3749.867	     6.29867e+06	
      3749.924	     6.29892e+06	
      3749.981	     6.29914e+06	
      3750.038	     6.29936e+06	
      3750.095	     6.29958e+06	
      3750.152	     6.29984e+06	
      3750.209	     6.30009e+06	
      3750.266	     6.30034e+06	
      3750.323	     6.30059e+06	
      3750.437	     6.30109e+06	
      3750.616	     6.30185e+06	
      3750.665	     6.30207e+06	
      3750.716	     6.30229e+06	
      3750.816	     6.30269e+06	
      3750.910	     6.30310e+06	
      3751.016	     6.30357e+06	
      3751.122	     6.30401e+06	
      3751.334	     6.30489e+06	
      3751.481	     6.30552e+06	
      3751.758	     6.30668e+06	
      3752.035	     6.30788e+06	
      3752.588	     6.31020e+06	
      3753.533	     6.31419e+06	
      3753.696	     6.31488e+06	
      3753.782	     6.31526e+06	
      3753.859	     6.31558e+06	
      3754.185	     6.31696e+06	
      3754.274	     6.31733e+06	
      3754.837	     6.31969e+06	
      3755.892	     6.32415e+06	
      3756.086	     6.32497e+06	
      3757.473	     6.33081e+06	
      3757.509	     6.33097e+06	
      3757.548	     6.33113e+06	
      3758.932	     6.33694e+06	
      3760.390	     6.34306e+06	
      3761.656	     6.34837e+06	
      3762.717	     6.35283e+06	
      3763.233	     6.35497e+06	
      3764.809	     6.36157e+06	
      3765.066	     6.36267e+06	
      3766.902	     6.37033e+06	
      3768.545	     6.37718e+06	
      3768.737	     6.37797e+06	
      3768.929	     6.37875e+06	
      3768.971	     6.37894e+06	
      3769.196	     6.37988e+06	
      3769.313	     6.38035e+06	
      3769.655	     6.38177e+06	
      3769.885	     6.38274e+06	
      3770.114	     6.38368e+06	
      3770.228	     6.38412e+06	
      3770.343	     6.38460e+06	
      3770.401	     6.38482e+06	
      3770.458	     6.38504e+06	
      3770.515	     6.38526e+06	
      3770.573	     6.38548e+06	
      3770.630	     6.38570e+06	
      3770.687	     6.38595e+06	
      3770.745	     6.38620e+06	
      3770.802	     6.38648e+06	
      3770.867	     6.38676e+06	
      3770.916	     6.38698e+06	
      3770.967	     6.38720e+06	
      3770.988	     6.38730e+06	
      3771.003	     6.38736e+06	
      3771.067	     6.38761e+06	
      3771.146	     6.38796e+06	
      3771.304	     6.38862e+06	
      3771.604	     6.38987e+06	
      3771.890	     6.39107e+06	
      3771.951	     6.39135e+06	
      3772.206	     6.39239e+06	
      3772.522	     6.39371e+06	
      3773.154	     6.39635e+06	
      3774.357	     6.40134e+06	
      3775.497	     6.40605e+06	
      3776.762	     6.41130e+06	
      3777.127	     6.41281e+06	
      3778.027	     6.41651e+06	
      3778.399	     6.41805e+06	
      3778.927	     6.42022e+06	
      3780.726	     6.42764e+06	
      3781.844	     6.43225e+06	
      3783.053	     6.43722e+06	
      3783.159	     6.43766e+06	
      3784.263	     6.44221e+06	
      3785.367	     6.44674e+06	
      3786.225	     6.45026e+06	
      3787.401	     6.45506e+06	
      3787.574	     6.45578e+06	
      3788.924	     6.46131e+06	
      3790.447	     6.46753e+06	
      3792.841	     6.47727e+06	
      3793.492	     6.47994e+06	
      3794.143	     6.48258e+06	
      3794.897	     6.48566e+06	
      3795.066	     6.48635e+06	
      3795.444	     6.48786e+06	
      3795.991	     6.49009e+06	
      3796.454	     6.49194e+06	
      3796.916	     6.49380e+06	
      3797.147	     6.49474e+06	
      3797.378	     6.49565e+06	
      3797.494	     6.49609e+06	
      3797.609	     6.49653e+06	
      3797.666	     6.49672e+06	
      3797.724	     6.49691e+06	
      3797.782	     6.49710e+06	
      3797.840	     6.49728e+06	
      3797.898	     6.49750e+06	
      3797.956	     6.49776e+06	
      3798.014	     6.49804e+06	
      3798.072	     6.49832e+06	
      3798.187	     6.49886e+06	
      3798.367	     6.49964e+06	
      3798.416	     6.49986e+06	
      3798.467	     6.50008e+06	
      3798.567	     6.50049e+06	
      3798.655	     6.50083e+06	
      3798.753	     6.50124e+06	
      3798.767	     6.50131e+06	
      3798.837	     6.50159e+06	
      3798.879	     6.50178e+06	
      3798.921	     6.50193e+06	
      3799.046	     6.50247e+06	
      3799.089	     6.50263e+06	
      3799.425	     6.50401e+06	
      3799.471	     6.50420e+06	
      3799.804	     6.50555e+06	
      3800.562	     6.50863e+06	
      3801.653	     6.51302e+06	
      3802.319	     6.51573e+06	
      3803.834	     6.52182e+06	
      3805.349	     6.52795e+06	
      3807.837	     6.53794e+06	
      3808.378	     6.54010e+06	
      3808.919	     6.54227e+06	
      3810.000	     6.54661e+06	
      3811.586	     6.55295e+06	
      3812.164	     6.55528e+06	
      3812.742	     6.55760e+06	
      3813.897	     6.56219e+06	
      3815.777	     6.56970e+06	
      3816.093	     6.57096e+06	
      3816.209	     6.57143e+06	
      3816.641	     6.57315e+06	
      3817.439	     6.57639e+06	
      3817.504	     6.57667e+06	
      3818.916	     6.58242e+06	
      3820.393	     6.58855e+06	
      3822.566	     6.59753e+06	
      3823.346	     6.60074e+06	
      3823.512	     6.60143e+06	
      3824.126	     6.60394e+06	
      3825.685	     6.61038e+06	
      3826.804	     6.61497e+06	
      3827.859	     6.61930e+06	
      3828.914	     6.62361e+06	
      3830.454	     6.62992e+06	
      3831.023	     6.63225e+06	
      3831.592	     6.63457e+06	
      3832.001	     6.63624e+06	
      3832.525	     6.63837e+06	
      3832.730	     6.63919e+06	
      3833.458	     6.64214e+06	
      3833.925	     6.64403e+06	
      3834.392	     6.64588e+06	
      3834.626	     6.64679e+06	
      3834.859	     6.64767e+06	
      3834.975	     6.64811e+06	
      3835.092	     6.64852e+06	
      3835.151	     6.64871e+06	
      3835.209	     6.64887e+06	
      3835.267	     6.64902e+06	
      3835.326	     6.64918e+06	
      3835.384	     6.64937e+06	
      3835.442	     6.64965e+06	
      3835.501	     6.64997e+06	
      3835.559	     6.65031e+06	
      3835.626	     6.65066e+06	
      3835.675	     6.65088e+06	
      3835.726	     6.65113e+06	
      3835.743	     6.65122e+06	
      3835.774	     6.65135e+06	
      3835.826	     6.65160e+06	
      3835.909	     6.65198e+06	
      3836.075	     6.65267e+06	
      3836.376	     6.65396e+06	
      3836.646	     6.65509e+06	
      3836.977	     6.65647e+06	
      3837.029	     6.65666e+06	
      3837.308	     6.65782e+06	
      3837.970	     6.66052e+06	
      3838.647	     6.66329e+06	
      3838.911	     6.66435e+06	
      3839.175	     6.66545e+06	
      3839.703	     6.66759e+06	
      3840.758	     6.67180e+06	
      3842.753	     6.67987e+06	
      3842.831	     6.68019e+06	
      3842.870	     6.68035e+06	
      3842.909	     6.68050e+06	
      3843.065	     6.68113e+06	
      3843.377	     6.68239e+06	
      3844.001	     6.68490e+06	
      3844.588	     6.68729e+06	
      3845.248	     6.68996e+06	
      3845.547	     6.69115e+06	
      3845.908	     6.69260e+06	
      3847.228	     6.69791e+06	
      3847.442	     6.69879e+06	
      3848.908	     6.70466e+06	
      3850.375	     6.71054e+06	
      3851.976	     6.71694e+06	
      3853.308	     6.72225e+06	
      3854.640	     6.72759e+06	
      3855.701	     6.73180e+06	
      3857.303	     6.73818e+06	
      3858.906	     6.74456e+06	
      3862.006	     6.75684e+06	
      3862.111	     6.75725e+06	
      3862.216	     6.75766e+06	
      3862.426	     6.75848e+06	
      3862.846	     6.76014e+06	
      3863.685	     6.76347e+06	
      3865.170	     6.76932e+06	
      3865.365	     6.77007e+06	
      3865.560	     6.77085e+06	
      3865.950	     6.77239e+06	
      3866.730	     6.77544e+06	
      3867.675	     6.77918e+06	
      3868.289	     6.78157e+06	
      3868.903	     6.78399e+06	
      3870.131	     6.78879e+06	
      3871.324	     6.79347e+06	
      3872.586	     6.79841e+06	
      3873.848	     6.80331e+06	
      3876.324	     6.81295e+06	
      3876.368	     6.81314e+06	
      3876.371	     6.81314e+06	
      3876.374	     6.81314e+06	
      3876.424	     6.81336e+06	
      3876.524	     6.81374e+06	
      3876.724	     6.81452e+06	
      3876.947	     6.81537e+06	
      3877.124	     6.81606e+06	
      3877.924	     6.81917e+06	
      3878.900	     6.82294e+06	
      3880.290	     6.82831e+06	
      3880.854	     6.83051e+06	
      3881.418	     6.83268e+06	
      3882.546	     6.83702e+06	
      3884.398	     6.84412e+06	
      3884.801	     6.84566e+06	
      3884.923	     6.84613e+06	
      3885.204	     6.84720e+06	
      3886.010	     6.85024e+06	
      3886.151	     6.85078e+06	
      3887.096	     6.85436e+06	
      3887.568	     6.85609e+06	
      3888.042	     6.85781e+06	
      3888.280	     6.85863e+06	
      3888.516	     6.85942e+06	
      3888.633	     6.85976e+06	
      3888.752	     6.86008e+06	
      3888.844	     6.86026e+06	
      3888.866	     6.86030e+06	
      3888.871	     6.86030e+06	
      3888.898	     6.86033e+06	
      3888.930	     6.86033e+06	
      3888.989	     6.86039e+06	
      3889.048	     6.86055e+06	
      3889.107	     6.86086e+06	
      3889.166	     6.86124e+06	
      3889.225	     6.86165e+06	
      3889.294	     6.86209e+06	
      3889.343	     6.86234e+06	
      3889.394	     6.86262e+06	
      3889.408	     6.86268e+06	
      3889.450	     6.86287e+06	
      3889.494	     6.86309e+06	
      3889.580	     6.86350e+06	
      3889.752	     6.86425e+06	
      3890.054	     6.86551e+06	
      3890.315	     6.86658e+06	
      3890.474	     6.86721e+06	
      3890.657	     6.86796e+06	
      3890.999	     6.86931e+06	
      3891.683	     6.87198e+06	
      3892.892	     6.87666e+06	
      3893.942	     6.88072e+06	
      3894.458	     6.88270e+06	
      3895.309	     6.88593e+06	
      3896.219	     6.88942e+06	
      3896.677	     6.89118e+06	
      3898.895	     6.89960e+06	
      3899.603	     6.90230e+06	
      3901.572	     6.90974e+06	
      3903.894	     6.91851e+06	
      3904.248	     6.91986e+06	
      3908.893	     6.93730e+06	
      3913.891	     6.95596e+06	
      3918.890	     6.97613e+06	
      3923.889	     6.99642e+06	
      3928.216	     7.01386e+06	
      3928.353	     7.01442e+06	
      3928.887	     7.01656e+06	
      3929.559	     7.01926e+06	
      3930.903	     7.02463e+06	
      3933.453	     7.03484e+06	
      3935.810	     7.04424e+06	
      3937.347	     7.05033e+06	
      3938.885	     7.05643e+06	
      3940.036	     7.06098e+06	
      3941.960	     7.06858e+06	
      3943.883	     7.07615e+06	
      3946.579	     7.08668e+06	
      3947.730	     7.09120e+06	
      3948.882	     7.09570e+06	
      3950.653	     7.10258e+06	
      3951.015	     7.10396e+06	
      3951.186	     7.10462e+06	
      3951.718	     7.10669e+06	
      3952.784	     7.11081e+06	
      3954.554	     7.11766e+06	
      3957.306	     7.12818e+06	
      3958.093	     7.13120e+06	
      3958.624	     7.13324e+06	
      3958.880	     7.13421e+06	
      3960.453	     7.14018e+06	
      3962.283	     7.14709e+06	
      3965.737	     7.15997e+06	
      3965.942	     7.16073e+06	
      3966.147	     7.16148e+06	
      3966.557	     7.16299e+06	
      3966.675	     7.16343e+06	
      3967.279	     7.16560e+06	
      3967.376	     7.16594e+06	
      3968.078	     7.16845e+06	
      3968.709	     7.17062e+06	
      3968.877	     7.17116e+06	
      3969.045	     7.17169e+06	
      3969.234	     7.17226e+06	
      3969.287	     7.17241e+06	
      3969.381	     7.17270e+06	
      3969.528	     7.17307e+06	
      3969.648	     7.17332e+06	
      3969.769	     7.17348e+06	
      3969.830	     7.17351e+06	
      3969.890	     7.17345e+06	
      3969.950	     7.17332e+06	
      3970.011	     7.17320e+06	
      3970.071	     7.17326e+06	
      3970.131	     7.17367e+06	
      3970.192	     7.17424e+06	
      3970.252	     7.17483e+06	
      3970.323	     7.17543e+06	
      3970.372	     7.17577e+06	
      3970.423	     7.17612e+06	
      3970.432	     7.17615e+06	
      3970.495	     7.17653e+06	
      3970.523	     7.17669e+06	
      3970.613	     7.17719e+06	
      3970.795	     7.17810e+06	
      3971.096	     7.17948e+06	
      3971.333	     7.18052e+06	
      3971.591	     7.18162e+06	
      3971.698	     7.18206e+06	
      3972.063	     7.18357e+06	
      3972.793	     7.18652e+06	
      3973.995	     7.19126e+06	
      3974.936	     7.19494e+06	
      3976.398	     7.20059e+06	
      3976.845	     7.20232e+06	
      3977.860	     7.20622e+06	
      3978.874	     7.21008e+06	
      3979.577	     7.21275e+06	
      3980.904	     7.21778e+06	
      3982.230	     7.22280e+06	
      3984.180	     7.23016e+06	
      3984.884	     7.23279e+06	
      3985.119	     7.23367e+06	
      3985.588	     7.23543e+06	
      3986.995	     7.24068e+06	
      3988.872	     7.24769e+06	
      3991.379	     7.25695e+06	
      3992.625	     7.26157e+06	
      3993.854	     7.26610e+06	
      3993.870	     7.26616e+06	
      3996.362	     7.27530e+06	
      3998.869	     7.28447e+06	
      4003.868	     7.30260e+06	
      4008.866	     7.32060e+06	
      4013.865	     7.33873e+06	
      4018.864	     7.35717e+06	
      4023.863	     7.37542e+06	
      4025.341	     7.38079e+06	
      4028.861	     7.39352e+06	
      4032.381	     7.40618e+06	
      4032.946	     7.40819e+06	
      4033.860	     7.41146e+06	
      4035.902	     7.41875e+06	
      4038.859	     7.42921e+06	
      4043.857	     7.44680e+06	
      4048.856	     7.46420e+06	
      4053.855	     7.48142e+06	
      4058.853	     7.49845e+06	
      4063.852	     7.51522e+06	
      4068.851	     7.53178e+06	
      4073.849	     7.54802e+06	
      4075.421	     7.55308e+06	
      4078.848	     7.56395e+06	
      4082.275	     7.57460e+06	
      4082.559	     7.57548e+06	
      4084.004	     7.57991e+06	
      4085.702	     7.58506e+06	
      4088.845	     7.59439e+06	
      4089.695	     7.59687e+06	
      4093.687	     7.60831e+06	
      4096.515	     7.61607e+06	
      4097.679	     7.61918e+06	
      4098.010	     7.62003e+06	
      4098.678	     7.62176e+06	
      4098.843	     7.62216e+06	
      4099.676	     7.62417e+06	
      4100.174	     7.62527e+06	
      4100.673	     7.62618e+06	
      4100.922	     7.62653e+06	
      4101.172	     7.62669e+06	
      4101.297	     7.62662e+06	
      4101.422	     7.62637e+06	
      4101.485	     7.62609e+06	
      4101.547	     7.62565e+06	
      4101.609	     7.62499e+06	
      4101.672	     7.62439e+06	
      4101.734	     7.62421e+06	
      4101.797	     7.62480e+06	
      4101.859	     7.62578e+06	
      4101.922	     7.62684e+06	
      4102.047	     7.62835e+06	
      4102.296	     7.63024e+06	
      4102.745	     7.63269e+06	
      4102.794	     7.63294e+06	
      4102.845	     7.63316e+06	
      4102.945	     7.63363e+06	
      4103.145	     7.63454e+06	
      4103.296	     7.63517e+06	
      4103.545	     7.63624e+06	
      4103.794	     7.63724e+06	
      4104.291	     7.63922e+06	
      4104.785	     7.64114e+06	
      4105.287	     7.64302e+06	
      4105.789	     7.64491e+06	
      4106.793	     7.64862e+06	
      4108.680	     7.65546e+06	
      4108.760	     7.65575e+06	
      4108.800	     7.65587e+06	
      4108.840	     7.65603e+06	
      4108.859	     7.65609e+06	
      4109.000	     7.65663e+06	
      4109.320	     7.65785e+06	
      4109.781	     7.65964e+06	
      4110.703	     7.66313e+06	
      4111.319	     7.66545e+06	
      4112.546	     7.67007e+06	
      4113.774	     7.67463e+06	
      4114.693	     7.67802e+06	
      4116.229	     7.68364e+06	
      4116.694	     7.68531e+06	
      4117.766	     7.68921e+06	
      4118.126	     7.69049e+06	
      4118.838	     7.69304e+06	
      4120.981	     7.70067e+06	
      4123.836	     7.71066e+06	
      4126.144	     7.71864e+06	
      4128.835	     7.72785e+06	
      4129.605	     7.73045e+06	
      4131.526	     7.73696e+06	
      4133.834	     7.74465e+06	
      4134.219	     7.74594e+06	
      4138.832	     7.76115e+06	
      4143.831	     7.77736e+06	
      4148.830	     7.79335e+06	
      4153.828	     7.80909e+06	
      4158.827	     7.82461e+06	
      4163.826	     7.83994e+06	
      4168.824	     7.85508e+06	
      4173.823	     7.87004e+06	
      4178.822	     7.88480e+06	
      4183.820	     7.89938e+06	
      4188.819	     7.91377e+06	
      4193.818	     7.92800e+06	
      4198.817	     7.94204e+06	
      4203.815	     7.95589e+06	
      4208.814	     7.96984e+06	
      4213.813	     7.98382e+06	
      4216.525	     7.99130e+06	
      4217.242	     7.99328e+06	
      4218.811	     7.99758e+06	
      4221.098	     8.00384e+06	
      4223.810	     8.01119e+06	
      4224.954	     8.01427e+06	
      4228.809	     8.02457e+06	
      4233.807	     8.03780e+06	
      4238.806	     8.05080e+06	
      4243.805	     8.06362e+06	
      4248.803	     8.07625e+06	
      4253.802	     8.08866e+06	
      4258.801	     8.10085e+06	
      4263.799	     8.11279e+06	
      4268.798	     8.12450e+06	
      4273.797	     8.13597e+06	
      4278.795	     8.14716e+06	
      4283.794	     8.15802e+06	
      4288.793	     8.16852e+06	
      4293.791	     8.17860e+06	
      4298.790	     8.18818e+06	
      4303.789	     8.19707e+06	
      4308.788	     8.20480e+06	
      4313.786	     8.21153e+06	
      4314.073	     8.21187e+06	
      4318.785	     8.21696e+06	
      4320.854	     8.21872e+06	
      4323.497	     8.22054e+06	
      4326.139	     8.22180e+06	
      4326.475	     8.22189e+06	
      4328.782	     8.22246e+06	
      4330.233	     8.22255e+06	
      4331.090	     8.22255e+06	
      4331.149	     8.22252e+06	
      4331.946	     8.22246e+06	
      4333.660	     8.22218e+06	
      4334.060	     8.22208e+06	
      4336.171	     8.22149e+06	
      4337.786	     8.22073e+06	
      4338.220	     8.22045e+06	
      4338.283	     8.22039e+06	
      4338.780	     8.21985e+06	
      4338.812	     8.21982e+06	
      4339.339	     8.21888e+06	
      4339.602	     8.21809e+06	
      4339.867	     8.21684e+06	
      4340.001	     8.21586e+06	
      4340.132	     8.21442e+06	
      4340.197	     8.21335e+06	
      4340.263	     8.21178e+06	
      4340.329	     8.20967e+06	
      4340.395	     8.20757e+06	
      4340.461	     8.20659e+06	
      4340.527	     8.20782e+06	
      4340.593	     8.21018e+06	
      4340.659	     8.21253e+06	
      4340.791	     8.21567e+06	
      4341.005	     8.21859e+06	
      4341.055	     8.21910e+06	
      4341.105	     8.21960e+06	
      4341.205	     8.22048e+06	
      4341.227	     8.22064e+06	
      4341.238	     8.22073e+06	
      4341.405	     8.22199e+06	
      4341.583	     8.22315e+06	
      4341.939	     8.22519e+06	
      4342.640	     8.22868e+06	
      4343.330	     8.23179e+06	
      4343.570	     8.23283e+06	
      4344.041	     8.23484e+06	
      4344.752	     8.23782e+06	
      4346.174	     8.24370e+06	
      4348.578	     8.25337e+06	
      4348.777	     8.25416e+06	
      4348.976	     8.25494e+06	
      4349.374	     8.25648e+06	
      4350.170	     8.25959e+06	
      4350.322	     8.26016e+06	
      4351.761	     8.26559e+06	
      4353.201	     8.27087e+06	
      4354.734	     8.27631e+06	
      4356.077	     8.28089e+06	
      4356.080	     8.28089e+06	
      4357.426	     8.28535e+06	
      4358.774	     8.28966e+06	
      4359.170	     8.29091e+06	
      4361.472	     8.29732e+06	
      4363.773	     8.30395e+06	
      4367.980	     8.31523e+06	
      4368.376	     8.31624e+06	
      4368.524	     8.31661e+06	
      4368.772	     8.31724e+06	
      4369.563	     8.31925e+06	
      4371.147	     8.32312e+06	
      4373.770	     8.32937e+06	
      4378.769	     8.34058e+06	
      4383.768	     8.35108e+06	
      4388.766	     8.36103e+06	
      4393.765	     8.37052e+06	
      4398.764	     8.37966e+06	
      4403.762	     8.38651e+06	
      4408.761	     8.39239e+06	
      4413.760	     8.39807e+06	
      4418.758	     8.40360e+06	
      4423.757	     8.40898e+06	
      4428.756	     8.41422e+06	
      4433.754	     8.41937e+06	
      4438.753	     8.42437e+06	
      4443.752	     8.42930e+06	
      4448.751	     8.43411e+06	
      4453.749	     8.43885e+06	
      4458.748	     8.44347e+06	
      4463.747	     8.44803e+06	
      4468.745	     8.45249e+06	
      4473.744	     8.45688e+06	
      4478.743	     8.46119e+06	
      4483.741	     8.46543e+06	
      4488.740	     8.46958e+06	
      4493.739	     8.47366e+06	
      4498.737	     8.47900e+06	
      4503.736	     8.48736e+06	
      4508.735	     8.49553e+06	
      4513.733	     8.50351e+06	
      4514.118	     8.50410e+06	
      4518.732	     8.51130e+06	
      4523.346	     8.51833e+06	
      4527.190	     8.52408e+06	
      4527.960	     8.52521e+06	
      4528.729	     8.52638e+06	
      4530.269	     8.52861e+06	
      4532.968	     8.53253e+06	
      4533.288	     8.53297e+06	
      4533.348	     8.53307e+06	
      4533.728	     8.53363e+06	
      4534.488	     8.53470e+06	
      4536.007	     8.53687e+06	
      4538.727	     8.54070e+06	
      4543.725	     8.54765e+06	
      4548.724	     8.55440e+06	
      4553.723	     8.56097e+06	
      4558.721	     8.56737e+06	
      4563.720	     8.57366e+06	
      4568.719	     8.57975e+06	
      4573.717	     8.58569e+06	
      4578.716	     8.59147e+06	
      4583.715	     8.59709e+06	
      4588.713	     8.60256e+06	
      4593.712	     8.60787e+06	
      4596.529	     8.61026e+06	
      4596.984	     8.61063e+06	
      4598.711	     8.61208e+06	
      4600.892	     8.61378e+06	
      4603.709	     8.61601e+06	
      4604.800	     8.61682e+06	
      4608.708	     8.61981e+06	
      4613.707	     8.62351e+06	
      4618.705	     8.62713e+06	
      4623.704	     8.63061e+06	
      4628.703	     8.63401e+06	
      4633.701	     8.63731e+06	
      4638.700	     8.64051e+06	
      4643.699	     8.64362e+06	
      4648.697	     8.64661e+06	
      4653.696	     8.64950e+06	
      4658.695	     8.65229e+06	
      4663.694	     8.65499e+06	
      4668.692	     8.65760e+06	
      4673.691	     8.66008e+06	
      4678.690	     8.66247e+06	
      4683.688	     8.66476e+06	
      4688.687	     8.66696e+06	
      4693.686	     8.66885e+06	
      4698.684	     8.67039e+06	
      4703.683	     8.67183e+06	
      4708.682	     8.67315e+06	
      4713.680	     8.67441e+06	
      4715.603	     8.67485e+06	
      4718.679	     8.67554e+06	
      4720.984	     8.67604e+06	
      4721.755	     8.67620e+06	
      4723.678	     8.67658e+06	
      4724.830	     8.67680e+06	
      4728.676	     8.67749e+06	
      4733.675	     8.67827e+06	
      4738.674	     8.67893e+06	
      4743.672	     8.67947e+06	
      4748.671	     8.67981e+06	
      4753.670	     8.68003e+06	
      4758.668	     8.68006e+06	
      4763.667	     8.67987e+06	
      4768.666	     8.67947e+06	
      4773.664	     8.67881e+06	
      4778.663	     8.67783e+06	
      4783.662	     8.67651e+06	
      4788.660	     8.67479e+06	
      4793.659	     8.67246e+06	
      4798.658	     8.66951e+06	
      4803.656	     8.66583e+06	
      4808.655	     8.66121e+06	
      4813.654	     8.65543e+06	
      4818.652	     8.64814e+06	
      4823.651	     8.63888e+06	
      4828.650	     8.62710e+06	
      4833.648	     8.61202e+06	
      4834.972	     8.60737e+06	
      4838.647	     8.59266e+06	
      4839.161	     8.59040e+06	
      4842.322	     8.57513e+06	
      4845.483	     8.55738e+06	
      4845.503	     8.55726e+06	
      4847.054	     8.54758e+06	
      4848.644	     8.53706e+06	
      4851.785	     8.51450e+06	
      4854.393	     8.49449e+06	
      4856.517	     8.47778e+06	
      4858.401	     8.46257e+06	
      4858.642	     8.46050e+06	
      4858.664	     8.46031e+06	
      4858.883	     8.45839e+06	
      4859.364	     8.45390e+06	
      4859.473	     8.45280e+06	
      4860.065	     8.44605e+06	
      4860.361	     8.44168e+06	
      4860.657	     8.43584e+06	
      4860.805	     8.43175e+06	
      4860.953	     8.42603e+06	
      4861.027	     8.42201e+06	
      4861.101	     8.41608e+06	
      4861.175	     8.40822e+06	
      4861.248	     8.40018e+06	
      4861.322	     8.39578e+06	
      4861.396	     8.40018e+06	
      4861.470	     8.40835e+06	
      4861.543	     8.41611e+06	
      4861.641	     8.42340e+06	
      4861.687	     8.42585e+06	
      4861.689	     8.42594e+06	
      4861.691	     8.42603e+06	
      4861.695	     8.42622e+06	
      4861.741	     8.42826e+06	
      4861.841	     8.43185e+06	
      4861.979	     8.43565e+06	
      4861.987	     8.43584e+06	
      4862.279	     8.44165e+06	
      4862.579	     8.44608e+06	
      4862.596	     8.44630e+06	
      4863.178	     8.45289e+06	
      4863.727	     8.45811e+06	
      4863.761	     8.45842e+06	
      4864.927	     8.46823e+06	
      4866.127	     8.47781e+06	
      4868.413	     8.49575e+06	
      4868.526	     8.49663e+06	
      4868.639	     8.49751e+06	
      4868.865	     8.49923e+06	
      4869.317	     8.50272e+06	
      4869.583	     8.50476e+06	
      4870.221	     8.50960e+06	
      4870.858	     8.51441e+06	
      4872.134	     8.52374e+06	
      4874.623	     8.54092e+06	
      4874.685	     8.54133e+06	
      4874.747	     8.54174e+06	
      4874.871	     8.54256e+06	
      4875.119	     8.54419e+06	
      4875.615	     8.54736e+06	
      4876.607	     8.55352e+06	
      4878.452	     8.56433e+06	
      4878.544	     8.56483e+06	
      4878.590	     8.56508e+06	
      4878.636	     8.56533e+06	
      4878.820	     8.56637e+06	
      4879.188	     8.56838e+06	
      4879.526	     8.57020e+06	
      4879.924	     8.57228e+06	
      4880.322	     8.57435e+06	
      4880.941	     8.57749e+06	
      4881.118	     8.57837e+06	
      4882.709	     8.58591e+06	
      4884.478	     8.59361e+06	
      4887.396	     8.60489e+06	
      4888.015	     8.60708e+06	
      4888.634	     8.60919e+06	
      4889.871	     8.61321e+06	
      4891.061	     8.61682e+06	
      4892.347	     8.62050e+06	
      4893.632	     8.62392e+06	
      4893.777	     8.62430e+06	
      4896.204	     8.63014e+06	
      4898.631	     8.63530e+06	
      4903.340	     8.64362e+06	
      4903.485	     8.64384e+06	
      4903.630	     8.64406e+06	
      4903.920	     8.64450e+06	
      4904.499	     8.64535e+06	
      4905.659	     8.64701e+06	
      4907.328	     8.64924e+06	
      4907.977	     8.65006e+06	
      4908.628	     8.65085e+06	
      4909.929	     8.65232e+06	
      4911.434	     8.65396e+06	
      4912.530	     8.65506e+06	
      4913.014	     8.65553e+06	
      4913.627	     8.65609e+06	
      4915.550	     8.65779e+06	
      4915.820	     8.65801e+06	
      4918.240	     8.65986e+06	
      4918.626	     8.66015e+06	
      4921.701	     8.66219e+06	
      4923.624	     8.66329e+06	
      4925.162	     8.66407e+06	
      4928.623	     8.66567e+06	
      4933.622	     8.66743e+06	
      4938.620	     8.66875e+06	
      4943.619	     8.66963e+06	
      4948.618	     8.67020e+06	
      4953.616	     8.67045e+06	
      4958.615	     8.67048e+06	
      4963.614	     8.67029e+06	
      4968.612	     8.66995e+06	
      4973.611	     8.66941e+06	
      4978.610	     8.66872e+06	
      4983.608	     8.66791e+06	
      4988.607	     8.66690e+06	
      4993.606	     8.66577e+06	
      4998.604	     8.66454e+06	
      5003.603	     8.66322e+06	
      5008.602	     8.66184e+06	
      5013.600	     8.66037e+06	
      5018.599	     8.65879e+06	
      5023.598	     8.65719e+06	
      5028.596	     8.65553e+06	
      5033.595	     8.65377e+06	
      5038.594	     8.65198e+06	
      5043.592	     8.65012e+06	
      5048.591	     8.64821e+06	
      5053.590	     8.64623e+06	
      5058.588	     8.64422e+06	
      5063.587	     8.64214e+06	
      5068.586	     8.64004e+06	
      5073.584	     8.63787e+06	
      5078.583	     8.63567e+06	
      5083.582	     8.63325e+06	
      5088.580	     8.63071e+06	
      5093.579	     8.62813e+06	
      5098.578	     8.62553e+06	
      5103.576	     8.62286e+06	
      5108.575	     8.62018e+06	
      5113.574	     8.61745e+06	
      5118.572	     8.61469e+06	
      5123.571	     8.61189e+06	
      5128.570	     8.60906e+06	
      5133.568	     8.60620e+06	
      5138.567	     8.60331e+06	
      5143.566	     8.60039e+06	
      5148.564	     8.59741e+06	
      5153.563	     8.59442e+06	
      5158.562	     8.59138e+06	
      5163.560	     8.58833e+06	
      5168.559	     8.58525e+06	
      5173.558	     8.58211e+06	
      5178.556	     8.57894e+06	
      5183.555	     8.57564e+06	
      5188.554	     8.57231e+06	
      5193.552	     8.56895e+06	
      5198.551	     8.56555e+06	
      5203.550	     8.56213e+06	
      5208.548	     8.55870e+06	
      5213.547	     8.55522e+06	
      5218.546	     8.55173e+06	
      5223.544	     8.54821e+06	
      5228.543	     8.54463e+06	
      5233.542	     8.54108e+06	
      5238.540	     8.53747e+06	
      5243.539	     8.53382e+06	
      5248.537	     8.53015e+06	
      5253.536	     8.52647e+06	
      5258.535	     8.52276e+06	
      5263.533	     8.51903e+06	
      5268.532	     8.51526e+06	
      5273.531	     8.51145e+06	
      5278.529	     8.50822e+06	
      5283.528	     8.50498e+06	
      5288.527	     8.50175e+06	
      5293.525	     8.49848e+06	
      5298.524	     8.49524e+06	
      5303.523	     8.49188e+06	
      5308.521	     8.48846e+06	
      5313.520	     8.48503e+06	
      5318.519	     8.48155e+06	
      5323.517	     8.47803e+06	
      5328.516	     8.47448e+06	
      5333.515	     8.47090e+06	
      5338.513	     8.46725e+06	
      5343.512	     8.46361e+06	
      5348.511	     8.45990e+06	
      5353.509	     8.45616e+06	
      5358.508	     8.45242e+06	
      5363.507	     8.44903e+06	
      5368.505	     8.44520e+06	
      5373.504	     8.44105e+06	
      5378.503	     8.43656e+06	
      5383.501	     8.43200e+06	
      5388.500	     8.42748e+06	
      5393.499	     8.42289e+06	
      5398.497	     8.41831e+06	
      5403.496	     8.41369e+06	
      5408.495	     8.40907e+06	
      5413.493	     8.40439e+06	
      5418.492	     8.39974e+06	
      5423.491	     8.39503e+06	
      5428.489	     8.39031e+06	
      5433.488	     8.38560e+06	
      5438.487	     8.38083e+06	
      5443.485	     8.37605e+06	
      5448.484	     8.37128e+06	
      5453.483	     8.36647e+06	
      5458.481	     8.36163e+06	
      5463.480	     8.35679e+06	
      5468.479	     8.35192e+06	
      5473.477	     8.34743e+06	
      5478.476	     8.34291e+06	
      5483.475	     8.33835e+06	
      5488.473	     8.33380e+06	
      5493.472	     8.32921e+06	
      5498.471	     8.32462e+06	
      5503.469	     8.31997e+06	
      5508.468	     8.31532e+06	
      5513.466	     8.31067e+06	
      5518.465	     8.30596e+06	
      5523.464	     8.30125e+06	
      5528.462	     8.29654e+06	
      5533.461	     8.29176e+06	
      5538.460	     8.28699e+06	
      5543.458	     8.28218e+06	
      5548.457	     8.27737e+06	
      5553.456	     8.27254e+06	
      5558.454	     8.26767e+06	
      5563.453	     8.26280e+06	
      5568.452	     8.25790e+06	
      5573.450	     8.25296e+06	
      5578.449	     8.24803e+06	
      5583.448	     8.24304e+06	
      5588.446	     8.23807e+06	
      5593.445	     8.23305e+06	
      5598.444	     8.22802e+06	
      5603.442	     8.22299e+06	
      5608.441	     8.21794e+06	
      5613.440	     8.21285e+06	
      5618.438	     8.20776e+06	
      5623.437	     8.20264e+06	
      5628.436	     8.19748e+06	
      5633.434	     8.19233e+06	
      5638.433	     8.18718e+06	
      5643.432	     8.18200e+06	
      5648.430	     8.17678e+06	
      5653.429	     8.17157e+06	
      5658.428	     8.16632e+06	
      5663.426	     8.16107e+06	
      5668.425	     8.15630e+06	
      5673.424	     8.15102e+06	
      5673.979	     8.15042e+06	
      5678.422	     8.14568e+06	
      5682.865	     8.14097e+06	
      5686.198	     8.13738e+06	
      5687.309	     8.13619e+06	
      5687.864	     8.13563e+06	
      5688.420	     8.13503e+06	
      5690.641	     8.13264e+06	
      5693.418	     8.12966e+06	
      5698.417	     8.12428e+06	
      5703.415	     8.11888e+06	
      5704.770	     8.11744e+06	
      5708.414	     8.11348e+06	
      5708.882	     8.11297e+06	
      5712.058	     8.10952e+06	
      5713.413	     8.10804e+06	
      5715.234	     8.10606e+06	
      5718.411	     8.10261e+06	
      5723.410	     8.09717e+06	
      5728.409	     8.09171e+06	
      5733.407	     8.08621e+06	
      5738.406	     8.08071e+06	
      5743.405	     8.07521e+06	
      5748.403	     8.06968e+06	
      5753.402	     8.06412e+06	
      5758.401	     8.05859e+06	
      5763.399	     8.05077e+06	
      5768.398	     8.04515e+06	
      5773.397	     8.03952e+06	
      5778.395	     8.03390e+06	
      5783.394	     8.02825e+06	
      5788.393	     8.02259e+06	
      5793.391	     8.01694e+06	
      5798.390	     8.01122e+06	
      5803.389	     8.00553e+06	
      5808.387	     7.99981e+06	
      5813.386	     7.99410e+06	
      5818.385	     7.98835e+06	
      5823.383	     7.98260e+06	
      5828.382	     7.97682e+06	
      5833.381	     7.97104e+06	
      5838.379	     7.96526e+06	
      5843.378	     7.95944e+06	
      5848.377	     7.95363e+06	
      5853.375	     7.94779e+06	
      5858.374	     7.94195e+06	
      5863.372	     7.93610e+06	
      5868.371	     7.93023e+06	
      5873.370	     7.92438e+06	
      5878.368	     7.91848e+06	
      5883.367	     7.91260e+06	
      5888.366	     7.90670e+06	
      5893.364	     7.90076e+06	
      5898.363	     7.89485e+06	
      5903.362	     7.88888e+06	
      5908.360	     7.88295e+06	
      5913.359	     7.87698e+06	
      5918.358	     7.87101e+06	
      5923.356	     7.86501e+06	
      5928.355	     7.85901e+06	
      5933.354	     7.85301e+06	
      5938.352	     7.84698e+06	
      5943.351	     7.84094e+06	
      5948.350	     7.83488e+06	
      5953.348	     7.82882e+06	
      5958.347	     7.82275e+06	
      5963.346	     7.81663e+06	
      5968.344	     7.81053e+06	
      5973.343	     7.80441e+06	
      5978.342	     7.79828e+06	
      5983.340	     7.79212e+06	
      5988.339	     7.78597e+06	
      5993.338	     7.77981e+06	
      5998.336	     7.77365e+06	
      6003.335	     7.76746e+06	
      6008.333	     7.76124e+06	
      6013.332	     7.75505e+06	
      6018.331	     7.74883e+06	
      6023.329	     7.74261e+06	
      6028.328	     7.73636e+06	
      6033.327	     7.73011e+06	
      6038.325	     7.72386e+06	
      6043.324	     7.71761e+06	
      6048.323	     7.71132e+06	
      6053.321	     7.70504e+06	
      6058.320	     7.69872e+06	
      6063.319	     7.69241e+06	
      6068.317	     7.68609e+06	
      6073.316	     7.67978e+06	
      6078.315	     7.67343e+06	
      6083.313	     7.66709e+06	
      6088.312	     7.66071e+06	
      6093.311	     7.65436e+06	
      6098.309	     7.64796e+06	
      6103.308	     7.64158e+06	
      6108.307	     7.63517e+06	
      6113.305	     7.62876e+06	
      6118.304	     7.62235e+06	
      6123.303	     7.61591e+06	
      6128.301	     7.60947e+06	
      6133.300	     7.60300e+06	
      6138.298	     7.59656e+06	
      6143.297	     7.59009e+06	
      6148.296	     7.58358e+06	
      6153.294	     7.57708e+06	
      6158.293	     7.57058e+06	
      6163.292	     7.56404e+06	
      6168.290	     7.55751e+06	
      6173.289	     7.55094e+06	
      6178.288	     7.54438e+06	
      6183.286	     7.53781e+06	
      6188.285	     7.53121e+06	
      6193.284	     7.52462e+06	
      6198.282	     7.51802e+06	
      6203.281	     7.51139e+06	
      6208.280	     7.50476e+06	
      6213.278	     7.49810e+06	
      6218.277	     7.49141e+06	
      6223.276	     7.48475e+06	
      6228.274	     7.47803e+06	
      6233.273	     7.47134e+06	
      6238.272	     7.46458e+06	
      6243.270	     7.45783e+06	
      6244.381	     7.45635e+06	
      6248.269	     7.45107e+06	
      6252.157	     7.44579e+06	
      6253.821	     7.44353e+06	
      6256.044	     7.44052e+06	
      6258.266	     7.43747e+06	
      6262.157	     7.43216e+06	
      6262.711	     7.43141e+06	
      6263.265	     7.43065e+06	
      6264.372	     7.42914e+06	
      6264.912	     7.42839e+06	
      6266.588	     7.42610e+06	
      6268.263	     7.42380e+06	
      6269.967	     7.42145e+06	
      6271.615	     7.41919e+06	
      6273.262	     7.41692e+06	
      6274.854	     7.41472e+06	
      6276.557	     7.41237e+06	
      6278.261	     7.41001e+06	
      6280.076	     7.40753e+06	
      6281.668	     7.40530e+06	
      6283.259	     7.40310e+06	
      6284.627	     7.40122e+06	
      6286.443	     7.39867e+06	
      6288.258	     7.39616e+06	
      6290.521	     7.39302e+06	
      6291.889	     7.39110e+06	
      6293.257	     7.38918e+06	
      6293.729	     7.38852e+06	
      6295.992	     7.38535e+06	
      6298.255	     7.38218e+06	
      6302.310	     7.37646e+06	
      6302.782	     7.37580e+06	
      6303.254	     7.37514e+06	
      6303.918	     7.37420e+06	
      6304.198	     7.37382e+06	
      6306.085	     7.37115e+06	
      6308.253	     7.36807e+06	
      6311.924	     7.36286e+06	
      6312.587	     7.36191e+06	
      6313.251	     7.36097e+06	
      6314.579	     7.35906e+06	
      6316.219	     7.35673e+06	
      6317.234	     7.35529e+06	
      6317.314	     7.35516e+06	
      6318.250	     7.35381e+06	
      6320.281	     7.35092e+06	
      6323.249	     7.34665e+06	
      6328.247	     7.33942e+06	
      6333.246	     7.33213e+06	
      6338.245	     7.32481e+06	
      6343.243	     7.31746e+06	
      6348.242	     7.31001e+06	
      6353.241	     7.30254e+06	
      6358.239	     7.29497e+06	
      6363.238	     7.28733e+06	
      6368.236	     7.27960e+06	
      6373.235	     7.27181e+06	
      6378.234	     7.26393e+06	
      6383.232	     7.25595e+06	
      6388.231	     7.24781e+06	
      6393.230	     7.23958e+06	
      6398.228	     7.23122e+06	
      6403.227	     7.22271e+06	
      6408.226	     7.21401e+06	
      6413.224	     7.20515e+06	
      6418.223	     7.19607e+06	
      6423.222	     7.18674e+06	
      6428.220	     7.17716e+06	
      6433.219	     7.16729e+06	
      6438.218	     7.15708e+06	
      6443.216	     7.14653e+06	
      6448.215	     7.13553e+06	
      6453.214	     7.12403e+06	
      6458.212	     7.11200e+06	
      6463.211	     7.09934e+06	
      6468.210	     7.08596e+06	
      6473.208	     7.07169e+06	
      6478.207	     7.05649e+06	
      6483.205	     7.04012e+06	
      6488.204	     7.02243e+06	
      6493.203	     7.00318e+06	
      6498.201	     6.98210e+06	
      6503.200	     6.95882e+06	
      6508.199	     6.93302e+06	
      6513.197	     6.90415e+06	
      6518.196	     6.87170e+06	
      6523.195	     6.83488e+06	
      6523.719	     6.83073e+06	
      6528.193	     6.79297e+06	
      6532.668	     6.75050e+06	
      6536.095	     6.71440e+06	
      6537.143	     6.70268e+06	
      6537.383	     6.69995e+06	
      6538.191	     6.69068e+06	
      6540.286	     6.66561e+06	
      6543.189	     6.62857e+06	
      6546.457	     6.58377e+06	
      6546.724	     6.57997e+06	
      6548.188	     6.55873e+06	
      6549.918	     6.53275e+06	
      6553.113	     6.48227e+06	
      6554.426	     6.46056e+06	
      6556.306	     6.42833e+06	
      6556.871	     6.41849e+06	
      6557.903	     6.40150e+06	
      6558.185	     6.39685e+06	
      6559.500	     6.37366e+06	
      6560.298	     6.35733e+06	
      6561.096	     6.33691e+06	
      6561.496	     6.32340e+06	
      6561.895	     6.30530e+06	
      6562.094	     6.29305e+06	
      6562.294	     6.27640e+06	
      6562.394	     6.26515e+06	
      6562.494	     6.25029e+06	
      6562.594	     6.23166e+06	
      6562.693	     6.21423e+06	
      6562.793	     6.20449e+06	
      6562.892	     6.21385e+06	
      6562.992	     6.23125e+06	
      6563.092	     6.24970e+06	
      6563.291	     6.27527e+06	
      6563.490	     6.29145e+06	
      6563.641	     6.30072e+06	
      6563.687	     6.30320e+06	
      6563.689	     6.30332e+06	
      6563.691	     6.30342e+06	
      6563.741	     6.30596e+06	
      6563.841	     6.31067e+06	
      6564.041	     6.31887e+06	
      6564.294	     6.32751e+06	
      6564.392	     6.33050e+06	
      6564.441	     6.33191e+06	
      6564.490	     6.33333e+06	
      6564.685	     6.33851e+06	
      6565.077	     6.34762e+06	
      6565.636	     6.35871e+06	
      6565.861	     6.36276e+06	
      6566.086	     6.36663e+06	
      6566.536	     6.37395e+06	
      6566.689	     6.37636e+06	
      6567.085	     6.38240e+06	
      6567.436	     6.38742e+06	
      6568.183	     6.39804e+06	
      6569.280	     6.41419e+06	
      6570.478	     6.43222e+06	
      6571.476	     6.44674e+06	
      6572.473	     6.46087e+06	
      6573.270	     6.47196e+06	
      6574.469	     6.48817e+06	
      6575.667	     6.50391e+06	
      6577.950	     6.53253e+06	
      6578.065	     6.53395e+06	
      6578.180	     6.53533e+06	
      6578.410	     6.53809e+06	
      6578.870	     6.54359e+06	
      6579.789	     6.55440e+06	
      6580.079	     6.55773e+06	
      6581.629	     6.57516e+06	
      6583.178	     6.59178e+06	
      6584.378	     6.60413e+06	
      6586.278	     6.62273e+06	
      6587.911	     6.63778e+06	
      6588.177	     6.64013e+06	
      6588.443	     6.64249e+06	
      6588.975	     6.64711e+06	
      6590.039	     6.65609e+06	
      6591.023	     6.66413e+06	
      6592.166	     6.67312e+06	
      6593.014	     6.67956e+06	
      6593.309	     6.68173e+06	
      6595.594	     6.69791e+06	
      6598.174	     6.71459e+06	
      6603.335	     6.74333e+06	
      6613.656	     6.78556e+06	
      6623.977	     6.81261e+06	
      6634.299	     6.82913e+06	
      6654.941	     6.84189e+06	
      6675.584	     6.83871e+06	
      6680.975	     6.83623e+06	
      6696.226	     6.82674e+06	
      6711.477	     6.81452e+06	
      6741.979	     6.78496e+06	
      6781.185	     6.74114e+06	
      6802.982	     6.71522e+06	
      6824.779	     6.68858e+06	
      6868.373	     6.63429e+06	
      6955.562	     6.52279e+06	
      6976.354	     6.49593e+06	
      7042.750	     6.40979e+06	
      7109.146	     6.32346e+06	
      7175.542	     6.23791e+06	
      7241.938	     6.15256e+06	
      7308.334	     6.06751e+06	
      7355.946	     6.00676e+06	
      7374.730	     5.98389e+06	
      7393.514	     5.95998e+06	
      7431.082	     5.91267e+06	
      7506.218	     5.81858e+06	
      7581.353	     5.72524e+06	
      7635.097	     5.65898e+06	
      7656.489	     5.63272e+06	
      7677.881	     5.60652e+06	
      7720.666	     5.55481e+06	
      7806.234	     5.45223e+06	
      7821.358	     5.43420e+06	
      7891.803	     5.35082e+06	
      7962.248	     5.26829e+06	
      7982.837	     5.24448e+06	
      8032.693	     5.18712e+06	
      8082.550	     5.13019e+06	
      8161.675	     5.04106e+06	
      8182.262	     5.01807e+06	
      8200.850	     4.99736e+06	
      8202.850	     4.99513e+06	
      8204.849	     4.99293e+06	
      8208.848	     4.98850e+06	
      8216.846	     4.97964e+06	
      8232.842	     4.96202e+06	
      8264.833	     4.92687e+06	
      8289.715	     4.89966e+06	
      8328.816	     4.85715e+06	
      8343.441	     4.84132e+06	
      8367.916	     4.81493e+06	
      8371.465	     4.81113e+06	
      8388.684	     4.79272e+06	
      8392.391	     4.78876e+06	
      8408.650	     4.77145e+06	
      8413.318	     4.76649e+06	
      8432.024	     4.74663e+06	
      8437.951	     4.74035e+06	
      8467.252	     4.70944e+06	
      8473.978	     4.70237e+06	
      8502.481	     4.67246e+06	
      8516.584	     4.65773e+06	
      8530.983	     4.64274e+06	
      8545.382	     4.62788e+06	
      8549.972	     4.62314e+06	
      8574.180	     4.59825e+06	
      8598.388	     4.57347e+06	
      8628.597	     4.54271e+06	
      8646.805	     4.52424e+06	
      8652.391	     4.51858e+06	
      8665.013	     4.50583e+06	
      8685.587	     4.48513e+06	
      8701.429	     4.46923e+06	
      8750.468	     4.42035e+06	
      8767.917	     4.40307e+06	
      8815.350	     4.35638e+06	
      8862.782	     4.31049e+06	
      8900.383	     4.27439e+06	
      8957.646	     4.21994e+06	
      9014.908	     4.16613e+06	
      9044.624	     4.13845e+06	
      9072.171	     4.11294e+06	
      9099.717	     4.08756e+06	
      9154.810	     4.03764e+06	
      9190.798	     4.00531e+06	
      9209.903	     3.98828e+06	
      9229.009	     3.97126e+06	
      9267.221	     3.93752e+06	
      9303.204	     3.90594e+06	
      9343.644	     3.87076e+06	
      9384.084	     3.83585e+06	
      9464.964	     3.76749e+06	
      9545.723	     3.70039e+06	
      9545.844	     3.70026e+06	
      9545.965	     3.70017e+06	
      9546.207	     3.69998e+06	
      9546.691	     3.69957e+06	
      9546.866	     3.69945e+06	
      9547.658	     3.69879e+06	
      9549.594	     3.69721e+06	
      9553.465	     3.69401e+06	
      9561.207	     3.68766e+06	
      9576.691	     3.67497e+06	
      9607.658	     3.64971e+06	
      9668.451	     3.60064e+06	
      9729.243	     3.55258e+06	
      9790.036	     3.50514e+06	
      9850.828	     3.45830e+06	
      9870.422	     3.44334e+06	
      9911.620	     3.41208e+06	
      9952.819	     3.38114e+06	
     10021.070	     3.33084e+06	
     10035.217	     3.32051e+06	
     10049.364	     3.31014e+06	
     10077.658	     3.28972e+06	
     10134.247	     3.24913e+06	
     10144.484	     3.24184e+06	
     10190.835	     3.20901e+06	
     10237.187	     3.17656e+06	
     10329.890	     3.11386e+06	
     10422.592	     3.05240e+06	
     10515.295	     2.99217e+06	
     10607.998	     2.93314e+06	
     10700.701	     2.87531e+06	
     10793.403	     2.81863e+06	
     10834.127	     2.79409e+06	
     10886.106	     2.76306e+06	
     10938.085	     2.73226e+06	
     10990.064	     2.70221e+06	
     11042.043	     2.67237e+06	
     11094.022	     2.64286e+06	
     11146.000	     2.61367e+06	
     11197.979	     2.58483e+06	
     11239.008	     2.56230e+06	
     11249.958	     2.55632e+06	
     11260.908	     2.55036e+06	
     11282.808	     2.53888e+06	
     11326.608	     2.51608e+06	
     11414.209	     2.47111e+06	
     11501.809	     2.42699e+06	
     11589.411	     2.38370e+06	
     11677.011	     2.34123e+06	
     11764.612	     2.29956e+06	
     11852.212	     2.25869e+06	
     11939.813	     2.21859e+06	
     12027.413	     2.17924e+06	
     12115.014	     2.14067e+06	
     12120.600	     2.13823e+06	
     12202.614	     2.10283e+06	
     12284.629	     2.06806e+06	
     12366.644	     2.03527e+06	
     12448.658	     2.00300e+06	
     12530.673	     1.97126e+06	
     12612.688	     1.93999e+06	
     12694.701	     1.90911e+06	
     12735.367	     1.89390e+06	
     12776.716	     1.87848e+06	
     12818.066	     1.86299e+06	
     12900.764	     1.83424e+06	
     12983.464	     1.80556e+06	
     13066.162	     1.77718e+06	
     13148.861	     1.74921e+06	
     13154.771	     1.74723e+06	
     13231.560	     1.72169e+06	
     13308.350	     1.69654e+06	
     13385.140	     1.67295e+06	
     13461.929	     1.64971e+06	
     13538.719	     1.62681e+06	
     13615.509	     1.60424e+06	
     13692.299	     1.58204e+06	
     13769.088	     1.56013e+06	
     13845.878	     1.53855e+06	
     13922.668	     1.51729e+06	
     13999.458	     1.49634e+06	
     14076.247	     1.47572e+06	
     14153.038	     1.45540e+06	
     14229.828	     1.43539e+06	
     14281.164	     1.42218e+06	
     14306.618	     1.41568e+06	
     14332.071	     1.40922e+06	
     14382.978	     1.39673e+06	
     14410.128	     1.39012e+06	
     14427.096	     1.38600e+06	
     14433.884	     1.38436e+06	
     14457.640	     1.37863e+06	
     14505.152	     1.36732e+06	
     14581.211	     1.34941e+06	
     14583.210	     1.34894e+06	
     14585.210	     1.34847e+06	
     14589.208	     1.34755e+06	
     14597.206	     1.34573e+06	
     14613.202	     1.34208e+06	
     14645.193	     1.33481e+06	
     14709.176	     1.32040e+06	
     14773.158	     1.30615e+06	
     14837.141	     1.29205e+06	
     14901.123	     1.27811e+06	
     14965.106	     1.26432e+06	
     15029.088	     1.25069e+06	
     15093.071	     1.23722e+06	
     15157.054	     1.22390e+06	
     15221.036	     1.21073e+06	
     15285.019	     1.19771e+06	
     15349.001	     1.18484e+06	
     15412.984	     1.17211e+06	
     15471.572	     1.16058e+06	
     15476.966	     1.15953e+06	
     15482.361	     1.15847e+06	
     15493.150	     1.15630e+06	
     15514.728	     1.15196e+06	
     15557.884	     1.14334e+06	
     15644.197	     1.12632e+06	
     15730.509	     1.10958e+06	
     15816.821	     1.09310e+06	
     15903.134	     1.07690e+06	
     15989.446	     1.06097e+06	
     16075.759	     1.04530e+06	
     16162.071	     1.02988e+06	
     16248.384	     1.01473e+06	
     16289.880	     1.00752e+06	
     16334.696	     9.99815e+05	
     16379.512	     9.92172e+05	
     16469.143	     9.74833e+05	
     16558.775	     9.57862e+05	
     16648.406	     9.41249e+05	
     16738.038	     9.24989e+05	
     16827.669	     9.09070e+05	
     16917.301	     8.93485e+05	
     17006.933	     8.78226e+05	
     17096.564	     8.63285e+05	
     17186.196	     8.48654e+05	
     17275.827	     8.34328e+05	
     17327.685	     8.26173e+05	
     17365.459	     8.20295e+05	
     17403.232	     8.14467e+05	
     17478.780	     8.02957e+05	
     17554.327	     7.91647e+05	
     17629.874	     7.80529e+05	
     17705.422	     7.69602e+05	
     17780.969	     7.58864e+05	
     17856.517	     7.48309e+05	
     17932.064	     7.37932e+05	
     18007.611	     7.26980e+05	
     18083.159	     7.16820e+05	
     18158.706	     7.06789e+05	
     18234.253	     6.96868e+05	
     18309.801	     6.87025e+05	
     18343.743	     6.82618e+05	
     18385.348	     6.77217e+05	
     18426.953	     6.71808e+05	
     18510.162	     6.60897e+05	
     18593.371	     6.49725e+05	
     18602.053	     6.48538e+05	
     18676.581	     6.38240e+05	
     18713.844	     6.33166e+05	
     18751.108	     6.28067e+05	
     18788.372	     6.24856e+05	
     18825.636	     6.21589e+05	
     18900.163	     6.15102e+05	
     18974.691	     6.08269e+05	
     19049.219	     6.01147e+05	
     19123.746	     5.93868e+05	
     19198.274	     5.86529e+05	
     19272.802	     5.79193e+05	
     19347.329	     5.71902e+05	
     19393.041	     5.67463e+05	
     19421.857	     5.64679e+05	
     19450.673	     5.61905e+05	
     19508.305	     5.56398e+05	
     19565.938	     5.51343e+05	
     19623.570	     5.45896e+05	
     19681.202	     5.40514e+05	
     19738.834	     5.35195e+05	
     19796.467	     5.29943e+05	
     19854.099	     5.24756e+05	
     19911.731	     5.19629e+05	
     19969.363	     5.14565e+05	
     20026.996	     5.09560e+05	
     20084.628	     5.04615e+05	
     20142.260	     4.99730e+05	
     20199.892	     4.94901e+05	
     20257.525	     4.90132e+05	
     20315.157	     4.85417e+05	
     20372.789	     4.80761e+05	
     20386.449	     4.79665e+05	
     20430.421	     4.76159e+05	
     20474.393	     4.72681e+05	
     20562.337	     4.65826e+05	
     20650.280	     4.59094e+05	
     20738.224	     4.52480e+05	
     20826.167	     4.45984e+05	
     20914.111	     4.39603e+05	
     21002.055	     4.33332e+05	
     21089.998	     4.27172e+05	
     21177.942	     4.21121e+05	
     21265.885	     4.15174e+05	
     21353.829	     4.09331e+05	
     21441.773	     4.03588e+05	
     21529.716	     3.97946e+05	
     21604.704	     3.93211e+05	
     21617.660	     3.92401e+05	
     21630.617	     3.91590e+05	
     21656.529	     3.89978e+05	
     21708.356	     3.86780e+05	
     21760.182	     3.83614e+05	
     21812.008	     3.80481e+05	
     21863.835	     3.77378e+05	
     21915.661	     3.74308e+05	
     21967.487	     3.71267e+05	
     22019.313	     3.68257e+05	
     22071.139	     3.65276e+05	
     22122.966	     3.62326e+05	
     22174.792	     3.59408e+05	
     22226.619	     3.56514e+05	
     22278.445	     3.53652e+05	
     22330.271	     3.50819e+05	
     22382.097	     3.48010e+05	
     22433.923	     3.45233e+05	
     22485.750	     3.42481e+05	
     22537.576	     3.39754e+05	
     22589.403	     3.37058e+05	
     22641.228	     3.34385e+05	
     22693.054	     3.31740e+05	
     22702.925	     3.31240e+05	
     22744.881	     3.29120e+05	
     22784.838	     3.27118e+05	
     22786.838	     3.27018e+05	
     22788.837	     3.26920e+05	
     22792.836	     3.26719e+05	
     22800.834	     3.26320e+05	
     22816.829	     3.25529e+05	
     22848.821	     3.23945e+05	
     22912.803	     3.20810e+05	
     22976.786	     3.17712e+05	
     23040.768	     3.14649e+05	
     23104.751	     3.11625e+05	
     23168.733	     3.08636e+05	
     23232.716	     3.05683e+05	
     23296.698	     3.02764e+05	
     23360.681	     2.99879e+05	
     23424.663	     2.97029e+05	
     23488.646	     2.94212e+05	
     23552.628	     2.91428e+05	
     23616.611	     2.88676e+05	
     23680.593	     2.85957e+05	
     23744.576	     2.83269e+05	
     23808.558	     2.80612e+05	
     23872.541	     2.77987e+05	
     23936.523	     2.75391e+05	
     24000.506	     2.72825e+05	
     24064.488	     2.70289e+05	
     24128.471	     2.67782e+05	
     24192.453	     2.65304e+05	
     24256.436	     2.62854e+05	
     24320.419	     2.60431e+05	
     24384.401	     2.58037e+05	
     24448.384	     2.55670e+05	
     24512.366	     2.53329e+05	
     24576.349	     2.51015e+05	
     24640.331	     2.48727e+05	
     24704.314	     2.46465e+05	
     24768.296	     2.44228e+05	
     24832.279	     2.42016e+05	
     24896.261	     2.39829e+05	
     24960.244	     2.37667e+05	
     25004.437	     2.36187e+05	
     25024.226	     2.35529e+05	
     25044.016	     2.34872e+05	
     25083.595	     2.33566e+05	
     25162.753	     2.30982e+05	
     25241.912	     2.28432e+05	
     25321.070	     2.25918e+05	
     25400.228	     2.23438e+05	
     25479.387	     2.20991e+05	
     25558.545	     2.18578e+05	
     25637.703	     2.16197e+05	
     25716.862	     2.13848e+05	
     25796.020	     2.11530e+05	
     25875.179	     2.09244e+05	
     25954.337	     2.06988e+05	
     26033.495	     2.04762e+05	
     26112.654	     2.02566e+05	
     26191.812	     2.00399e+05	
     26270.970	     1.98261e+05	
     26350.129	     1.96150e+05	
     26429.287	     1.94068e+05	
     26508.445	     1.92013e+05	
     26587.604	     1.89984e+05	
     26666.762	     1.87983e+05	
     26745.921	     1.86007e+05	
     26825.079	     1.84057e+05	
     26904.237	     1.82132e+05	
     26983.396	     1.80233e+05	
     27062.554	     1.78357e+05	
     27141.712	     1.76506e+05	
     27142.547	     1.76487e+05	
     27220.871	     1.74679e+05	
     27299.194	     1.72894e+05	
     27377.518	     1.71132e+05	
     27455.842	     1.69392e+05	
     27534.165	     1.67674e+05	
     27612.489	     1.65978e+05	
     27690.812	     1.64302e+05	
     27769.136	     1.62648e+05	
     27847.459	     1.61015e+05	
     27925.783	     1.59401e+05	
     28004.107	     1.57808e+05	
     28082.430	     1.56235e+05	
     28160.754	     1.54680e+05	
     28239.077	     1.53145e+05	
     28317.401	     1.51629e+05	
     28395.725	     1.50131e+05	
     28474.048	     1.48652e+05	
     28552.372	     1.47191e+05	
     28630.695	     1.45747e+05	
     28709.019	     1.44321e+05	
     28787.343	     1.42913e+05	
     28865.666	     1.41521e+05	
     28943.990	     1.40146e+05	
     29022.313	     1.38788e+05	
     29100.637	     1.37446e+05	
     29178.961	     1.36120e+05	
     29257.284	     1.34810e+05	
     29335.608	     1.33515e+05	
     29413.931	     1.32236e+05	
     29492.255	     1.30972e+05	
     29570.578	     1.29723e+05	
     29648.902	     1.28488e+05	
     29727.226	     1.27268e+05	
     29805.549	     1.26063e+05	
     29883.873	     1.24872e+05	
     29932.600	     1.24138e+05	
     29962.196	     1.23695e+05	
     29991.792	     1.23253e+05	
#time:0.038596
