# Koester WD models
# teff = 5000 K (value for the effective temperature for the model. Temperatures are given in K)
# logg = 7.75 log(cm/s2) (value for Log(G) for the model.)
#
#   WAVELENGTH	#           FLUX	
#   (ANGSTROM)	#  (ERG/CM2/S/A)	
##############	################	
       899.230	     1.40481e-04	
       900.777	     1.48747e-04	
       902.325	     1.57466e-04	
       903.509	     1.64460e-04	
       903.584	     1.64915e-04	
       903.872	     1.66661e-04	
       904.235	     1.68889e-04	
       904.961	     1.73428e-04	
       904.999	     1.73667e-04	
       906.413	     1.82851e-04	
       907.827	     1.92489e-04	
       908.450	     1.96885e-04	
       909.241	     2.02599e-04	
       910.032	     2.08468e-04	
       911.193	     2.17375e-04	
       911.613	     2.20687e-04	
       912.034	     2.24045e-04	
       912.465	     2.27541e-04	
       912.875	     2.30906e-04	
       913.037	     2.32252e-04	
       913.241	     2.33957e-04	
       913.284	     2.34318e-04	
       913.478	     2.35952e-04	
       913.531	     2.36400e-04	
       913.755	     2.38296e-04	
       913.822	     2.38868e-04	
       914.080	     2.41083e-04	
       914.165	     2.41817e-04	
       914.499	     2.44723e-04	
       914.575	     2.45388e-04	
       915.071	     2.49764e-04	
       915.540	     2.53978e-04	
       915.609	     2.54594e-04	
       915.643	     2.54903e-04	
       915.677	     2.55212e-04	
       915.741	     2.55794e-04	
       915.813	     2.56452e-04	
       916.085	     2.58948e-04	
       916.429	     2.62138e-04	
       916.858	     2.66158e-04	
       917.118	     2.68628e-04	
       917.196	     2.69373e-04	
       917.378	     2.71119e-04	
       917.899	     2.76167e-04	
       917.952	     2.76686e-04	
       918.287	     2.79990e-04	
       918.602	     2.83121e-04	
       919.251	     2.89695e-04	
       920.215	     2.99712e-04	
       921.882	     3.17800e-04	
       921.999	     3.19107e-04	
       922.143	     3.20725e-04	
       922.405	     3.23675e-04	
       922.810	     3.28306e-04	
       923.621	     3.37749e-04	
       925.001	     3.54416e-04	
       925.242	     3.57406e-04	
       925.484	     3.60419e-04	
       925.564	     3.61428e-04	
       925.966	     3.66517e-04	
       926.164	     3.69027e-04	
       926.369	     3.71619e-04	
       927.173	     3.81851e-04	
       927.276	     3.83152e-04	
       928.182	     3.94967e-04	
       928.917	     4.04577e-04	
       928.980	     4.05630e-04	
       929.089	     4.07487e-04	
       929.261	     4.10386e-04	
       929.317	     4.11294e-04	
       929.543	     4.14797e-04	
       929.655	     4.16428e-04	
       929.769	     4.18071e-04	
       929.827	     4.18906e-04	
       929.883	     4.19717e-04	
       929.910	     4.20106e-04	
       929.939	     4.20527e-04	
       929.954	     4.20744e-04	
       929.968	     4.20948e-04	
       929.982	     4.21149e-04	
       929.996	     4.21354e-04	
       930.010	     4.21558e-04	
       930.024	     4.21762e-04	
       930.038	     4.21963e-04	
       930.052	     4.22167e-04	
       930.081	     4.22591e-04	
       930.137	     4.23405e-04	
       930.201	     4.24341e-04	
       930.247	     4.25014e-04	
       930.249	     4.25045e-04	
       930.251	     4.25073e-04	
       930.301	     4.25805e-04	
       930.326	     4.26157e-04	
       930.329	     4.26201e-04	
       930.402	     4.27272e-04	
       930.478	     4.28369e-04	
       930.630	     4.30458e-04	
       930.931	     4.34105e-04	
       931.229	     4.37464e-04	
       931.490	     4.40454e-04	
       931.534	     4.40982e-04	
       931.838	     4.44780e-04	
       932.447	     4.52826e-04	
       933.265	     4.65194e-04	
       933.403	     4.67394e-04	
       933.432	     4.67840e-04	
       933.542	     4.69612e-04	
       933.652	     4.71402e-04	
       933.872	     4.75043e-04	
       933.973	     4.76737e-04	
       934.073	     4.78427e-04	
       934.312	     4.82564e-04	
       934.316	     4.82633e-04	
       934.652	     4.88624e-04	
       935.230	     4.99727e-04	
       935.688	     5.09218e-04	
       936.144	     5.19082e-04	
       936.372	     5.23741e-04	
       936.601	     5.28033e-04	
       936.714	     5.30072e-04	
       936.829	     5.32145e-04	
       936.887	     5.33191e-04	
       936.944	     5.34225e-04	
       936.973	     5.34749e-04	
       937.001	     5.35258e-04	
       937.015	     5.35513e-04	
       937.029	     5.35767e-04	
       937.043	     5.36022e-04	
       937.058	     5.36292e-04	
       937.072	     5.36549e-04	
       937.086	     5.36804e-04	
       937.101	     5.37077e-04	
       937.115	     5.37332e-04	
       937.143	     5.37841e-04	
       937.200	     5.38881e-04	
       937.314	     5.40967e-04	
       937.493	     5.44256e-04	
       937.542	     5.45154e-04	
       937.593	     5.46075e-04	
       937.694	     5.47847e-04	
       937.788	     5.49436e-04	
       937.894	     5.51126e-04	
       938.000	     5.52757e-04	
       938.212	     5.55770e-04	
       938.359	     5.57859e-04	
       938.556	     5.60617e-04	
       938.636	     5.61764e-04	
       938.914	     5.65942e-04	
       939.271	     5.71679e-04	
       939.986	     5.84588e-04	
       940.580	     5.96230e-04	
       940.660	     5.97851e-04	
       940.675	     5.98159e-04	
       940.700	     5.98671e-04	
       940.740	     5.99488e-04	
       940.787	     6.00453e-04	
       940.901	     6.02777e-04	
       941.221	     6.09466e-04	
       941.861	     6.23025e-04	
       943.048	     6.48453e-04	
       943.457	     6.57322e-04	
       944.382	     6.77506e-04	
       945.308	     6.98301e-04	
       946.233	     7.20845e-04	
       947.158	     7.46615e-04	
       947.621	     7.60778e-04	
       948.083	     7.74824e-04	
       948.314	     7.81339e-04	
       948.546	     7.87462e-04	
       948.661	     7.90462e-04	
       948.777	     7.93494e-04	
       948.835	     7.95015e-04	
       948.893	     7.96538e-04	
       948.922	     7.97302e-04	
       948.951	     7.98065e-04	
       948.966	     7.98461e-04	
       948.980	     7.98828e-04	
       948.994	     7.99199e-04	
       949.009	     7.99595e-04	
       949.023	     7.99966e-04	
       949.037	     8.00333e-04	
       949.052	     8.00729e-04	
       949.066	     8.01100e-04	
       949.095	     8.01866e-04	
       949.153	     8.03403e-04	
       949.230	     8.05445e-04	
       949.258	     8.06189e-04	
       949.269	     8.06481e-04	
       949.280	     8.06774e-04	
       949.330	     8.08106e-04	
       949.360	     8.08907e-04	
       949.430	     8.10776e-04	
       949.500	     8.12645e-04	
       949.640	     8.16355e-04	
       949.795	     8.20295e-04	
       949.879	     8.22365e-04	
       949.921	     8.23367e-04	
       949.963	     8.24357e-04	
       950.047	     8.26267e-04	
       950.131	     8.28158e-04	
       950.467	     8.35353e-04	
       950.888	     8.44224e-04	
       951.728	     8.64111e-04	
       952.400	     8.82411e-04	
       952.569	     8.87308e-04	
       952.738	     8.92310e-04	
       953.076	     9.02658e-04	
       953.753	     9.24018e-04	
       954.198	     9.38739e-04	
       955.106	     9.69885e-04	
       956.014	     1.00211e-03	
       956.370	     1.01493e-03	
       957.830	     1.06916e-03	
       958.148	     1.08129e-03	
       959.289	     1.12502e-03	
       960.430	     1.16993e-03	
       961.192	     1.20070e-03	
       962.712	     1.26381e-03	
       963.468	     1.29612e-03	
       964.231	     1.32930e-03	
       965.750	     1.39725e-03	
       966.767	     1.44438e-03	
       968.032	     1.50486e-03	
       968.668	     1.53587e-03	
       968.979	     1.55120e-03	
       969.297	     1.56697e-03	
       969.927	     1.59832e-03	
       970.401	     1.62161e-03	
       970.638	     1.63259e-03	
       970.874	     1.64226e-03	
       970.992	     1.64618e-03	
       971.110	     1.64893e-03	
       971.230	     1.64961e-03	
       971.348	     1.64674e-03	
       971.466	     1.63968e-03	
       971.535	     1.63535e-03	
       971.567	     1.63425e-03	
       971.584	     1.63413e-03	
       971.635	     1.63691e-03	
       971.644	     1.63808e-03	
       971.703	     1.64956e-03	
       971.732	     1.65613e-03	
       971.762	     1.66082e-03	
       971.778	     1.66212e-03	
       971.792	     1.66289e-03	
       971.806	     1.66362e-03	
       971.821	     1.66441e-03	
       971.827	     1.66472e-03	
       971.833	     1.66503e-03	
       971.836	     1.66519e-03	
       971.839	     1.66535e-03	
       971.851	     1.66597e-03	
       971.866	     1.66676e-03	
       971.880	     1.66749e-03	
       971.910	     1.66881e-03	
       971.969	     1.66451e-03	
       972.037	     1.65812e-03	
       972.087	     1.65985e-03	
       972.137	     1.66607e-03	
       972.150	     1.66778e-03	
       972.237	     1.68303e-03	
       972.324	     1.69750e-03	
       972.499	     1.71959e-03	
       972.548	     1.72457e-03	
       972.673	     1.73551e-03	
       972.798	     1.74508e-03	
       973.048	     1.76192e-03	
       973.351	     1.78059e-03	
       973.548	     1.79241e-03	
       973.746	     1.80410e-03	
       974.140	     1.82726e-03	
       974.217	     1.83175e-03	
       974.821	     1.86721e-03	
       974.928	     1.87353e-03	
       975.640	     1.91598e-03	
       977.063	     2.00327e-03	
       979.305	     2.14809e-03	
       981.547	     2.30255e-03	
       983.653	     2.45654e-03	
       983.788	     2.46673e-03	
       983.923	     2.47695e-03	
       984.194	     2.49751e-03	
       984.734	     2.53910e-03	
       985.011	     2.56068e-03	
       985.815	     2.62419e-03	
       986.618	     2.68913e-03	
       987.139	     2.73196e-03	
       988.225	     2.82344e-03	
       989.312	     2.91774e-03	
       991.486	     3.11512e-03	
       993.439	     3.30294e-03	
       993.659	     3.32475e-03	
       993.880	     3.34671e-03	
       994.320	     3.39100e-03	
       995.200	     3.48120e-03	
       995.477	     3.50994e-03	
       996.962	     3.66831e-03	
       997.574	     3.73554e-03	
       997.806	     3.76130e-03	
       998.447	     3.83325e-03	
       999.319	     3.93327e-03	
       999.435	     3.94675e-03	
      1001.064	     4.14056e-03	
      1002.694	     4.34313e-03	
      1004.323	     4.55487e-03	
      1005.836	     4.76002e-03	
      1005.952	     4.77610e-03	
      1007.581	     5.00723e-03	
      1009.326	     5.26628e-03	
      1011.071	     5.53765e-03	
      1011.303	     5.57472e-03	
      1012.816	     5.82194e-03	
      1014.329	     6.07936e-03	
      1015.378	     6.26402e-03	
      1015.842	     6.34746e-03	
      1017.355	     6.62622e-03	
      1017.620	     6.67632e-03	
      1019.332	     7.00751e-03	
      1021.044	     7.35315e-03	
      1022.470	     7.65113e-03	
      1022.756	     7.71088e-03	
      1023.043	     7.76991e-03	
      1023.189	     7.79982e-03	
      1023.542	     7.86840e-03	
      1023.615	     7.88182e-03	
      1023.791	     7.91336e-03	
      1024.041	     7.94945e-03	
      1024.166	     7.96321e-03	
      1024.291	     7.96815e-03	
      1024.415	     7.96617e-03	
      1024.540	     7.94594e-03	
      1024.741	     7.89410e-03	
      1024.767	     7.89033e-03	
      1024.790	     7.89143e-03	
      1024.841	     7.90663e-03	
      1024.852	     7.91326e-03	
      1024.915	     7.96548e-03	
      1024.947	     7.99479e-03	
      1024.978	     8.01452e-03	
      1024.993	     8.01992e-03	
      1025.009	     8.02394e-03	
      1025.025	     8.02752e-03	
      1025.040	     8.03088e-03	
      1025.056	     8.03450e-03	
      1025.072	     8.03808e-03	
      1025.087	     8.04144e-03	
      1025.103	     8.04505e-03	
      1025.134	     8.05184e-03	
      1025.196	     8.04333e-03	
      1025.271	     8.01028e-03	
      1025.320	     8.00883e-03	
      1025.371	     8.02642e-03	
      1025.471	     8.09340e-03	
      1025.521	     8.13170e-03	
      1025.571	     8.16893e-03	
      1025.621	     8.20405e-03	
      1025.721	     8.26405e-03	
      1025.772	     8.28963e-03	
      1025.921	     8.35557e-03	
      1026.070	     8.41014e-03	
      1026.369	     8.50410e-03	
      1026.667	     8.58698e-03	
      1026.861	     8.63900e-03	
      1026.965	     8.66593e-03	
      1027.069	     8.69254e-03	
      1027.277	     8.74563e-03	
      1027.693	     8.85081e-03	
      1027.985	     8.92366e-03	
      1028.526	     9.05960e-03	
      1028.796	     9.12799e-03	
      1029.067	     9.19704e-03	
      1029.338	     9.26650e-03	
      1029.881	     9.40678e-03	
      1030.965	     9.69294e-03	
      1033.082	     1.02741e-02	
      1033.135	     1.02888e-02	
      1033.187	     1.03035e-02	
      1033.230	     1.03157e-02	
      1033.291	     1.03329e-02	
      1033.499	     1.03921e-02	
      1033.915	     1.05113e-02	
      1034.747	     1.07534e-02	
      1036.265	     1.12082e-02	
      1037.783	     1.16807e-02	
      1039.172	     1.21290e-02	
      1039.258	     1.21573e-02	
      1039.301	     1.21714e-02	
      1039.344	     1.21856e-02	
      1039.504	     1.22385e-02	
      1039.516	     1.22425e-02	
      1039.860	     1.23570e-02	
      1040.549	     1.25888e-02	
      1041.925	     1.30647e-02	
      1044.347	     1.39422e-02	
      1046.768	     1.48738e-02	
      1049.029	     1.57953e-02	
      1049.189	     1.58625e-02	
      1049.349	     1.59299e-02	
      1049.670	     1.60656e-02	
      1050.310	     1.63402e-02	
      1051.591	     1.69025e-02	
      1053.952	     1.79862e-02	
      1054.152	     1.80809e-02	
      1054.352	     1.81761e-02	
      1054.752	     1.83678e-02	
      1054.952	     1.84644e-02	
      1055.553	     1.87569e-02	
      1057.153	     1.95580e-02	
      1059.355	     2.07109e-02	
      1061.556	     2.19259e-02	
      1063.156	     2.28505e-02	
      1063.757	     2.32063e-02	
      1064.357	     2.35673e-02	
      1065.558	     2.43046e-02	
      1066.558	     2.49353e-02	
      1067.959	     2.58435e-02	
      1069.359	     2.67821e-02	
      1069.960	     2.71940e-02	
      1072.161	     2.87541e-02	
      1074.362	     3.03960e-02	
      1076.563	     3.21237e-02	
      1078.163	     3.34363e-02	
      1078.687	     3.38764e-02	
      1078.764	     3.39411e-02	
      1078.980	     3.41246e-02	
      1079.364	     3.44529e-02	
      1080.565	     3.54975e-02	
      1080.712	     3.56269e-02	
      1082.442	     3.71892e-02	
      1084.173	     3.88147e-02	
      1085.905	     4.05049e-02	
      1087.637	     4.22623e-02	
      1089.318	     4.40366e-02	
      1089.367	     4.40894e-02	
      1089.418	     4.41444e-02	
      1089.518	     4.42525e-02	
      1089.718	     4.44689e-02	
      1090.119	     4.49053e-02	
      1090.669	     4.55113e-02	
      1090.919	     4.57893e-02	
      1092.520	     4.76058e-02	
      1094.370	     4.97886e-02	
      1096.221	     5.20625e-02	
      1096.771	     5.27568e-02	
      1098.072	     5.44312e-02	
      1099.372	     5.61547e-02	
      1099.573	     5.64243e-02	
      1101.974	     5.97506e-02	
      1104.374	     6.32560e-02	
      1106.775	     6.69483e-02	
      1108.976	     7.05052e-02	
      1109.176	     7.08369e-02	
      1109.376	     7.11700e-02	
      1109.777	     7.18416e-02	
      1109.977	     7.21797e-02	
      1110.577	     7.32026e-02	
      1112.177	     7.59948e-02	
      1114.378	     7.99937e-02	
      1116.579	     8.41846e-02	
      1118.180	     8.73576e-02	
      1118.684	     8.83796e-02	
      1118.780	     8.85756e-02	
      1119.380	     8.98087e-02	
      1120.076	     9.12592e-02	
      1121.469	     9.42242e-02	
      1123.778	     9.93353e-02	
      1124.254	     1.00420e-01	
      1124.730	     1.01515e-01	
      1125.682	     1.03736e-01	
      1125.790	     1.03991e-01	
      1127.075	     1.07065e-01	
      1127.587	     1.08314e-01	
      1129.384	     1.12800e-01	
      1131.692	     1.18815e-01	
      1132.463	     1.20886e-01	
      1134.001	     1.25121e-01	
      1135.540	     1.29488e-01	
      1137.846	     1.36294e-01	
      1138.617	     1.38638e-01	
      1139.387	     1.41018e-01	
      1140.927	     1.45888e-01	
      1143.628	     1.54792e-01	
      1143.948	     1.55878e-01	
      1144.008	     1.56083e-01	
      1144.388	     1.57383e-01	
      1145.149	     1.60015e-01	
      1146.669	     1.65392e-01	
      1149.390	     1.75417e-01	
      1149.830	     1.77085e-01	
      1152.111	     1.85967e-01	
      1153.951	     1.93411e-01	
      1154.391	     1.95221e-01	
      1156.672	     2.04810e-01	
      1159.393	     2.16698e-01	
      1159.833	     2.18660e-01	
      1162.114	     2.29053e-01	
      1164.394	     2.39738e-01	
      1168.515	     2.59769e-01	
      1168.955	     2.61951e-01	
      1169.395	     2.64146e-01	
      1169.676	     2.65554e-01	
      1170.276	     2.68583e-01	
      1172.036	     2.77569e-01	
      1174.397	     2.90260e-01	
      1176.757	     3.04159e-01	
      1178.838	     3.17401e-01	
      1178.980	     3.18347e-01	
      1179.118	     3.19264e-01	
      1179.398	     3.21140e-01	
      1179.958	     3.24938e-01	
      1180.617	     3.29427e-01	
      1180.936	     3.31630e-01	
      1182.893	     3.45503e-01	
      1183.052	     3.46659e-01	
      1185.168	     3.62263e-01	
      1187.285	     3.78383e-01	
      1189.400	     3.95102e-01	
      1191.516	     4.12472e-01	
      1192.863	     4.23901e-01	
      1193.632	     4.30565e-01	
      1194.402	     4.37322e-01	
      1195.940	     4.51114e-01	
      1198.631	     4.76096e-01	
      1199.017	     4.79778e-01	
      1199.035	     4.79951e-01	
      1199.403	     4.83488e-01	
      1200.175	     4.90996e-01	
      1201.719	     5.06415e-01	
      1204.404	     5.34586e-01	
      1204.772	     5.38570e-01	
      1207.088	     5.64283e-01	
      1208.485	     5.80218e-01	
      1209.405	     5.90902e-01	
      1210.325	     6.01706e-01	
      1211.639	     6.17326e-01	
      1212.165	     6.23647e-01	
      1212.691	     6.30024e-01	
      1213.613	     6.41328e-01	
      1213.744	     6.42952e-01	
      1213.807	     6.43731e-01	
      1213.875	     6.44576e-01	
      1214.137	     6.47840e-01	
      1214.171	     6.48265e-01	
      1214.467	     6.51975e-01	
      1214.615	     6.53835e-01	
      1214.763	     6.55701e-01	
      1214.837	     6.56634e-01	
      1214.911	     6.57570e-01	
      1214.948	     6.58038e-01	
      1214.985	     6.58509e-01	
      1215.004	     6.58748e-01	
      1215.022	     6.58977e-01	
      1215.040	     6.59207e-01	
      1215.059	     6.59445e-01	
      1215.077	     6.59675e-01	
      1215.095	     6.59904e-01	
      1215.114	     6.60146e-01	
      1215.132	     6.60372e-01	
      1215.169	     6.60843e-01	
      1215.243	     6.61786e-01	
      1215.391	     6.63671e-01	
      1215.637	     6.66819e-01	
      1215.687	     6.67460e-01	
      1215.737	     6.68101e-01	
      1215.795	     6.68845e-01	
      1215.837	     6.69385e-01	
      1216.037	     6.71962e-01	
      1216.064	     6.72310e-01	
      1216.279	     6.75091e-01	
      1216.763	     6.81393e-01	
      1217.462	     6.90582e-01	
      1218.315	     7.01935e-01	
      1218.861	     7.09287e-01	
      1218.985	     7.10958e-01	
      1219.407	     7.16660e-01	
      1219.829	     7.22353e-01	
      1220.104	     7.26066e-01	
      1220.673	     7.33700e-01	
      1222.361	     7.56320e-01	
      1224.619	     7.87333e-01	
      1226.876	     8.19959e-01	
      1228.858	     8.50036e-01	
      1229.134	     8.54309e-01	
      1229.409	     8.58604e-01	
      1229.740	     8.63658e-01	
      1229.959	     8.67133e-01	
      1230.178	     8.70636e-01	
      1230.616	     8.77698e-01	
      1231.492	     8.92011e-01	
      1231.694	     8.95348e-01	
      1233.244	     9.21338e-01	
      1234.794	     9.48089e-01	
      1236.380	     9.76253e-01	
      1237.895	     1.00388e+00	
      1239.410	     1.03214e+00	
      1240.470	     1.05237e+00	
      1242.441	     1.09099e+00	
      1244.411	     1.13094e+00	
      1247.291	     1.19182e+00	
      1248.352	     1.21497e+00	
      1248.652	     1.22159e+00	
      1249.412	     1.23852e+00	
      1251.532	     1.28687e+00	
      1254.413	     1.35527e+00	
      1255.173	     1.37386e+00	
      1257.293	     1.42691e+00	
      1259.413	     1.48185e+00	
      1261.534	     1.53887e+00	
      1262.894	     1.57648e+00	
      1263.654	     1.59789e+00	
      1264.414	     1.61961e+00	
      1265.934	     1.66397e+00	
      1268.534	     1.74277e+00	
      1268.975	     1.75651e+00	
      1269.415	     1.77038e+00	
      1269.695	     1.77927e+00	
      1270.295	     1.79845e+00	
      1272.055	     1.85590e+00	
      1274.415	     1.93590e+00	
      1276.775	     2.01870e+00	
      1278.856	     2.09431e+00	
      1279.136	     2.10468e+00	
      1279.416	     2.11511e+00	
      1279.976	     2.13609e+00	
      1281.096	     2.17848e+00	
      1282.256	     2.22314e+00	
      1283.336	     2.26550e+00	
      1283.736	     2.28134e+00	
      1284.416	     2.30851e+00	
      1286.577	     2.39671e+00	
      1286.917	     2.41085e+00	
      1289.417	     2.51689e+00	
      1291.917	     2.62616e+00	
      1294.417	     2.73962e+00	
      1296.918	     2.85718e+00	
      1299.418	     2.97917e+00	
      1301.918	     3.10675e+00	
      1304.418	     3.23908e+00	
      1306.919	     3.37599e+00	
      1309.419	     3.51814e+00	
      1311.919	     3.66479e+00	
      1314.419	     3.81675e+00	
      1316.919	     3.97437e+00	
      1319.420	     4.13785e+00	
      1321.920	     4.30731e+00	
      1324.420	     4.48312e+00	
      1326.920	     4.66643e+00	
      1329.420	     4.85627e+00	
      1331.920	     5.05178e+00	
      1334.421	     5.25381e+00	
      1336.921	     5.46301e+00	
      1339.421	     5.67906e+00	
      1341.921	     5.90258e+00	
      1344.421	     6.13390e+00	
      1346.921	     6.37498e+00	
      1349.421	     6.62474e+00	
      1351.921	     6.88320e+00	
      1354.422	     7.15061e+00	
      1356.922	     7.42726e+00	
      1359.422	     7.71340e+00	
      1364.422	     8.31049e+00	
      1365.191	     8.40549e+00	
      1369.422	     8.94578e+00	
      1373.653	     9.51796e+00	
      1376.346	     9.90129e+00	
      1377.884	     1.01263e+01	
      1379.422	     1.03559e+01	
      1380.574	     1.05308e+01	
      1382.499	     1.08289e+01	
      1384.423	     1.11345e+01	
      1387.119	     1.15758e+01	
      1388.271	     1.17691e+01	
      1389.031	     1.18981e+01	
      1389.423	     1.19652e+01	
      1391.727	     1.23661e+01	
      1394.423	     1.28487e+01	
      1399.423	     1.37811e+01	
      1404.423	     1.47737e+01	
      1409.423	     1.58307e+01	
      1414.423	     1.69602e+01	
      1419.423	     1.81686e+01	
      1424.423	     1.94476e+01	
      1429.423	     2.08020e+01	
      1434.423	     2.22283e+01	
      1439.423	     2.37334e+01	
      1444.422	     2.53225e+01	
      1449.422	     2.70152e+01	
      1454.422	     2.88228e+01	
      1459.422	     3.07390e+01	
      1464.422	     3.27756e+01	
      1465.960	     3.34278e+01	
      1469.422	     3.49348e+01	
      1472.884	     3.64921e+01	
      1473.268	     3.66668e+01	
      1474.422	     3.71965e+01	
      1476.345	     3.80943e+01	
      1479.421	     3.95614e+01	
      1484.421	     4.20480e+01	
      1489.421	     4.46643e+01	
      1494.421	     4.74095e+01	
      1499.420	     5.03113e+01	
      1504.420	     5.33967e+01	
      1509.420	     5.66630e+01	
      1514.420	     6.01097e+01	
      1519.419	     6.37549e+01	
      1524.419	     6.76253e+01	
      1529.419	     7.17125e+01	
      1534.418	     7.59772e+01	
      1539.418	     8.04047e+01	
      1544.418	     8.50332e+01	
      1549.417	     8.98747e+01	
      1554.417	     9.49000e+01	
      1559.417	     1.00099e+02	
      1564.416	     1.05517e+02	
      1566.724	     1.08117e+02	
      1569.416	     1.11221e+02	
      1570.186	     1.12126e+02	
      1572.107	     1.14414e+02	
      1574.415	     1.17233e+02	
      1574.800	     1.17709e+02	
      1579.415	     1.23574e+02	
      1584.414	     1.30216e+02	
      1589.414	     1.37158e+02	
      1594.413	     1.44431e+02	
      1599.413	     1.52112e+02	
      1604.413	     1.60145e+02	
      1609.412	     1.68622e+02	
      1614.412	     1.77596e+02	
      1619.411	     1.87084e+02	
      1624.410	     1.97165e+02	
      1629.410	     2.07808e+02	
      1634.409	     2.19027e+02	
      1639.409	     2.30767e+02	
      1644.408	     2.42904e+02	
      1649.408	     2.55356e+02	
      1654.407	     2.68203e+02	
      1659.407	     2.81392e+02	
      1664.406	     2.95107e+02	
      1665.560	     2.98336e+02	
      1669.405	     3.09320e+02	
      1670.174	     3.11563e+02	
      1673.251	     3.20716e+02	
      1674.405	     3.24200e+02	
      1676.328	     3.30087e+02	
      1679.404	     3.39713e+02	
      1684.404	     3.55961e+02	
      1689.403	     3.73001e+02	
      1694.402	     3.90886e+02	
      1699.402	     4.09676e+02	
      1704.401	     4.29255e+02	
      1709.400	     4.49483e+02	
      1714.400	     4.70573e+02	
      1719.399	     4.92479e+02	
      1724.398	     5.15325e+02	
      1729.398	     5.39019e+02	
      1734.397	     5.63533e+02	
      1739.396	     5.88870e+02	
      1744.396	     6.15121e+02	
      1749.395	     6.42072e+02	
      1754.394	     6.69910e+02	
      1759.393	     6.98703e+02	
      1764.393	     7.28542e+02	
      1767.084	     7.45051e+02	
      1767.854	     7.49832e+02	
      1769.392	     7.59461e+02	
      1771.700	     7.74161e+02	
      1774.391	     7.91662e+02	
      1775.545	     7.99268e+02	
      1779.391	     8.25067e+02	
      1784.390	     8.59951e+02	
      1789.389	     8.96098e+02	
      1794.388	     9.33226e+02	
      1799.387	     9.71660e+02	
      1804.387	     1.01127e+03	
      1809.386	     1.05222e+03	
      1814.385	     1.09459e+03	
      1819.384	     1.13842e+03	
      1823.999	     1.18005e+03	
      1829.383	     1.23026e+03	
      1834.767	     1.28225e+03	
      1840.151	     1.33589e+03	
      1845.535	     1.39141e+03	
      1850.919	     1.44905e+03	
      1856.303	     1.50920e+03	
      1861.687	     1.57112e+03	
      1863.998	     1.59814e+03	
      1867.072	     1.63467e+03	
      1870.145	     1.67191e+03	
      1876.292	     1.74907e+03	
      1882.439	     1.82919e+03	
      1888.586	     1.91241e+03	
      1894.733	     1.99878e+03	
      1900.880	     2.08839e+03	
      1906.980	     2.18065e+03	
      1907.027	     2.18138e+03	
      1913.174	     2.27781e+03	
      1919.368	     2.37857e+03	
      1925.561	     2.48217e+03	
      1931.755	     2.58998e+03	
      1937.949	     2.70453e+03	
      1944.143	     2.82009e+03	
      1944.472	     2.82633e+03	
      1950.337	     2.94287e+03	
      1956.531	     3.06657e+03	
      1962.560	     3.19110e+03	
      1968.590	     3.31982e+03	
      1974.620	     3.45267e+03	
      1980.648	     3.58990e+03	
      1992.707	     3.87792e+03	
      2004.766	     4.18476e+03	
      2015.838	     4.48381e+03	
      2016.825	     4.51126e+03	
      2017.811	     4.53888e+03	
      2019.785	     4.59477e+03	
      2023.732	     4.70969e+03	
      2031.627	     4.94512e+03	
      2039.521	     5.18598e+03	
      2047.416	     5.43627e+03	
      2055.310	     5.69634e+03	
      2059.377	     5.83422e+03	
      2063.205	     5.96639e+03	
      2067.032	     6.10100e+03	
      2074.686	     6.37926e+03	
      2082.341	     6.66784e+03	
      2089.995	     6.96698e+03	
      2094.355	     7.14225e+03	
      2097.650	     7.27697e+03	
      2105.304	     7.59794e+03	
      2116.253	     8.07716e+03	
      2127.202	     8.58154e+03	
      2132.725	     8.84801e+03	
      2138.151	     9.11794e+03	
      2140.912	     9.25623e+03	
      2149.099	     9.67256e+03	
      2157.287	     1.01037e+04	
      2165.424	     1.05479e+04	
      2165.474	     1.05506e+04	
      2165.524	     1.05534e+04	
      2165.624	     1.05590e+04	
      2165.824	     1.05700e+04	
      2166.224	     1.05923e+04	
      2167.024	     1.06368e+04	
      2168.623	     1.07264e+04	
      2171.823	     1.09073e+04	
      2178.221	     1.12765e+04	
      2191.019	     1.20450e+04	
      2192.937	     1.21637e+04	
      2203.816	     1.28547e+04	
      2214.695	     1.35770e+04	
      2225.573	     1.43258e+04	
      2230.747	     1.46929e+04	
      2236.452	     1.51061e+04	
      2239.038	     1.52965e+04	
      2247.331	     1.59194e+04	
      2255.623	     1.65607e+04	
      2263.914	     1.72297e+04	
      2272.205	     1.79461e+04	
      2280.497	     1.86726e+04	
      2281.027	     1.87198e+04	
      2297.081	     2.01956e+04	
      2313.134	     2.17675e+04	
      2329.188	     2.33836e+04	
      2345.241	     2.51076e+04	
      2360.235	     2.68097e+04	
      2361.295	     2.69333e+04	
      2362.354	     2.70589e+04	
      2364.474	     2.73106e+04	
      2368.713	     2.78199e+04	
      2377.191	     2.88648e+04	
      2379.021	     2.90946e+04	
      2394.147	     3.10591e+04	
      2409.274	     3.31696e+04	
      2416.837	     3.42811e+04	
      2424.400	     3.54391e+04	
      2431.964	     3.66545e+04	
      2439.527	     3.78898e+04	
      2453.113	     4.02171e+04	
      2454.653	     4.04895e+04	
      2456.194	     4.07640e+04	
      2457.758	     4.10644e+04	
      2459.275	     4.13600e+04	
      2460.793	     4.16585e+04	
      2463.828	     4.22469e+04	
      2469.899	     4.34514e+04	
      2482.040	     4.59800e+04	
      2494.181	     4.87296e+04	
      2502.632	     5.07644e+04	
      2506.323	     5.16808e+04	
      2510.013	     5.26157e+04	
      2517.393	     5.45022e+04	
      2532.154	     5.84776e+04	
      2534.596	     5.91647e+04	
      2546.914	     6.27282e+04	
      2553.073	     6.45795e+04	
      2559.232	     6.64780e+04	
      2565.392	     6.86212e+04	
      2571.550	     7.08473e+04	
      2577.710	     7.31589e+04	
      2590.028	     7.80026e+04	
      2602.346	     8.31784e+04	
      2614.664	     8.86752e+04	
      2626.982	     9.43910e+04	
      2639.300	     1.00477e+05	
      2645.566	     1.03695e+05	
      2651.618	     1.06883e+05	
      2657.670	     1.10165e+05	
      2663.722	     1.13062e+05	
      2669.774	     1.16003e+05	
      2681.878	     1.22017e+05	
      2693.982	     1.28226e+05	
      2706.086	     1.34625e+05	
      2718.190	     1.41209e+05	
      2730.295	     1.47979e+05	
      2742.399	     1.54965e+05	
      2752.897	     1.61197e+05	
      2754.503	     1.62162e+05	
      2756.108	     1.63131e+05	
      2759.320	     1.65163e+05	
      2765.742	     1.69270e+05	
      2778.587	     1.77679e+05	
      2791.432	     1.86359e+05	
      2804.278	     1.95315e+05	
      2805.388	     1.96103e+05	
      2817.123	     2.04572e+05	
      2817.677	     2.04981e+05	
      2829.967	     2.14169e+05	
      2842.256	     2.23625e+05	
      2854.546	     2.33353e+05	
      2866.836	     2.44120e+05	
      2879.125	     2.55303e+05	
      2891.415	     2.66841e+05	
      2903.704	     2.78750e+05	
      2915.994	     2.91033e+05	
      2928.283	     3.03746e+05	
      2940.573	     3.16855e+05	
      2952.741	     3.30229e+05	
      2952.862	     3.30364e+05	
      2952.983	     3.30496e+05	
      2953.225	     3.30756e+05	
      2953.708	     3.31272e+05	
      2954.675	     3.32308e+05	
      2956.608	     3.34385e+05	
      2960.474	     3.38563e+05	
      2968.207	     3.47042e+05	
      2983.674	     3.64494e+05	
      2999.140	     3.82508e+05	
      3014.606	     4.01087e+05	
      3030.072	     4.20235e+05	
      3039.656	     4.32374e+05	
      3045.538	     4.39936e+05	
      3051.421	     4.47580e+05	
      3063.186	     4.64984e+05	
      3074.951	     4.82860e+05	
      3098.481	     5.20141e+05	
      3122.012	     5.59423e+05	
      3141.227	     5.93064e+05	
      3145.542	     6.00801e+05	
      3149.857	     6.08605e+05	
      3158.487	     6.26000e+05	
      3167.117	     6.43719e+05	
      3184.377	     6.80089e+05	
      3189.501	     6.91125e+05	
      3201.637	     7.17757e+05	
      3204.199	     7.23465e+05	
      3218.897	     7.56788e+05	
      3233.596	     7.91232e+05	
      3240.945	     8.08834e+05	
      3248.294	     8.26688e+05	
      3255.643	     8.40451e+05	
      3262.992	     8.54340e+05	
      3270.341	     8.68374e+05	
      3277.691	     8.82555e+05	
      3285.040	     8.96852e+05	
      3299.738	     9.25790e+05	
      3311.540	     9.49355e+05	
      3329.135	     9.85034e+05	
      3346.730	     1.02136e+06	
      3381.920	     1.09775e+06	
      3389.053	     1.11355e+06	
      3417.110	     1.17671e+06	
      3445.167	     1.24140e+06	
      3458.959	     1.27366e+06	
      3501.280	     1.37471e+06	
      3543.602	     1.47868e+06	
      3580.565	     1.57197e+06	
      3585.925	     1.58566e+06	
      3591.283	     1.59938e+06	
      3602.001	     1.62700e+06	
      3607.912	     1.64230e+06	
      3623.437	     1.68269e+06	
      3635.884	     1.71528e+06	
      3638.963	     1.72337e+06	
      3642.042	     1.73163e+06	
      3643.122	     1.73452e+06	
      3645.121	     1.73988e+06	
      3645.281	     1.74031e+06	
      3647.121	     1.74525e+06	
      3648.960	     1.75019e+06	
      3651.320	     1.75653e+06	
      3652.639	     1.76007e+06	
      3653.959	     1.76362e+06	
      3654.239	     1.76437e+06	
      3656.598	     1.77071e+06	
      3658.958	     1.77705e+06	
      3663.397	     1.78899e+06	
      3663.676	     1.78974e+06	
      3663.956	     1.79049e+06	
      3664.516	     1.79200e+06	
      3665.636	     1.79501e+06	
      3666.796	     1.79813e+06	
      3667.875	     1.80103e+06	
      3668.275	     1.80211e+06	
      3668.955	     1.80394e+06	
      3671.115	     1.80975e+06	
      3673.954	     1.81740e+06	
      3675.202	     1.82076e+06	
      3678.952	     1.83086e+06	
      3682.583	     1.84063e+06	
      3682.703	     1.84095e+06	
      3682.822	     1.84128e+06	
      3683.062	     1.84192e+06	
      3683.178	     1.84224e+06	
      3683.542	     1.84322e+06	
      3684.502	     1.84580e+06	
      3684.819	     1.84665e+06	
      3685.826	     1.84936e+06	
      3686.832	     1.85208e+06	
      3688.742	     1.85722e+06	
      3688.846	     1.85750e+06	
      3688.939	     1.85775e+06	
      3688.950	     1.85778e+06	
      3689.158	     1.85834e+06	
      3689.377	     1.85893e+06	
      3689.730	     1.85988e+06	
      3689.815	     1.86011e+06	
      3689.900	     1.86033e+06	
      3690.070	     1.86079e+06	
      3690.410	     1.86171e+06	
      3690.624	     1.86229e+06	
      3691.089	     1.86354e+06	
      3691.469	     1.86456e+06	
      3691.554	     1.86479e+06	
      3691.700	     1.86519e+06	
      3692.484	     1.86730e+06	
      3693.499	     1.87003e+06	
      3694.397	     1.87245e+06	
      3695.297	     1.87487e+06	
      3695.808	     1.87625e+06	
      3696.197	     1.87730e+06	
      3696.525	     1.87818e+06	
      3696.586	     1.87835e+06	
      3696.647	     1.87851e+06	
      3696.666	     1.87856e+06	
      3696.759	     1.87881e+06	
      3696.769	     1.87884e+06	
      3696.872	     1.87912e+06	
      3696.929	     1.87927e+06	
      3696.985	     1.87942e+06	
      3697.041	     1.87957e+06	
      3697.097	     1.87972e+06	
      3697.153	     1.87987e+06	
      3697.209	     1.88002e+06	
      3697.265	     1.88017e+06	
      3697.322	     1.88033e+06	
      3697.347	     1.88039e+06	
      3697.405	     1.88055e+06	
      3697.434	     1.88063e+06	
      3697.463	     1.88071e+06	
      3697.499	     1.88081e+06	
      3697.529	     1.88088e+06	
      3697.579	     1.88102e+06	
      3697.659	     1.88124e+06	
      3697.819	     1.88167e+06	
      3698.109	     1.88245e+06	
      3698.429	     1.88331e+06	
      3698.688	     1.88401e+06	
      3698.886	     1.88454e+06	
      3698.947	     1.88471e+06	
      3699.008	     1.88487e+06	
      3699.130	     1.88520e+06	
      3699.374	     1.88586e+06	
      3699.533	     1.88628e+06	
      3699.862	     1.88717e+06	
      3699.879	     1.88722e+06	
      3700.191	     1.88806e+06	
      3700.198	     1.88808e+06	
      3700.503	     1.88890e+06	
      3700.808	     1.88972e+06	
      3700.842	     1.88981e+06	
      3701.092	     1.89048e+06	
      3701.418	     1.89136e+06	
      3701.994	     1.89291e+06	
      3702.444	     1.89413e+06	
      3702.895	     1.89534e+06	
      3703.121	     1.89595e+06	
      3703.346	     1.89656e+06	
      3703.458	     1.89686e+06	
      3703.571	     1.89716e+06	
      3703.628	     1.89731e+06	
      3703.684	     1.89747e+06	
      3703.740	     1.89762e+06	
      3703.797	     1.89777e+06	
      3703.853	     1.89792e+06	
      3703.909	     1.89807e+06	
      3703.966	     1.89823e+06	
      3704.022	     1.89838e+06	
      3704.085	     1.89855e+06	
      3704.134	     1.89868e+06	
      3704.185	     1.89882e+06	
      3704.210	     1.89888e+06	
      3704.222	     1.89891e+06	
      3704.285	     1.89908e+06	
      3704.314	     1.89916e+06	
      3704.360	     1.89929e+06	
      3704.406	     1.89941e+06	
      3704.491	     1.89964e+06	
      3704.567	     1.89984e+06	
      3704.590	     1.89991e+06	
      3704.689	     1.90017e+06	
      3704.811	     1.90050e+06	
      3705.055	     1.90116e+06	
      3705.373	     1.90201e+06	
      3705.543	     1.90247e+06	
      3705.713	     1.90293e+06	
      3706.052	     1.90385e+06	
      3706.073	     1.90390e+06	
      3706.732	     1.90567e+06	
      3707.267	     1.90712e+06	
      3707.391	     1.90745e+06	
      3707.515	     1.90779e+06	
      3707.614	     1.90805e+06	
      3707.763	     1.90845e+06	
      3707.912	     1.90885e+06	
      3708.118	     1.90941e+06	
      3708.210	     1.90965e+06	
      3708.302	     1.90990e+06	
      3708.486	     1.91040e+06	
      3708.763	     1.91114e+06	
      3708.854	     1.91139e+06	
      3708.873	     1.91144e+06	
      3708.945	     1.91163e+06	
      3709.127	     1.91212e+06	
      3709.206	     1.91233e+06	
      3709.491	     1.91310e+06	
      3710.108	     1.91476e+06	
      3710.902	     1.91690e+06	
      3711.011	     1.91719e+06	
      3711.120	     1.91748e+06	
      3711.213	     1.91773e+06	
      3711.323	     1.91803e+06	
      3711.338	     1.91807e+06	
      3711.463	     1.91840e+06	
      3711.517	     1.91855e+06	
      3711.576	     1.91871e+06	
      3711.603	     1.91878e+06	
      3711.689	     1.91901e+06	
      3711.746	     1.91916e+06	
      3711.802	     1.91932e+06	
      3711.858	     1.91947e+06	
      3711.915	     1.91962e+06	
      3711.971	     1.91977e+06	
      3712.027	     1.91992e+06	
      3712.084	     1.92007e+06	
      3712.140	     1.92022e+06	
      3712.203	     1.92039e+06	
      3712.252	     1.92052e+06	
      3712.303	     1.92066e+06	
      3712.327	     1.92073e+06	
      3712.331	     1.92074e+06	
      3712.403	     1.92093e+06	
      3712.479	     1.92114e+06	
      3712.631	     1.92155e+06	
      3712.931	     1.92235e+06	
      3713.228	     1.92315e+06	
      3713.531	     1.92396e+06	
      3713.833	     1.92478e+06	
      3714.242	     1.92588e+06	
      3714.420	     1.92636e+06	
      3714.439	     1.92641e+06	
      3714.636	     1.92694e+06	
      3715.030	     1.92800e+06	
      3715.640	     1.92964e+06	
      3716.765	     1.93266e+06	
      3716.790	     1.93273e+06	
      3716.860	     1.93292e+06	
      3716.955	     1.93317e+06	
      3717.145	     1.93368e+06	
      3717.524	     1.93471e+06	
      3718.189	     1.93649e+06	
      3718.259	     1.93668e+06	
      3718.329	     1.93687e+06	
      3718.469	     1.93724e+06	
      3718.556	     1.93748e+06	
      3718.631	     1.93768e+06	
      3718.734	     1.93796e+06	
      3718.749	     1.93800e+06	
      3718.942	     1.93852e+06	
      3719.253	     1.93935e+06	
      3719.474	     1.93995e+06	
      3719.772	     1.94075e+06	
      3720.070	     1.94155e+06	
      3720.356	     1.94224e+06	
      3720.523	     1.94264e+06	
      3720.666	     1.94299e+06	
      3720.976	     1.94374e+06	
      3721.202	     1.94426e+06	
      3721.428	     1.94478e+06	
      3721.542	     1.94504e+06	
      3721.655	     1.94530e+06	
      3721.711	     1.94542e+06	
      3721.768	     1.94555e+06	
      3721.825	     1.94568e+06	
      3721.881	     1.94581e+06	
      3721.938	     1.94594e+06	
      3721.995	     1.94607e+06	
      3722.051	     1.94620e+06	
      3722.108	     1.94633e+06	
      3722.221	     1.94659e+06	
      3722.398	     1.94700e+06	
      3722.447	     1.94711e+06	
      3722.498	     1.94723e+06	
      3722.598	     1.94745e+06	
      3722.695	     1.94768e+06	
      3722.798	     1.94791e+06	
      3722.901	     1.94815e+06	
      3723.107	     1.94862e+06	
      3723.231	     1.94890e+06	
      3723.519	     1.94956e+06	
      3723.807	     1.95022e+06	
      3724.383	     1.95154e+06	
      3725.451	     1.95399e+06	
      3725.534	     1.95417e+06	
      3725.617	     1.95437e+06	
      3725.751	     1.95467e+06	
      3725.783	     1.95475e+06	
      3725.916	     1.95505e+06	
      3725.931	     1.95508e+06	
      3726.115	     1.95550e+06	
      3726.479	     1.95634e+06	
      3727.042	     1.95763e+06	
      3727.366	     1.95837e+06	
      3728.153	     1.96017e+06	
      3728.639	     1.96128e+06	
      3728.940	     1.96197e+06	
      3729.009	     1.96213e+06	
      3729.240	     1.96266e+06	
      3729.842	     1.96403e+06	
      3730.676	     1.96594e+06	
      3732.194	     1.96941e+06	
      3732.344	     1.96976e+06	
      3732.494	     1.97010e+06	
      3732.794	     1.97079e+06	
      3733.352	     1.97207e+06	
      3733.384	     1.97214e+06	
      3733.393	     1.97216e+06	
      3733.402	     1.97218e+06	
      3733.452	     1.97230e+06	
      3733.552	     1.97252e+06	
      3733.648	     1.97274e+06	
      3733.752	     1.97298e+06	
      3733.856	     1.97322e+06	
      3734.004	     1.97355e+06	
      3734.044	     1.97365e+06	
      3734.064	     1.97369e+06	
      3734.084	     1.97374e+06	
      3734.131	     1.97384e+06	
      3734.140	     1.97387e+06	
      3734.164	     1.97392e+06	
      3734.197	     1.97399e+06	
      3734.254	     1.97412e+06	
      3734.311	     1.97425e+06	
      3734.368	     1.97437e+06	
      3734.425	     1.97451e+06	
      3734.482	     1.97464e+06	
      3734.539	     1.97477e+06	
      3734.652	     1.97504e+06	
      3734.829	     1.97544e+06	
      3734.878	     1.97556e+06	
      3734.929	     1.97567e+06	
      3735.029	     1.97590e+06	
      3735.124	     1.97612e+06	
      3735.173	     1.97623e+06	
      3735.229	     1.97636e+06	
      3735.334	     1.97660e+06	
      3735.391	     1.97673e+06	
      3735.495	     1.97697e+06	
      3735.817	     1.97770e+06	
      3736.000	     1.97812e+06	
      3736.243	     1.97868e+06	
      3736.486	     1.97923e+06	
      3736.971	     1.98034e+06	
      3737.826	     1.98230e+06	
      3737.943	     1.98257e+06	
      3738.060	     1.98284e+06	
      3738.294	     1.98337e+06	
      3738.587	     1.98404e+06	
      3738.762	     1.98444e+06	
      3738.937	     1.98484e+06	
      3739.287	     1.98564e+06	
      3739.498	     1.98612e+06	
      3739.987	     1.98724e+06	
      3740.476	     1.98836e+06	
      3741.212	     1.99005e+06	
      3741.453	     1.99059e+06	
      3741.694	     1.99115e+06	
      3742.092	     1.99206e+06	
      3742.176	     1.99225e+06	
      3742.260	     1.99244e+06	
      3742.428	     1.99283e+06	
      3742.671	     1.99338e+06	
      3742.733	     1.99352e+06	
      3742.764	     1.99359e+06	
      3742.795	     1.99366e+06	
      3742.864	     1.99382e+06	
      3742.919	     1.99395e+06	
      3743.167	     1.99452e+06	
      3743.663	     1.99565e+06	
      3744.620	     1.99784e+06	
      3744.654	     1.99791e+06	
      3746.445	     2.00201e+06	
      3747.605	     2.00466e+06	
      3748.269	     2.00618e+06	
      3748.844	     2.00749e+06	
      3748.904	     2.00763e+06	
      3748.934	     2.00770e+06	
      3748.964	     2.00777e+06	
      3748.986	     2.00782e+06	
      3749.084	     2.00804e+06	
      3749.118	     2.00812e+06	
      3749.182	     2.00826e+06	
      3749.378	     2.00871e+06	
      3749.409	     2.00878e+06	
      3749.638	     2.00930e+06	
      3749.753	     2.00956e+06	
      3749.867	     2.00982e+06	
      3749.924	     2.00995e+06	
      3749.981	     2.01008e+06	
      3750.038	     2.01020e+06	
      3750.095	     2.01033e+06	
      3750.152	     2.01046e+06	
      3750.209	     2.01059e+06	
      3750.266	     2.01073e+06	
      3750.323	     2.01086e+06	
      3750.437	     2.01113e+06	
      3750.616	     2.01154e+06	
      3750.665	     2.01165e+06	
      3750.716	     2.01177e+06	
      3750.816	     2.01200e+06	
      3750.910	     2.01221e+06	
      3751.016	     2.01245e+06	
      3751.122	     2.01270e+06	
      3751.334	     2.01318e+06	
      3751.481	     2.01352e+06	
      3751.758	     2.01415e+06	
      3752.035	     2.01478e+06	
      3752.588	     2.01605e+06	
      3753.533	     2.01821e+06	
      3753.696	     2.01858e+06	
      3753.782	     2.01877e+06	
      3753.859	     2.01895e+06	
      3754.185	     2.01970e+06	
      3754.274	     2.01990e+06	
      3754.837	     2.02118e+06	
      3755.892	     2.02359e+06	
      3756.086	     2.02404e+06	
      3757.473	     2.02721e+06	
      3757.509	     2.02729e+06	
      3757.548	     2.02738e+06	
      3758.932	     2.03054e+06	
      3760.390	     2.03387e+06	
      3761.656	     2.03676e+06	
      3762.717	     2.03918e+06	
      3763.233	     2.04035e+06	
      3764.809	     2.04395e+06	
      3765.066	     2.04454e+06	
      3766.902	     2.04873e+06	
      3768.545	     2.05247e+06	
      3768.737	     2.05291e+06	
      3768.929	     2.05335e+06	
      3768.971	     2.05345e+06	
      3769.196	     2.05396e+06	
      3769.313	     2.05422e+06	
      3769.655	     2.05500e+06	
      3769.885	     2.05553e+06	
      3770.114	     2.05604e+06	
      3770.228	     2.05630e+06	
      3770.343	     2.05656e+06	
      3770.401	     2.05669e+06	
      3770.458	     2.05681e+06	
      3770.515	     2.05693e+06	
      3770.573	     2.05706e+06	
      3770.630	     2.05718e+06	
      3770.687	     2.05732e+06	
      3770.745	     2.05746e+06	
      3770.802	     2.05760e+06	
      3770.867	     2.05775e+06	
      3770.916	     2.05787e+06	
      3770.967	     2.05799e+06	
      3770.988	     2.05803e+06	
      3771.003	     2.05807e+06	
      3771.067	     2.05821e+06	
      3771.146	     2.05840e+06	
      3771.304	     2.05876e+06	
      3771.604	     2.05945e+06	
      3771.890	     2.06010e+06	
      3771.951	     2.06024e+06	
      3772.206	     2.06082e+06	
      3772.522	     2.06154e+06	
      3773.154	     2.06299e+06	
      3774.357	     2.06573e+06	
      3775.497	     2.06833e+06	
      3776.762	     2.07121e+06	
      3777.127	     2.07204e+06	
      3778.027	     2.07409e+06	
      3778.399	     2.07494e+06	
      3778.927	     2.07614e+06	
      3780.726	     2.08024e+06	
      3781.844	     2.08278e+06	
      3783.053	     2.08554e+06	
      3783.159	     2.08578e+06	
      3784.263	     2.08830e+06	
      3785.367	     2.09081e+06	
      3786.225	     2.09276e+06	
      3787.401	     2.09544e+06	
      3787.574	     2.09583e+06	
      3788.924	     2.09890e+06	
      3790.447	     2.10237e+06	
      3792.841	     2.10781e+06	
      3793.492	     2.10929e+06	
      3794.143	     2.11077e+06	
      3794.897	     2.11248e+06	
      3795.066	     2.11287e+06	
      3795.444	     2.11372e+06	
      3795.991	     2.11496e+06	
      3796.454	     2.11601e+06	
      3796.916	     2.11706e+06	
      3797.147	     2.11758e+06	
      3797.378	     2.11810e+06	
      3797.494	     2.11836e+06	
      3797.609	     2.11861e+06	
      3797.666	     2.11873e+06	
      3797.724	     2.11885e+06	
      3797.782	     2.11897e+06	
      3797.840	     2.11909e+06	
      3797.898	     2.11921e+06	
      3797.956	     2.11935e+06	
      3798.014	     2.11950e+06	
      3798.072	     2.11965e+06	
      3798.187	     2.11992e+06	
      3798.367	     2.12035e+06	
      3798.416	     2.12046e+06	
      3798.467	     2.12058e+06	
      3798.567	     2.12081e+06	
      3798.655	     2.12101e+06	
      3798.753	     2.12123e+06	
      3798.767	     2.12127e+06	
      3798.837	     2.12143e+06	
      3798.879	     2.12152e+06	
      3798.921	     2.12162e+06	
      3799.046	     2.12190e+06	
      3799.089	     2.12200e+06	
      3799.425	     2.12277e+06	
      3799.471	     2.12287e+06	
      3799.804	     2.12363e+06	
      3800.562	     2.12535e+06	
      3801.653	     2.12783e+06	
      3802.319	     2.12935e+06	
      3803.834	     2.13279e+06	
      3805.349	     2.13623e+06	
      3807.837	     2.14187e+06	
      3808.378	     2.14310e+06	
      3808.919	     2.14433e+06	
      3810.000	     2.14678e+06	
      3811.586	     2.15038e+06	
      3812.164	     2.15169e+06	
      3812.742	     2.15300e+06	
      3813.897	     2.15561e+06	
      3815.777	     2.15987e+06	
      3816.093	     2.16059e+06	
      3816.209	     2.16085e+06	
      3816.641	     2.16183e+06	
      3817.439	     2.16369e+06	
      3817.504	     2.16384e+06	
      3818.916	     2.16713e+06	
      3820.393	     2.17063e+06	
      3822.566	     2.17578e+06	
      3823.346	     2.17762e+06	
      3823.512	     2.17801e+06	
      3824.126	     2.17947e+06	
      3825.685	     2.18316e+06	
      3826.804	     2.18580e+06	
      3827.859	     2.18830e+06	
      3828.914	     2.19079e+06	
      3830.454	     2.19442e+06	
      3831.023	     2.19576e+06	
      3831.592	     2.19710e+06	
      3832.001	     2.19807e+06	
      3832.525	     2.19930e+06	
      3832.730	     2.19978e+06	
      3833.458	     2.20150e+06	
      3833.925	     2.20259e+06	
      3834.392	     2.20368e+06	
      3834.626	     2.20422e+06	
      3834.859	     2.20475e+06	
      3834.975	     2.20501e+06	
      3835.092	     2.20527e+06	
      3835.151	     2.20540e+06	
      3835.209	     2.20551e+06	
      3835.267	     2.20562e+06	
      3835.326	     2.20572e+06	
      3835.384	     2.20584e+06	
      3835.442	     2.20599e+06	
      3835.501	     2.20617e+06	
      3835.559	     2.20634e+06	
      3835.626	     2.20652e+06	
      3835.675	     2.20665e+06	
      3835.726	     2.20677e+06	
      3835.743	     2.20682e+06	
      3835.774	     2.20690e+06	
      3835.826	     2.20703e+06	
      3835.909	     2.20723e+06	
      3836.075	     2.20763e+06	
      3836.376	     2.20836e+06	
      3836.646	     2.20900e+06	
      3836.977	     2.20979e+06	
      3837.029	     2.20992e+06	
      3837.308	     2.21058e+06	
      3837.970	     2.21215e+06	
      3838.647	     2.21375e+06	
      3838.911	     2.21438e+06	
      3839.175	     2.21500e+06	
      3839.703	     2.21625e+06	
      3840.758	     2.21873e+06	
      3842.753	     2.22344e+06	
      3842.831	     2.22362e+06	
      3842.870	     2.22372e+06	
      3842.909	     2.22381e+06	
      3843.065	     2.22418e+06	
      3843.377	     2.22491e+06	
      3844.001	     2.22638e+06	
      3844.588	     2.22777e+06	
      3845.248	     2.22932e+06	
      3845.547	     2.23002e+06	
      3845.908	     2.23087e+06	
      3847.228	     2.23398e+06	
      3847.442	     2.23448e+06	
      3848.908	     2.23794e+06	
      3850.375	     2.24138e+06	
      3851.976	     2.24515e+06	
      3853.308	     2.24827e+06	
      3854.640	     2.25140e+06	
      3855.701	     2.25389e+06	
      3857.303	     2.25766e+06	
      3858.906	     2.26142e+06	
      3862.006	     2.26868e+06	
      3862.111	     2.26893e+06	
      3862.216	     2.26918e+06	
      3862.426	     2.26967e+06	
      3862.846	     2.27065e+06	
      3863.685	     2.27262e+06	
      3865.170	     2.27609e+06	
      3865.365	     2.27655e+06	
      3865.560	     2.27700e+06	
      3865.950	     2.27792e+06	
      3866.730	     2.27974e+06	
      3867.675	     2.28195e+06	
      3868.289	     2.28338e+06	
      3868.903	     2.28482e+06	
      3870.131	     2.28769e+06	
      3871.324	     2.29047e+06	
      3872.586	     2.29342e+06	
      3873.848	     2.29636e+06	
      3876.324	     2.30213e+06	
      3876.368	     2.30223e+06	
      3876.371	     2.30224e+06	
      3876.374	     2.30225e+06	
      3876.424	     2.30236e+06	
      3876.524	     2.30260e+06	
      3876.724	     2.30306e+06	
      3876.947	     2.30358e+06	
      3877.124	     2.30399e+06	
      3877.924	     2.30585e+06	
      3878.900	     2.30812e+06	
      3880.290	     2.31134e+06	
      3880.854	     2.31265e+06	
      3881.418	     2.31396e+06	
      3882.546	     2.31656e+06	
      3884.398	     2.32084e+06	
      3884.801	     2.32176e+06	
      3884.923	     2.32205e+06	
      3885.204	     2.32269e+06	
      3886.010	     2.32454e+06	
      3886.151	     2.32486e+06	
      3887.096	     2.32702e+06	
      3887.568	     2.32809e+06	
      3888.042	     2.32915e+06	
      3888.280	     2.32967e+06	
      3888.516	     2.33019e+06	
      3888.633	     2.33043e+06	
      3888.752	     2.33067e+06	
      3888.844	     2.33083e+06	
      3888.866	     2.33087e+06	
      3888.871	     2.33087e+06	
      3888.898	     2.33091e+06	
      3888.930	     2.33095e+06	
      3888.989	     2.33101e+06	
      3889.048	     2.33112e+06	
      3889.107	     2.33129e+06	
      3889.166	     2.33149e+06	
      3889.225	     2.33170e+06	
      3889.294	     2.33190e+06	
      3889.343	     2.33204e+06	
      3889.394	     2.33218e+06	
      3889.408	     2.33221e+06	
      3889.450	     2.33232e+06	
      3889.494	     2.33244e+06	
      3889.580	     2.33266e+06	
      3889.752	     2.33308e+06	
      3890.054	     2.33382e+06	
      3890.315	     2.33445e+06	
      3890.474	     2.33483e+06	
      3890.657	     2.33527e+06	
      3890.999	     2.33609e+06	
      3891.683	     2.33771e+06	
      3892.892	     2.34056e+06	
      3893.942	     2.34302e+06	
      3894.458	     2.34423e+06	
      3895.309	     2.34623e+06	
      3896.219	     2.34835e+06	
      3896.677	     2.34942e+06	
      3898.895	     2.35459e+06	
      3899.603	     2.35624e+06	
      3901.572	     2.36081e+06	
      3903.894	     2.36619e+06	
      3904.248	     2.36701e+06	
      3908.893	     2.37776e+06	
      3913.891	     2.38929e+06	
      3918.890	     2.40165e+06	
      3923.889	     2.41415e+06	
      3928.216	     2.42493e+06	
      3928.353	     2.42527e+06	
      3928.887	     2.42660e+06	
      3929.559	     2.42827e+06	
      3930.903	     2.43161e+06	
      3933.453	     2.43795e+06	
      3935.810	     2.44378e+06	
      3937.347	     2.44759e+06	
      3938.885	     2.45139e+06	
      3940.036	     2.45423e+06	
      3941.960	     2.45897e+06	
      3943.883	     2.46371e+06	
      3946.579	     2.47033e+06	
      3947.730	     2.47315e+06	
      3948.882	     2.47597e+06	
      3950.653	     2.48030e+06	
      3951.015	     2.48118e+06	
      3951.186	     2.48160e+06	
      3951.718	     2.48289e+06	
      3952.784	     2.48549e+06	
      3954.554	     2.48978e+06	
      3957.306	     2.49643e+06	
      3958.093	     2.49832e+06	
      3958.624	     2.49960e+06	
      3958.880	     2.50021e+06	
      3960.453	     2.50396e+06	
      3962.283	     2.50829e+06	
      3965.737	     2.51631e+06	
      3965.942	     2.51678e+06	
      3966.147	     2.51725e+06	
      3966.557	     2.51818e+06	
      3966.675	     2.51845e+06	
      3967.279	     2.51981e+06	
      3967.376	     2.52003e+06	
      3968.078	     2.52161e+06	
      3968.709	     2.52300e+06	
      3968.877	     2.52336e+06	
      3969.045	     2.52372e+06	
      3969.234	     2.52412e+06	
      3969.287	     2.52424e+06	
      3969.381	     2.52443e+06	
      3969.528	     2.52472e+06	
      3969.648	     2.52494e+06	
      3969.769	     2.52514e+06	
      3969.830	     2.52522e+06	
      3969.890	     2.52528e+06	
      3969.950	     2.52528e+06	
      3970.011	     2.52527e+06	
      3970.071	     2.52533e+06	
      3970.131	     2.52556e+06	
      3970.192	     2.52586e+06	
      3970.252	     2.52615e+06	
      3970.323	     2.52643e+06	
      3970.372	     2.52660e+06	
      3970.423	     2.52677e+06	
      3970.432	     2.52680e+06	
      3970.495	     2.52700e+06	
      3970.523	     2.52708e+06	
      3970.613	     2.52735e+06	
      3970.795	     2.52787e+06	
      3971.096	     2.52870e+06	
      3971.333	     2.52934e+06	
      3971.591	     2.53003e+06	
      3971.698	     2.53031e+06	
      3972.063	     2.53128e+06	
      3972.793	     2.53319e+06	
      3973.995	     2.53630e+06	
      3974.936	     2.53871e+06	
      3976.398	     2.54243e+06	
      3976.845	     2.54356e+06	
      3977.860	     2.54611e+06	
      3978.874	     2.54865e+06	
      3979.577	     2.55040e+06	
      3980.904	     2.55368e+06	
      3982.230	     2.55695e+06	
      3984.180	     2.56173e+06	
      3984.884	     2.56345e+06	
      3985.119	     2.56402e+06	
      3985.588	     2.56516e+06	
      3986.995	     2.56859e+06	
      3988.872	     2.57314e+06	
      3991.379	     2.57919e+06	
      3992.625	     2.58219e+06	
      3993.854	     2.58515e+06	
      3993.870	     2.58519e+06	
      3996.362	     2.59117e+06	
      3998.869	     2.59718e+06	
      4003.868	     2.60910e+06	
      4008.866	     2.62097e+06	
      4013.865	     2.63297e+06	
      4018.864	     2.64515e+06	
      4023.863	     2.65728e+06	
      4025.341	     2.66086e+06	
      4028.861	     2.66936e+06	
      4032.381	     2.67783e+06	
      4032.946	     2.67919e+06	
      4033.860	     2.68138e+06	
      4035.902	     2.68628e+06	
      4038.859	     2.69335e+06	
      4043.857	     2.70527e+06	
      4048.856	     2.71713e+06	
      4053.855	     2.72892e+06	
      4058.853	     2.74065e+06	
      4063.852	     2.75230e+06	
      4068.851	     2.76388e+06	
      4073.849	     2.77535e+06	
      4075.421	     2.77892e+06	
      4078.848	     2.78667e+06	
      4082.275	     2.79432e+06	
      4082.559	     2.79495e+06	
      4084.004	     2.79812e+06	
      4085.702	     2.80182e+06	
      4088.845	     2.80850e+06	
      4089.695	     2.81025e+06	
      4093.687	     2.81814e+06	
      4096.515	     2.82319e+06	
      4097.679	     2.82511e+06	
      4098.010	     2.82564e+06	
      4098.678	     2.82669e+06	
      4098.843	     2.82695e+06	
      4099.676	     2.82822e+06	
      4100.174	     2.82897e+06	
      4100.673	     2.82969e+06	
      4100.922	     2.83002e+06	
      4101.172	     2.83031e+06	
      4101.297	     2.83042e+06	
      4101.422	     2.83048e+06	
      4101.485	     2.83047e+06	
      4101.547	     2.83039e+06	
      4101.609	     2.83021e+06	
      4101.672	     2.82999e+06	
      4101.734	     2.82994e+06	
      4101.797	     2.83028e+06	
      4101.859	     2.83077e+06	
      4101.922	     2.83124e+06	
      4102.047	     2.83189e+06	
      4102.296	     2.83284e+06	
      4102.745	     2.83430e+06	
      4102.794	     2.83445e+06	
      4102.845	     2.83461e+06	
      4102.945	     2.83492e+06	
      4103.145	     2.83553e+06	
      4103.296	     2.83598e+06	
      4103.545	     2.83673e+06	
      4103.794	     2.83748e+06	
      4104.291	     2.83896e+06	
      4104.785	     2.84042e+06	
      4105.287	     2.84189e+06	
      4105.789	     2.84335e+06	
      4106.793	     2.84622e+06	
      4108.680	     2.85144e+06	
      4108.760	     2.85166e+06	
      4108.800	     2.85177e+06	
      4108.840	     2.85188e+06	
      4108.859	     2.85193e+06	
      4109.000	     2.85233e+06	
      4109.320	     2.85323e+06	
      4109.781	     2.85451e+06	
      4110.703	     2.85704e+06	
      4111.319	     2.85870e+06	
      4112.546	     2.86198e+06	
      4113.774	     2.86519e+06	
      4114.693	     2.86755e+06	
      4116.229	     2.87146e+06	
      4116.694	     2.87263e+06	
      4117.766	     2.87531e+06	
      4118.126	     2.87621e+06	
      4118.838	     2.87797e+06	
      4120.981	     2.88322e+06	
      4123.836	     2.89013e+06	
      4126.144	     2.89565e+06	
      4128.835	     2.90205e+06	
      4129.605	     2.90387e+06	
      4131.526	     2.90839e+06	
      4133.834	     2.91380e+06	
      4134.219	     2.91469e+06	
      4138.832	     2.92542e+06	
      4143.831	     2.93694e+06	
      4148.830	     2.94837e+06	
      4153.828	     2.95972e+06	
      4158.827	     2.97099e+06	
      4163.826	     2.98218e+06	
      4168.824	     2.99330e+06	
      4173.823	     3.00434e+06	
      4178.822	     3.01530e+06	
      4183.820	     3.02620e+06	
      4188.819	     3.03702e+06	
      4193.818	     3.04777e+06	
      4198.817	     3.05844e+06	
      4203.815	     3.06904e+06	
      4208.814	     3.07971e+06	
      4213.813	     3.09040e+06	
      4216.525	     3.09616e+06	
      4217.242	     3.09768e+06	
      4218.811	     3.10101e+06	
      4221.098	     3.10584e+06	
      4223.810	     3.11154e+06	
      4224.954	     3.11395e+06	
      4228.809	     3.12201e+06	
      4233.807	     3.13239e+06	
      4238.806	     3.14269e+06	
      4243.805	     3.15290e+06	
      4248.803	     3.16305e+06	
      4253.802	     3.17313e+06	
      4258.801	     3.18309e+06	
      4263.799	     3.19299e+06	
      4268.798	     3.20282e+06	
      4273.797	     3.21256e+06	
      4278.795	     3.22217e+06	
      4283.794	     3.23172e+06	
      4288.793	     3.24115e+06	
      4293.791	     3.25048e+06	
      4298.790	     3.25965e+06	
      4303.789	     3.26861e+06	
      4308.788	     3.27709e+06	
      4313.786	     3.28526e+06	
      4314.073	     3.28570e+06	
      4318.785	     3.29289e+06	
      4320.854	     3.29581e+06	
      4323.497	     3.29927e+06	
      4326.139	     3.30222e+06	
      4326.475	     3.30254e+06	
      4328.782	     3.30448e+06	
      4330.233	     3.30533e+06	
      4331.090	     3.30568e+06	
      4331.149	     3.30568e+06	
      4331.946	     3.30584e+06	
      4333.660	     3.30571e+06	
      4334.060	     3.30558e+06	
      4336.171	     3.30420e+06	
      4337.786	     3.30254e+06	
      4338.220	     3.30203e+06	
      4338.283	     3.30197e+06	
      4338.780	     3.30144e+06	
      4338.812	     3.30137e+06	
      4339.339	     3.30081e+06	
      4339.602	     3.30049e+06	
      4339.867	     3.30009e+06	
      4340.001	     3.29980e+06	
      4340.132	     3.29939e+06	
      4340.197	     3.29908e+06	
      4340.263	     3.29858e+06	
      4340.329	     3.29779e+06	
      4340.395	     3.29698e+06	
      4340.461	     3.29657e+06	
      4340.527	     3.29720e+06	
      4340.593	     3.29826e+06	
      4340.659	     3.29924e+06	
      4340.791	     3.30049e+06	
      4341.005	     3.30181e+06	
      4341.055	     3.30207e+06	
      4341.105	     3.30235e+06	
      4341.205	     3.30282e+06	
      4341.227	     3.30294e+06	
      4341.238	     3.30298e+06	
      4341.405	     3.30376e+06	
      4341.583	     3.30458e+06	
      4341.939	     3.30618e+06	
      4342.640	     3.30929e+06	
      4343.330	     3.31240e+06	
      4343.570	     3.31347e+06	
      4344.041	     3.31557e+06	
      4344.752	     3.31868e+06	
      4346.174	     3.32456e+06	
      4348.578	     3.33336e+06	
      4348.777	     3.33402e+06	
      4348.976	     3.33467e+06	
      4349.374	     3.33596e+06	
      4350.170	     3.33844e+06	
      4350.322	     3.33892e+06	
      4351.761	     3.34306e+06	
      4353.201	     3.34693e+06	
      4354.734	     3.35073e+06	
      4356.077	     3.35387e+06	
      4356.080	     3.35390e+06	
      4357.426	     3.35692e+06	
      4358.774	     3.35981e+06	
      4359.170	     3.36062e+06	
      4361.472	     3.36527e+06	
      4363.773	     3.36974e+06	
      4367.980	     3.37753e+06	
      4368.376	     3.37825e+06	
      4368.524	     3.37853e+06	
      4368.772	     3.37897e+06	
      4369.563	     3.38039e+06	
      4371.147	     3.38318e+06	
      4373.770	     3.38774e+06	
      4378.769	     3.39625e+06	
      4383.768	     3.40454e+06	
      4388.766	     3.41271e+06	
      4393.765	     3.42075e+06	
      4398.764	     3.42867e+06	
      4403.762	     3.43546e+06	
      4408.761	     3.44171e+06	
      4413.760	     3.44796e+06	
      4418.758	     3.45412e+06	
      4423.757	     3.46028e+06	
      4428.756	     3.46637e+06	
      4433.754	     3.47240e+06	
      4438.753	     3.47843e+06	
      4443.752	     3.48440e+06	
      4448.751	     3.49037e+06	
      4453.749	     3.49628e+06	
      4458.748	     3.50215e+06	
      4463.747	     3.50797e+06	
      4468.745	     3.51378e+06	
      4473.744	     3.51953e+06	
      4478.743	     3.52528e+06	
      4483.741	     3.53096e+06	
      4488.740	     3.53662e+06	
      4493.739	     3.54227e+06	
      4498.737	     3.54859e+06	
      4503.736	     3.55647e+06	
      4508.735	     3.56426e+06	
      4513.733	     3.57193e+06	
      4514.118	     3.57252e+06	
      4518.732	     3.57953e+06	
      4523.346	     3.58647e+06	
      4527.190	     3.59219e+06	
      4527.960	     3.59332e+06	
      4528.729	     3.59448e+06	
      4530.269	     3.59675e+06	
      4532.968	     3.60070e+06	
      4533.288	     3.60118e+06	
      4533.348	     3.60127e+06	
      4533.728	     3.60180e+06	
      4534.488	     3.60290e+06	
      4536.007	     3.60513e+06	
      4538.727	     3.60906e+06	
      4543.725	     3.61622e+06	
      4548.724	     3.62332e+06	
      4553.723	     3.63033e+06	
      4558.721	     3.63724e+06	
      4563.720	     3.64409e+06	
      4568.719	     3.65084e+06	
      4573.717	     3.65754e+06	
      4578.716	     3.66413e+06	
      4583.715	     3.67064e+06	
      4588.713	     3.67708e+06	
      4593.712	     3.68345e+06	
      4596.529	     3.68666e+06	
      4596.984	     3.68716e+06	
      4598.711	     3.68911e+06	
      4600.892	     3.69153e+06	
      4603.709	     3.69464e+06	
      4604.800	     3.69583e+06	
      4608.708	     3.70010e+06	
      4613.707	     3.70551e+06	
      4618.705	     3.71085e+06	
      4623.704	     3.71616e+06	
      4628.703	     3.72144e+06	
      4633.701	     3.72665e+06	
      4638.700	     3.73180e+06	
      4643.699	     3.73692e+06	
      4648.697	     3.74198e+06	
      4653.696	     3.74701e+06	
      4658.695	     3.75197e+06	
      4663.694	     3.75690e+06	
      4668.692	     3.76177e+06	
      4673.691	     3.76661e+06	
      4678.690	     3.77139e+06	
      4683.688	     3.77613e+06	
      4688.687	     3.78084e+06	
      4693.686	     3.78540e+06	
      4698.684	     3.78977e+06	
      4703.683	     3.79413e+06	
      4708.682	     3.79844e+06	
      4713.680	     3.80271e+06	
      4715.603	     3.80434e+06	
      4718.679	     3.80692e+06	
      4720.984	     3.80887e+06	
      4721.755	     3.80953e+06	
      4723.678	     3.81113e+06	
      4724.830	     3.81207e+06	
      4728.676	     3.81528e+06	
      4733.675	     3.81936e+06	
      4738.674	     3.82341e+06	
      4743.672	     3.82743e+06	
      4748.671	     3.83142e+06	
      4753.670	     3.83535e+06	
      4758.668	     3.83921e+06	
      4763.667	     3.84305e+06	
      4768.666	     3.84682e+06	
      4773.664	     3.85052e+06	
      4778.663	     3.85420e+06	
      4783.662	     3.85778e+06	
      4788.660	     3.86127e+06	
      4793.659	     3.86463e+06	
      4798.658	     3.86790e+06	
      4803.656	     3.87101e+06	
      4808.655	     3.87399e+06	
      4813.654	     3.87673e+06	
      4818.652	     3.87918e+06	
      4823.651	     3.88119e+06	
      4828.650	     3.88254e+06	
      4833.648	     3.88285e+06	
      4834.972	     3.88266e+06	
      4838.647	     3.88141e+06	
      4839.161	     3.88109e+06	
      4842.322	     3.87845e+06	
      4845.483	     3.87380e+06	
      4845.503	     3.87377e+06	
      4847.054	     3.87047e+06	
      4848.644	     3.86617e+06	
      4851.785	     3.85398e+06	
      4854.393	     3.83896e+06	
      4856.517	     3.82272e+06	
      4858.401	     3.80591e+06	
      4858.642	     3.80368e+06	
      4858.664	     3.80349e+06	
      4858.883	     3.80148e+06	
      4859.364	     3.79712e+06	
      4859.473	     3.79614e+06	
      4860.065	     3.79087e+06	
      4860.361	     3.78816e+06	
      4860.657	     3.78521e+06	
      4860.805	     3.78348e+06	
      4860.953	     3.78128e+06	
      4861.027	     3.77981e+06	
      4861.101	     3.77773e+06	
      4861.175	     3.77459e+06	
      4861.248	     3.77120e+06	
      4861.322	     3.76928e+06	
      4861.396	     3.77129e+06	
      4861.470	     3.77484e+06	
      4861.543	     3.77802e+06	
      4861.641	     3.78075e+06	
      4861.687	     3.78169e+06	
      4861.689	     3.78172e+06	
      4861.691	     3.78179e+06	
      4861.695	     3.78185e+06	
      4861.741	     3.78267e+06	
      4861.841	     3.78417e+06	
      4861.979	     3.78600e+06	
      4861.987	     3.78609e+06	
      4862.279	     3.78936e+06	
      4862.579	     3.79250e+06	
      4862.596	     3.79269e+06	
      4863.178	     3.79863e+06	
      4863.727	     3.80431e+06	
      4863.761	     3.80466e+06	
      4864.927	     3.81688e+06	
      4866.127	     3.82900e+06	
      4868.413	     3.84927e+06	
      4868.526	     3.85018e+06	
      4868.639	     3.85106e+06	
      4868.865	     3.85279e+06	
      4869.317	     3.85612e+06	
      4869.583	     3.85800e+06	
      4870.221	     3.86234e+06	
      4870.858	     3.86636e+06	
      4872.134	     3.87365e+06	
      4874.623	     3.88521e+06	
      4874.685	     3.88546e+06	
      4874.747	     3.88571e+06	
      4874.871	     3.88621e+06	
      4875.119	     3.88716e+06	
      4875.615	     3.88904e+06	
      4876.607	     3.89250e+06	
      4878.452	     3.89815e+06	
      4878.544	     3.89840e+06	
      4878.590	     3.89853e+06	
      4878.636	     3.89865e+06	
      4878.820	     3.89916e+06	
      4879.188	     3.90016e+06	
      4879.526	     3.90104e+06	
      4879.924	     3.90205e+06	
      4880.322	     3.90299e+06	
      4880.941	     3.90443e+06	
      4881.118	     3.90484e+06	
      4882.709	     3.90824e+06	
      4884.478	     3.91153e+06	
      4887.396	     3.91625e+06	
      4888.015	     3.91716e+06	
      4888.634	     3.91804e+06	
      4889.871	     3.91970e+06	
      4891.061	     3.92121e+06	
      4892.347	     3.92275e+06	
      4893.632	     3.92419e+06	
      4893.777	     3.92435e+06	
      4896.204	     3.92693e+06	
      4898.631	     3.92932e+06	
      4903.340	     3.93349e+06	
      4903.485	     3.93362e+06	
      4903.630	     3.93375e+06	
      4903.920	     3.93397e+06	
      4904.499	     3.93447e+06	
      4905.659	     3.93541e+06	
      4907.328	     3.93673e+06	
      4907.977	     3.93723e+06	
      4908.628	     3.93774e+06	
      4909.929	     3.93871e+06	
      4911.434	     3.93981e+06	
      4912.530	     3.94063e+06	
      4913.014	     3.94097e+06	
      4913.627	     3.94141e+06	
      4915.550	     3.94276e+06	
      4915.820	     3.94295e+06	
      4918.240	     3.94462e+06	
      4918.626	     3.94487e+06	
      4921.701	     3.94691e+06	
      4923.624	     3.94817e+06	
      4925.162	     3.94917e+06	
      4928.623	     3.95134e+06	
      4933.622	     3.95442e+06	
      4938.620	     3.95740e+06	
      4943.619	     3.96032e+06	
      4948.618	     3.96318e+06	
      4953.616	     3.96598e+06	
      4958.615	     3.96874e+06	
      4963.614	     3.97144e+06	
      4968.612	     3.97411e+06	
      4973.611	     3.97672e+06	
      4978.610	     3.97930e+06	
      4983.608	     3.98184e+06	
      4988.607	     3.98429e+06	
      4993.606	     3.98671e+06	
      4998.604	     3.98913e+06	
      5003.603	     3.99149e+06	
      5008.602	     3.99381e+06	
      5013.600	     3.99611e+06	
      5018.599	     3.99837e+06	
      5023.598	     4.00063e+06	
      5028.596	     4.00283e+06	
      5033.595	     4.00503e+06	
      5038.594	     4.00720e+06	
      5043.592	     4.00933e+06	
      5048.591	     4.01144e+06	
      5053.590	     4.01354e+06	
      5058.588	     4.01558e+06	
      5063.587	     4.01763e+06	
      5068.586	     4.01964e+06	
      5073.584	     4.02162e+06	
      5078.583	     4.02359e+06	
      5083.582	     4.02542e+06	
      5088.580	     4.02721e+06	
      5093.579	     4.02897e+06	
      5098.578	     4.03073e+06	
      5103.576	     4.03245e+06	
      5108.575	     4.03415e+06	
      5113.574	     4.03582e+06	
      5118.572	     4.03748e+06	
      5123.571	     4.03911e+06	
      5128.570	     4.04072e+06	
      5133.568	     4.04232e+06	
      5138.567	     4.04389e+06	
      5143.566	     4.04543e+06	
      5148.564	     4.04697e+06	
      5153.563	     4.04844e+06	
      5158.562	     4.04995e+06	
      5163.560	     4.05140e+06	
      5168.559	     4.05284e+06	
      5173.558	     4.05429e+06	
      5178.556	     4.05564e+06	
      5183.555	     4.05690e+06	
      5188.554	     4.05812e+06	
      5193.552	     4.05935e+06	
      5198.551	     4.06054e+06	
      5203.550	     4.06170e+06	
      5208.548	     4.06286e+06	
      5213.547	     4.06400e+06	
      5218.546	     4.06513e+06	
      5223.544	     4.06623e+06	
      5228.543	     4.06729e+06	
      5233.542	     4.06836e+06	
      5238.540	     4.06940e+06	
      5243.539	     4.07044e+06	
      5248.537	     4.07144e+06	
      5253.536	     4.07245e+06	
      5258.535	     4.07342e+06	
      5263.533	     4.07436e+06	
      5268.532	     4.07531e+06	
      5273.531	     4.07622e+06	
      5278.529	     4.07754e+06	
      5283.528	     4.07889e+06	
      5288.527	     4.08021e+06	
      5293.525	     4.08153e+06	
      5298.524	     4.08278e+06	
      5303.523	     4.08404e+06	
      5308.521	     4.08523e+06	
      5313.520	     4.08643e+06	
      5318.519	     4.08759e+06	
      5323.517	     4.08872e+06	
      5328.516	     4.08982e+06	
      5333.515	     4.09092e+06	
      5338.513	     4.09196e+06	
      5343.512	     4.09299e+06	
      5348.511	     4.09400e+06	
      5353.509	     4.09497e+06	
      5358.508	     4.09591e+06	
      5363.507	     4.09689e+06	
      5368.505	     4.09780e+06	
      5373.504	     4.09849e+06	
      5378.503	     4.09890e+06	
      5383.501	     4.09931e+06	
      5388.500	     4.09968e+06	
      5393.499	     4.10006e+06	
      5398.497	     4.10044e+06	
      5403.496	     4.10075e+06	
      5408.495	     4.10110e+06	
      5413.493	     4.10138e+06	
      5418.492	     4.10169e+06	
      5423.491	     4.10195e+06	
      5428.489	     4.10220e+06	
      5433.488	     4.10245e+06	
      5438.487	     4.10267e+06	
      5443.485	     4.10289e+06	
      5448.484	     4.10308e+06	
      5453.483	     4.10327e+06	
      5458.481	     4.10342e+06	
      5463.480	     4.10358e+06	
      5468.479	     4.10371e+06	
      5473.477	     4.10411e+06	
      5478.476	     4.10452e+06	
      5483.475	     4.10487e+06	
      5488.473	     4.10524e+06	
      5493.472	     4.10556e+06	
      5498.471	     4.10590e+06	
      5503.469	     4.10619e+06	
      5508.468	     4.10647e+06	
      5513.466	     4.10675e+06	
      5518.465	     4.10700e+06	
      5523.464	     4.10722e+06	
      5528.462	     4.10744e+06	
      5533.461	     4.10763e+06	
      5538.460	     4.10782e+06	
      5543.458	     4.10798e+06	
      5548.457	     4.10810e+06	
      5553.456	     4.10823e+06	
      5558.454	     4.10835e+06	
      5563.453	     4.10845e+06	
      5568.452	     4.10851e+06	
      5573.450	     4.10857e+06	
      5578.449	     4.10861e+06	
      5583.448	     4.10864e+06	
      5588.446	     4.10864e+06	
      5593.445	     4.10861e+06	
      5598.444	     4.10857e+06	
      5603.442	     4.10854e+06	
      5608.441	     4.10848e+06	
      5613.440	     4.10839e+06	
      5618.438	     4.10829e+06	
      5623.437	     4.10820e+06	
      5628.436	     4.10807e+06	
      5633.434	     4.10795e+06	
      5638.433	     4.10779e+06	
      5643.432	     4.10760e+06	
      5648.430	     4.10741e+06	
      5653.429	     4.10722e+06	
      5658.428	     4.10700e+06	
      5663.426	     4.10678e+06	
      5668.425	     4.10656e+06	
      5673.424	     4.10628e+06	
      5673.979	     4.10625e+06	
      5678.422	     4.10600e+06	
      5682.865	     4.10575e+06	
      5686.198	     4.10553e+06	
      5687.309	     4.10546e+06	
      5687.864	     4.10543e+06	
      5688.420	     4.10540e+06	
      5690.641	     4.10524e+06	
      5693.418	     4.10506e+06	
      5698.417	     4.10471e+06	
      5703.415	     4.10437e+06	
      5704.770	     4.10427e+06	
      5708.414	     4.10399e+06	
      5708.882	     4.10396e+06	
      5712.058	     4.10371e+06	
      5713.413	     4.10361e+06	
      5715.234	     4.10345e+06	
      5718.411	     4.10320e+06	
      5723.410	     4.10279e+06	
      5728.409	     4.10239e+06	
      5733.407	     4.10191e+06	
      5738.406	     4.10147e+06	
      5743.405	     4.10100e+06	
      5748.403	     4.10053e+06	
      5753.402	     4.10003e+06	
      5758.401	     4.09953e+06	
      5763.399	     4.09880e+06	
      5768.398	     4.09824e+06	
      5773.397	     4.09770e+06	
      5778.395	     4.09714e+06	
      5783.394	     4.09654e+06	
      5788.393	     4.09595e+06	
      5793.391	     4.09535e+06	
      5798.390	     4.09472e+06	
      5803.389	     4.09409e+06	
      5808.387	     4.09343e+06	
      5813.386	     4.09277e+06	
      5818.385	     4.09211e+06	
      5823.383	     4.09142e+06	
      5828.382	     4.09073e+06	
      5833.381	     4.09001e+06	
      5838.379	     4.08929e+06	
      5843.378	     4.08856e+06	
      5848.377	     4.08781e+06	
      5853.375	     4.08705e+06	
      5858.374	     4.08627e+06	
      5863.372	     4.08548e+06	
      5868.371	     4.08470e+06	
      5873.370	     4.08388e+06	
      5878.368	     4.08307e+06	
      5883.367	     4.08222e+06	
      5888.366	     4.08140e+06	
      5893.364	     4.08052e+06	
      5898.363	     4.07967e+06	
      5903.362	     4.07879e+06	
      5908.360	     4.07788e+06	
      5913.359	     4.07697e+06	
      5918.358	     4.07606e+06	
      5923.356	     4.07515e+06	
      5928.355	     4.07421e+06	
      5933.354	     4.07326e+06	
      5938.352	     4.07229e+06	
      5943.351	     4.07132e+06	
      5948.350	     4.07031e+06	
      5953.348	     4.06934e+06	
      5958.347	     4.06830e+06	
      5963.346	     4.06726e+06	
      5968.344	     4.06623e+06	
      5973.343	     4.06519e+06	
      5978.342	     4.06412e+06	
      5983.340	     4.06305e+06	
      5988.339	     4.06195e+06	
      5993.338	     4.06085e+06	
      5998.336	     4.05975e+06	
      6003.335	     4.05862e+06	
      6008.333	     4.05749e+06	
      6013.332	     4.05636e+06	
      6018.331	     4.05520e+06	
      6023.329	     4.05404e+06	
      6028.328	     4.05287e+06	
      6033.327	     4.05168e+06	
      6038.325	     4.05049e+06	
      6043.324	     4.04929e+06	
      6048.323	     4.04807e+06	
      6053.321	     4.04684e+06	
      6058.320	     4.04562e+06	
      6063.319	     4.04436e+06	
      6068.317	     4.04310e+06	
      6073.316	     4.04185e+06	
      6078.315	     4.04056e+06	
      6083.313	     4.03927e+06	
      6088.312	     4.03798e+06	
      6093.311	     4.03666e+06	
      6098.309	     4.03534e+06	
      6103.308	     4.03402e+06	
      6108.307	     4.03267e+06	
      6113.305	     4.03132e+06	
      6118.304	     4.02997e+06	
      6123.303	     4.02862e+06	
      6128.301	     4.02724e+06	
      6133.300	     4.02586e+06	
      6138.298	     4.02444e+06	
      6143.297	     4.02306e+06	
      6148.296	     4.02165e+06	
      6153.294	     4.02020e+06	
      6158.293	     4.01876e+06	
      6163.292	     4.01731e+06	
      6168.290	     4.01587e+06	
      6173.289	     4.01439e+06	
      6178.288	     4.01291e+06	
      6183.286	     4.01144e+06	
      6188.285	     4.00993e+06	
      6193.284	     4.00842e+06	
      6198.282	     4.00691e+06	
      6203.281	     4.00540e+06	
      6208.280	     4.00387e+06	
      6213.278	     4.00233e+06	
      6218.277	     4.00076e+06	
      6223.276	     3.99922e+06	
      6228.274	     3.99765e+06	
      6233.273	     3.99604e+06	
      6238.272	     3.99447e+06	
      6243.270	     3.99287e+06	
      6244.381	     3.99252e+06	
      6248.269	     3.99127e+06	
      6252.157	     3.99001e+06	
      6253.821	     3.98945e+06	
      6256.044	     3.98872e+06	
      6258.266	     3.98800e+06	
      6262.157	     3.98674e+06	
      6262.711	     3.98656e+06	
      6263.265	     3.98637e+06	
      6264.372	     3.98602e+06	
      6264.912	     3.98583e+06	
      6266.588	     3.98527e+06	
      6268.263	     3.98473e+06	
      6269.967	     3.98417e+06	
      6271.615	     3.98360e+06	
      6273.262	     3.98307e+06	
      6274.854	     3.98253e+06	
      6276.557	     3.98197e+06	
      6278.261	     3.98140e+06	
      6280.076	     3.98081e+06	
      6281.668	     3.98027e+06	
      6283.259	     3.97974e+06	
      6284.627	     3.97927e+06	
      6286.443	     3.97864e+06	
      6288.258	     3.97804e+06	
      6290.521	     3.97726e+06	
      6291.889	     3.97682e+06	
      6293.257	     3.97635e+06	
      6293.729	     3.97619e+06	
      6295.992	     3.97540e+06	
      6298.255	     3.97462e+06	
      6302.310	     3.97324e+06	
      6302.782	     3.97308e+06	
      6303.254	     3.97292e+06	
      6303.918	     3.97267e+06	
      6304.198	     3.97258e+06	
      6306.085	     3.97192e+06	
      6308.253	     3.97119e+06	
      6311.924	     3.96990e+06	
      6312.587	     3.96969e+06	
      6313.251	     3.96943e+06	
      6314.579	     3.96896e+06	
      6316.219	     3.96840e+06	
      6317.234	     3.96805e+06	
      6317.314	     3.96802e+06	
      6318.250	     3.96767e+06	
      6320.281	     3.96698e+06	
      6323.249	     3.96592e+06	
      6328.247	     3.96416e+06	
      6333.246	     3.96237e+06	
      6338.245	     3.96054e+06	
      6343.243	     3.95875e+06	
      6348.242	     3.95693e+06	
      6353.241	     3.95508e+06	
      6358.239	     3.95322e+06	
      6363.238	     3.95134e+06	
      6368.236	     3.94945e+06	
      6373.235	     3.94757e+06	
      6378.234	     3.94565e+06	
      6383.232	     3.94370e+06	
      6388.231	     3.94172e+06	
      6393.230	     3.93975e+06	
      6398.228	     3.93774e+06	
      6403.227	     3.93572e+06	
      6408.226	     3.93365e+06	
      6413.224	     3.93158e+06	
      6418.223	     3.92944e+06	
      6423.222	     3.92727e+06	
      6428.220	     3.92507e+06	
      6433.219	     3.92284e+06	
      6438.218	     3.92052e+06	
      6443.216	     3.91816e+06	
      6448.215	     3.91574e+06	
      6453.214	     3.91323e+06	
      6458.212	     3.91062e+06	
      6463.211	     3.90789e+06	
      6468.210	     3.90506e+06	
      6473.208	     3.90205e+06	
      6478.207	     3.89884e+06	
      6483.205	     3.89542e+06	
      6488.204	     3.89168e+06	
      6493.203	     3.88760e+06	
      6498.201	     3.88304e+06	
      6503.200	     3.87792e+06	
      6508.199	     3.87198e+06	
      6513.197	     3.86501e+06	
      6518.196	     3.85662e+06	
      6523.195	     3.84628e+06	
      6523.719	     3.84506e+06	
      6528.193	     3.83315e+06	
      6532.668	     3.81804e+06	
      6536.095	     3.80346e+06	
      6537.143	     3.79837e+06	
      6537.383	     3.79715e+06	
      6538.191	     3.79288e+06	
      6540.286	     3.78075e+06	
      6543.189	     3.76077e+06	
      6546.457	     3.73271e+06	
      6546.724	     3.73011e+06	
      6548.188	     3.71490e+06	
      6549.918	     3.69464e+06	
      6553.113	     3.64981e+06	
      6554.426	     3.62826e+06	
      6556.306	     3.59423e+06	
      6556.871	     3.58330e+06	
      6557.903	     3.56257e+06	
      6558.185	     3.55672e+06	
      6559.500	     3.52867e+06	
      6560.298	     3.51057e+06	
      6561.096	     3.49028e+06	
      6561.496	     3.47953e+06	
      6561.895	     3.46888e+06	
      6562.094	     3.46269e+06	
      6562.294	     3.45465e+06	
      6562.394	     3.44922e+06	
      6562.494	     3.44130e+06	
      6562.594	     3.42996e+06	
      6562.693	     3.41783e+06	
      6562.793	     3.41142e+06	
      6562.892	     3.41764e+06	
      6562.992	     3.42983e+06	
      6563.092	     3.44114e+06	
      6563.289	     3.45421e+06	
      6563.291	     3.45431e+06	
      6563.490	     3.46222e+06	
      6563.691	     3.46838e+06	
      6563.696	     3.46851e+06	
      6564.093	     3.47887e+06	
      6564.481	     3.48908e+06	
      6564.490	     3.48930e+06	
      6565.283	     3.50900e+06	
      6566.086	     3.52672e+06	
      6567.201	     3.54991e+06	
      6567.692	     3.55977e+06	
      6568.183	     3.56941e+06	
      6569.048	     3.58591e+06	
      6569.164	     3.58804e+06	
      6569.280	     3.59018e+06	
      6569.334	     3.59119e+06	
      6569.512	     3.59442e+06	
      6569.976	     3.60272e+06	
      6570.904	     3.61864e+06	
      6572.473	     3.64346e+06	
      6575.558	     3.68459e+06	
      6575.613	     3.68525e+06	
      6575.667	     3.68587e+06	
      6575.777	     3.68716e+06	
      6575.997	     3.68971e+06	
      6576.437	     3.69461e+06	
      6576.454	     3.69480e+06	
      6576.632	     3.69674e+06	
      6577.317	     3.70397e+06	
      6578.180	     3.71251e+06	
      6579.905	     3.72791e+06	
      6583.178	     3.75185e+06	
      6587.911	     3.77704e+06	
      6588.177	     3.77820e+06	
      6588.443	     3.77934e+06	
      6588.975	     3.78154e+06	
      6590.039	     3.78568e+06	
      6591.023	     3.78920e+06	
      6592.166	     3.79300e+06	
      6593.014	     3.79561e+06	
      6593.309	     3.79649e+06	
      6595.594	     3.80262e+06	
      6598.174	     3.80840e+06	
      6603.335	     3.81713e+06	
      6613.656	     3.82709e+06	
      6623.977	     3.83136e+06	
      6634.299	     3.83255e+06	
      6654.941	     3.83014e+06	
      6680.975	     3.82297e+06	
      6696.226	     3.81773e+06	
      6711.477	     3.81207e+06	
      6741.979	     3.80001e+06	
      6781.185	     3.78355e+06	
      6802.982	     3.77406e+06	
      6824.779	     3.76441e+06	
      6868.373	     3.74494e+06	
      6955.562	     3.70469e+06	
      6976.354	     3.69486e+06	
      7042.750	     3.66303e+06	
      7109.146	     3.63055e+06	
      7175.542	     3.59791e+06	
      7241.938	     3.56473e+06	
      7308.334	     3.53109e+06	
      7355.946	     3.50674e+06	
      7374.730	     3.49716e+06	
      7393.514	     3.48745e+06	
      7431.082	     3.46819e+06	
      7506.218	     3.42936e+06	
      7581.353	     3.39019e+06	
      7635.097	     3.36198e+06	
      7656.489	     3.35070e+06	
      7677.881	     3.33942e+06	
      7720.666	     3.31705e+06	
      7806.234	     3.27216e+06	
      7821.358	     3.26418e+06	
      7891.803	     3.22704e+06	
      7962.248	     3.18978e+06	
      7982.837	     3.17898e+06	
      8032.693	     3.15278e+06	
      8082.550	     3.12658e+06	
      8161.675	     3.08517e+06	
      8182.262	     3.07440e+06	
      8200.850	     3.06468e+06	
      8202.850	     3.06364e+06	
      8204.849	     3.06259e+06	
      8208.848	     3.06051e+06	
      8216.846	     3.05635e+06	
      8232.842	     3.04804e+06	
      8264.833	     3.03141e+06	
      8289.715	     3.01849e+06	
      8328.816	     2.99820e+06	
      8343.441	     2.99062e+06	
      8367.916	     2.97794e+06	
      8371.465	     2.97612e+06	
      8388.684	     2.96726e+06	
      8392.391	     2.96535e+06	
      8408.650	     2.95699e+06	
      8413.318	     2.95459e+06	
      8432.024	     2.94499e+06	
      8437.951	     2.94194e+06	
      8467.252	     2.92691e+06	
      8473.978	     2.92346e+06	
      8502.481	     2.90887e+06	
      8516.584	     2.90165e+06	
      8530.983	     2.89429e+06	
      8545.382	     2.88700e+06	
      8549.972	     2.88467e+06	
      8574.180	     2.87243e+06	
      8598.388	     2.86019e+06	
      8628.597	     2.84496e+06	
      8646.805	     2.83578e+06	
      8652.391	     2.83298e+06	
      8665.013	     2.82663e+06	
      8685.587	     2.81629e+06	
      8701.429	     2.80834e+06	
      8750.468	     2.78379e+06	
      8767.917	     2.77508e+06	
      8815.350	     2.75145e+06	
      8862.782	     2.72816e+06	
      8900.383	     2.70976e+06	
      8957.646	     2.68185e+06	
      9014.908	     2.65408e+06	
      9044.624	     2.63974e+06	
      9072.171	     2.62648e+06	
      9099.717	     2.61325e+06	
      9154.810	     2.58718e+06	
      9190.798	     2.57023e+06	
      9209.903	     2.56125e+06	
      9229.009	     2.55229e+06	
      9267.221	     2.53445e+06	
      9303.204	     2.51770e+06	
      9343.644	     2.49897e+06	
      9384.084	     2.48033e+06	
      9464.964	     2.44368e+06	
      9545.723	     2.40742e+06	
      9545.844	     2.40737e+06	
      9545.965	     2.40731e+06	
      9546.207	     2.40721e+06	
      9546.691	     2.40700e+06	
      9546.866	     2.40692e+06	
      9547.658	     2.40657e+06	
      9549.594	     2.40570e+06	
      9553.465	     2.40398e+06	
      9561.207	     2.40053e+06	
      9576.691	     2.39364e+06	
      9607.658	     2.37990e+06	
      9668.451	     2.35308e+06	
      9729.243	     2.32680e+06	
      9790.036	     2.30067e+06	
      9850.828	     2.27476e+06	
      9870.422	     2.26646e+06	
      9911.620	     2.24907e+06	
      9952.819	     2.23179e+06	
     10021.070	     2.20365e+06	
     10035.217	     2.19784e+06	
     10049.364	     2.19203e+06	
     10077.658	     2.18054e+06	
     10134.247	     2.15765e+06	
     10144.484	     2.15352e+06	
     10190.835	     2.13493e+06	
     10237.187	     2.11646e+06	
     10329.890	     2.08082e+06	
     10422.592	     2.04566e+06	
     10515.295	     2.01099e+06	
     10607.998	     1.97680e+06	
     10700.701	     1.94310e+06	
     10793.403	     1.90990e+06	
     10834.127	     1.89547e+06	
     10886.106	     1.87716e+06	
     10938.085	     1.85888e+06	
     10990.064	     1.84109e+06	
     11042.043	     1.82334e+06	
     11094.022	     1.80571e+06	
     11146.000	     1.78824e+06	
     11197.979	     1.77092e+06	
     11239.008	     1.75735e+06	
     11249.958	     1.75375e+06	
     11260.908	     1.75016e+06	
     11282.808	     1.74329e+06	
     11326.608	     1.72962e+06	
     11414.209	     1.70258e+06	
     11501.809	     1.67592e+06	
     11589.411	     1.64964e+06	
     11677.011	     1.62374e+06	
     11764.612	     1.59822e+06	
     11852.212	     1.57309e+06	
     11939.813	     1.54833e+06	
     12027.413	     1.52395e+06	
     12115.014	     1.49994e+06	
     12120.600	     1.49842e+06	
     12202.614	     1.47630e+06	
     12284.629	     1.45451e+06	
     12366.644	     1.43414e+06	
     12448.658	     1.41403e+06	
     12530.673	     1.39419e+06	
     12612.688	     1.37460e+06	
     12694.701	     1.35523e+06	
     12735.367	     1.34566e+06	
     12776.716	     1.33586e+06	
     12818.066	     1.32586e+06	
     12900.764	     1.30779e+06	
     12983.464	     1.28938e+06	
     13066.162	     1.27114e+06	
     13148.861	     1.25313e+06	
     13154.771	     1.25186e+06	
     13231.560	     1.23538e+06	
     13308.350	     1.21912e+06	
     13385.140	     1.20416e+06	
     13461.929	     1.18936e+06	
     13538.719	     1.17474e+06	
     13615.509	     1.16028e+06	
     13692.299	     1.14600e+06	
     13769.088	     1.13188e+06	
     13845.878	     1.11793e+06	
     13922.668	     1.10414e+06	
     13999.458	     1.09053e+06	
     14076.247	     1.07707e+06	
     14153.038	     1.06379e+06	
     14229.828	     1.05066e+06	
     14281.164	     1.04198e+06	
     14306.618	     1.03770e+06	
     14332.071	     1.03344e+06	
     14382.978	     1.02535e+06	
     14410.128	     1.02106e+06	
     14427.096	     1.01839e+06	
     14433.884	     1.01732e+06	
     14457.640	     1.01360e+06	
     14505.152	     1.00626e+06	
     14581.211	     9.94628e+05	
     14583.210	     9.94323e+05	
     14585.210	     9.94022e+05	
     14589.208	     9.93441e+05	
     14597.206	     9.92281e+05	
     14613.202	     9.89969e+05	
     14645.193	     9.85354e+05	
     14709.176	     9.76178e+05	
     14773.158	     9.67070e+05	
     14837.141	     9.58032e+05	
     14901.123	     9.49063e+05	
     14965.106	     9.40169e+05	
     15029.088	     9.31347e+05	
     15093.071	     9.22595e+05	
     15157.054	     9.13918e+05	
     15221.036	     9.05310e+05	
     15285.019	     8.96774e+05	
     15349.001	     8.88314e+05	
     15412.984	     8.79926e+05	
     15471.572	     8.72307e+05	
     15476.966	     8.71610e+05	
     15482.361	     8.70912e+05	
     15493.150	     8.69499e+05	
     15514.728	     8.66681e+05	
     15557.884	     8.61067e+05	
     15644.197	     8.49936e+05	
     15730.509	     8.38937e+05	
     15816.821	     8.28070e+05	
     15903.134	     8.17336e+05	
     15989.446	     8.06723e+05	
     16075.759	     7.96246e+05	
     16162.071	     7.85901e+05	
     16248.384	     7.75684e+05	
     16289.880	     7.70818e+05	
     16334.696	     7.65597e+05	
     16379.512	     7.60410e+05	
     16469.143	     7.47746e+05	
     16558.775	     7.35337e+05	
     16648.406	     7.23179e+05	
     16738.038	     7.11260e+05	
     16827.669	     6.99579e+05	
     16917.301	     6.88131e+05	
     17006.933	     6.76910e+05	
     17096.564	     6.65908e+05	
     17186.196	     6.55123e+05	
     17275.827	     6.44548e+05	
     17327.685	     6.38526e+05	
     17365.459	     6.34181e+05	
     17403.232	     6.29874e+05	
     17478.780	     6.21354e+05	
     17554.327	     6.12972e+05	
     17629.874	     6.04728e+05	
     17705.422	     5.96620e+05	
     17780.969	     5.88643e+05	
     17856.517	     5.80796e+05	
     17932.064	     5.73074e+05	
     18007.611	     5.65352e+05	
     18083.159	     5.57853e+05	
     18158.706	     5.50464e+05	
     18234.253	     5.43178e+05	
     18309.801	     5.35984e+05	
     18343.743	     5.32776e+05	
     18385.348	     5.28859e+05	
     18426.953	     5.24954e+05	
     18510.162	     5.17112e+05	
     18593.371	     5.09013e+05	
     18602.053	     5.08131e+05	
     18676.581	     4.99934e+05	
     18713.844	     4.95241e+05	
     18732.476	     4.92875e+05	
     18751.108	     4.90754e+05	
     18769.740	     4.89759e+05	
     18788.372	     4.88992e+05	
     18807.004	     4.88241e+05	
     18825.636	     4.87384e+05	
     18862.900	     4.85310e+05	
     18937.427	     4.80243e+05	
     19011.955	     4.74657e+05	
     19086.483	     4.68924e+05	
     19161.010	     4.63181e+05	
     19235.538	     4.57472e+05	
     19310.066	     4.51827e+05	
     19318.513	     4.51189e+05	
     19384.593	     4.46251e+05	
     19450.673	     4.41369e+05	
     19516.753	     4.36549e+05	
     19582.833	     4.31853e+05	
     19648.913	     4.27144e+05	
     19714.993	     4.22500e+05	
     19781.073	     4.17917e+05	
     19847.153	     4.13393e+05	
     19913.233	     4.08932e+05	
     19979.313	     4.04527e+05	
     20045.393	     4.00182e+05	
     20111.473	     3.95894e+05	
     20177.553	     3.91662e+05	
     20243.632	     3.87484e+05	
     20309.712	     3.83362e+05	
     20375.792	     3.79294e+05	
     20409.351	     3.77246e+05	
     20441.872	     3.75276e+05	
     20474.393	     3.73319e+05	
     20539.436	     3.69442e+05	
     20604.478	     3.65615e+05	
     20669.520	     3.61836e+05	
     20734.561	     3.58107e+05	
     20799.604	     3.54422e+05	
     20864.646	     3.50787e+05	
     20929.688	     3.47193e+05	
     20994.730	     3.43646e+05	
     21059.773	     3.40147e+05	
     21124.814	     3.36688e+05	
     21189.856	     3.33273e+05	
     21254.898	     3.29899e+05	
     21319.940	     3.26569e+05	
     21384.983	     3.23279e+05	
     21450.025	     3.20028e+05	
     21515.066	     3.16820e+05	
     21529.600	     3.16107e+05	
     21580.108	     3.13650e+05	
     21630.617	     3.11215e+05	
     21681.125	     3.08805e+05	
     21731.633	     3.06417e+05	
     21782.140	     3.04052e+05	
     21832.648	     3.01709e+05	
     21883.157	     2.99388e+05	
     21933.665	     2.97089e+05	
     21984.172	     2.94812e+05	
     22034.680	     2.92556e+05	
     22085.188	     2.90322e+05	
     22135.697	     2.88109e+05	
     22186.205	     2.85916e+05	
     22236.712	     2.83743e+05	
     22287.220	     2.81591e+05	
     22337.728	     2.79459e+05	
     22388.237	     2.77347e+05	
     22438.744	     2.75255e+05	
     22489.252	     2.73182e+05	
     22539.760	     2.71128e+05	
     22590.268	     2.69092e+05	
     22640.777	     2.67077e+05	
     22691.284	     2.65079e+05	
     22696.746	     2.64864e+05	
     22741.792	     2.63100e+05	
     22784.838	     2.61427e+05	
     22786.838	     2.61350e+05	
     22788.837	     2.61272e+05	
     22792.836	     2.61118e+05	
     22800.834	     2.60809e+05	
     22816.829	     2.60193e+05	
     22848.821	     2.58966e+05	
     22912.803	     2.56534e+05	
     22976.786	     2.54129e+05	
     23040.768	     2.51753e+05	
     23104.751	     2.49404e+05	
     23168.733	     2.47081e+05	
     23232.716	     2.44785e+05	
     23296.698	     2.42516e+05	
     23360.681	     2.40272e+05	
     23424.663	     2.38054e+05	
     23488.646	     2.35861e+05	
     23552.628	     2.33692e+05	
     23616.611	     2.31549e+05	
     23680.593	     2.29429e+05	
     23744.576	     2.27334e+05	
     23808.558	     2.25262e+05	
     23872.541	     2.23213e+05	
     23936.523	     2.21187e+05	
     24000.506	     2.19184e+05	
     24064.488	     2.17203e+05	
     24128.471	     2.15244e+05	
     24192.453	     2.13307e+05	
     24256.436	     2.11391e+05	
     24320.419	     2.09496e+05	
     24384.401	     2.07623e+05	
     24448.384	     2.05770e+05	
     24512.366	     2.03937e+05	
     24576.349	     2.02124e+05	
     24640.331	     2.00332e+05	
     24704.314	     1.98558e+05	
     24768.296	     1.96805e+05	
     24832.279	     1.95070e+05	
     24896.261	     1.93354e+05	
     24960.244	     1.91657e+05	
     25004.437	     1.90495e+05	
     25024.226	     1.89977e+05	
     25044.016	     1.89462e+05	
     25083.595	     1.88436e+05	
     25162.753	     1.86406e+05	
     25241.912	     1.84402e+05	
     25321.070	     1.82425e+05	
     25400.228	     1.80474e+05	
     25479.387	     1.78548e+05	
     25558.545	     1.76648e+05	
     25637.703	     1.74773e+05	
     25716.862	     1.72922e+05	
     25796.020	     1.71096e+05	
     25875.179	     1.69293e+05	
     25954.337	     1.67514e+05	
     26033.495	     1.65758e+05	
     26112.654	     1.64024e+05	
     26191.812	     1.62313e+05	
     26270.970	     1.60624e+05	
     26350.129	     1.58956e+05	
     26429.287	     1.57310e+05	
     26508.445	     1.55685e+05	
     26587.604	     1.54081e+05	
     26666.762	     1.52497e+05	
     26745.921	     1.50933e+05	
     26825.079	     1.49388e+05	
     26904.237	     1.47864e+05	
     26983.396	     1.46358e+05	
     27062.554	     1.44872e+05	
     27141.712	     1.43404e+05	
     27142.547	     1.43389e+05	
     27220.871	     1.41954e+05	
     27299.194	     1.40538e+05	
     27377.518	     1.39139e+05	
     27455.842	     1.37758e+05	
     27534.165	     1.36394e+05	
     27612.489	     1.35046e+05	
     27690.812	     1.33715e+05	
     27769.136	     1.32400e+05	
     27847.459	     1.31101e+05	
     27925.783	     1.29817e+05	
     28004.107	     1.28549e+05	
     28082.430	     1.27297e+05	
     28160.754	     1.26059e+05	
     28239.077	     1.24837e+05	
     28317.401	     1.23628e+05	
     28395.725	     1.22435e+05	
     28474.048	     1.21255e+05	
     28552.372	     1.20090e+05	
     28630.695	     1.18939e+05	
     28709.019	     1.17801e+05	
     28787.343	     1.16677e+05	
     28865.666	     1.15565e+05	
     28943.990	     1.14467e+05	
     29022.313	     1.13382e+05	
     29100.637	     1.12310e+05	
     29178.961	     1.11250e+05	
     29257.284	     1.10202e+05	
     29335.608	     1.09167e+05	
     29413.931	     1.08144e+05	
     29492.255	     1.07132e+05	
     29570.578	     1.06132e+05	
     29648.902	     1.05144e+05	
     29727.226	     1.04167e+05	
     29805.549	     1.03202e+05	
     29883.873	     1.02247e+05	
     29932.600	     1.01659e+05	
     29962.196	     1.01303e+05	
     29991.792	     1.00950e+05	
#time:0.042452
