# Koester WD models
# teff = 5750 K (value for the effective temperature for the model. Temperatures are given in K)
# logg = 9.5 log(cm/s2) (value for Log(G) for the model.)
#
#   WAVELENGTH	#           FLUX	
#   (ANGSTROM)	#  (ERG/CM2/S/A)	
##############	################	
       899.230	     1.33529e-02	
       899.395	     1.34235e-02	
       899.724	     1.35656e-02	
       900.385	     1.38542e-02	
       900.439	     1.38782e-02	
       901.704	     1.44484e-02	
       902.970	     1.50401e-02	
       904.235	     1.56541e-02	
       904.291	     1.56819e-02	
       905.501	     1.62913e-02	
       905.529	     1.63057e-02	
       906.766	     1.69523e-02	
       908.003	     1.76225e-02	
       908.450	     1.78703e-02	
       909.241	     1.83172e-02	
       910.032	     1.87743e-02	
       911.193	     1.94647e-02	
       911.613	     1.97204e-02	
       912.034	     1.99791e-02	
       912.465	     2.02480e-02	
       912.875	     2.05061e-02	
       913.037	     2.06093e-02	
       913.241	     2.07398e-02	
       913.284	     2.07674e-02	
       913.478	     2.08923e-02	
       913.531	     2.09266e-02	
       913.755	     2.10713e-02	
       913.822	     2.11150e-02	
       914.080	     2.12839e-02	
       914.165	     2.13398e-02	
       914.499	     2.15609e-02	
       914.575	     2.16115e-02	
       915.071	     2.19437e-02	
       915.540	     2.22629e-02	
       915.609	     2.23095e-02	
       915.643	     2.23328e-02	
       915.677	     2.23562e-02	
       915.741	     2.24002e-02	
       915.813	     2.24499e-02	
       916.085	     2.26384e-02	
       916.429	     2.28789e-02	
       916.858	     2.31813e-02	
       917.118	     2.33669e-02	
       917.196	     2.34228e-02	
       917.378	     2.35538e-02	
       917.899	     2.39318e-02	
       917.952	     2.39706e-02	
       918.287	     2.42174e-02	
       918.602	     2.44509e-02	
       919.251	     2.49399e-02	
       920.215	     2.56826e-02	
       921.882	     2.70096e-02	
       921.999	     2.71071e-02	
       922.143	     2.72286e-02	
       922.405	     2.74452e-02	
       922.810	     2.77770e-02	
       923.621	     2.84321e-02	
       925.001	     2.96520e-02	
       925.242	     2.98951e-02	
       925.484	     3.01135e-02	
       925.564	     3.01859e-02	
       925.966	     3.05112e-02	
       926.369	     3.07943e-02	
       927.173	     3.14373e-02	
       927.774	     3.19544e-02	
       927.978	     3.21366e-02	
       928.092	     3.22397e-02	
       928.182	     3.23213e-02	
       928.591	     3.27125e-02	
       928.917	     3.30615e-02	
       928.980	     3.31347e-02	
       929.089	     3.32676e-02	
       929.261	     3.35019e-02	
       929.317	     3.35833e-02	
       929.543	     3.39295e-02	
       929.655	     3.40894e-02	
       929.769	     3.42251e-02	
       929.827	     3.42851e-02	
       929.883	     3.43423e-02	
       929.910	     3.43700e-02	
       929.939	     3.43995e-02	
       929.954	     3.44149e-02	
       929.968	     3.44293e-02	
       929.982	     3.44435e-02	
       929.996	     3.44579e-02	
       930.010	     3.44724e-02	
       930.024	     3.44865e-02	
       930.038	     3.45010e-02	
       930.052	     3.45154e-02	
       930.081	     3.45453e-02	
       930.137	     3.46028e-02	
       930.201	     3.46684e-02	
       930.247	     3.47152e-02	
       930.249	     3.47171e-02	
       930.251	     3.47190e-02	
       930.301	     3.47655e-02	
       930.326	     3.47859e-02	
       930.329	     3.47881e-02	
       930.402	     3.48387e-02	
       930.478	     3.48742e-02	
       930.630	     3.49248e-02	
       930.931	     3.50256e-02	
       931.229	     3.51733e-02	
       931.490	     3.53369e-02	
       931.534	     3.53677e-02	
       931.838	     3.55936e-02	
       932.447	     3.60743e-02	
       933.265	     3.67824e-02	
       933.403	     3.69090e-02	
       933.432	     3.69344e-02	
       933.542	     3.70362e-02	
       933.652	     3.71393e-02	
       933.872	     3.73476e-02	
       933.973	     3.74459e-02	
       934.073	     3.75449e-02	
       934.312	     3.77883e-02	
       934.652	     3.81559e-02	
       934.941	     3.84939e-02	
       935.230	     3.88719e-02	
       935.473	     3.92288e-02	
       935.520	     3.93032e-02	
       935.809	     3.98329e-02	
       936.144	     4.05903e-02	
       936.358	     4.11580e-02	
       936.372	     4.11941e-02	
       936.479	     4.14772e-02	
       936.601	     4.17640e-02	
       936.714	     4.19817e-02	
       936.829	     4.21445e-02	
       936.887	     4.22164e-02	
       936.944	     4.22871e-02	
       936.973	     4.23229e-02	
       937.001	     4.23575e-02	
       937.015	     4.23751e-02	
       937.029	     4.23923e-02	
       937.043	     4.24096e-02	
       937.058	     4.24282e-02	
       937.072	     4.24457e-02	
       937.086	     4.24630e-02	
       937.101	     4.24816e-02	
       937.115	     4.24992e-02	
       937.143	     4.25340e-02	
       937.200	     4.26050e-02	
       937.314	     4.27464e-02	
       937.493	     4.29094e-02	
       937.542	     4.29236e-02	
       937.593	     4.29299e-02	
       937.694	     4.29003e-02	
       937.788	     4.28548e-02	
       937.894	     4.27844e-02	
       938.000	     4.27175e-02	
       938.212	     4.26082e-02	
       938.359	     4.25598e-02	
       938.636	     4.25516e-02	
       938.914	     4.26245e-02	
       939.111	     4.27115e-02	
       939.191	     4.27524e-02	
       939.271	     4.27973e-02	
       939.431	     4.28931e-02	
       939.752	     4.31312e-02	
       940.044	     4.33848e-02	
       940.392	     4.37146e-02	
       940.740	     4.40728e-02	
       941.437	     4.47272e-02	
       942.134	     4.55361e-02	
       942.613	     4.61440e-02	
       942.830	     4.64290e-02	
       943.048	     4.67189e-02	
       943.394	     4.71914e-02	
       943.482	     4.73136e-02	
       944.351	     4.85697e-02	
       944.829	     4.93098e-02	
       945.308	     5.00902e-02	
       945.786	     5.09312e-02	
       946.264	     5.18712e-02	
       946.328	     5.20069e-02	
       946.743	     5.29654e-02	
       947.158	     5.40816e-02	
       947.574	     5.54183e-02	
       947.895	     5.66373e-02	
       947.989	     5.70070e-02	
       947.997	     5.70381e-02	
       948.083	     5.73837e-02	
       948.271	     5.81226e-02	
       948.314	     5.82816e-02	
       948.546	     5.90173e-02	
       948.661	     5.92749e-02	
       948.777	     5.94826e-02	
       948.835	     5.95809e-02	
       948.893	     5.96796e-02	
       948.922	     5.97286e-02	
       948.951	     5.97779e-02	
       948.966	     5.98037e-02	
       948.980	     5.98272e-02	
       948.994	     5.98511e-02	
       949.009	     5.98769e-02	
       949.023	     5.99007e-02	
       949.037	     5.99246e-02	
       949.052	     5.99501e-02	
       949.066	     5.99739e-02	
       949.095	     6.00236e-02	
       949.153	     6.01225e-02	
       949.230	     6.02545e-02	
       949.258	     6.03022e-02	
       949.269	     6.03211e-02	
       949.280	     6.03396e-02	
       949.330	     6.04235e-02	
       949.360	     6.04709e-02	
       949.430	     6.05702e-02	
       949.500	     6.06415e-02	
       949.640	     6.06978e-02	
       949.781	     6.06582e-02	
       949.795	     6.06535e-02	
       949.879	     6.05994e-02	
       949.921	     6.05727e-02	
       949.963	     6.05325e-02	
       950.047	     6.04643e-02	
       950.131	     6.04043e-02	
       950.467	     6.01725e-02	
       950.888	     6.01131e-02	
       951.308	     6.02884e-02	
       951.728	     6.06478e-02	
       952.149	     6.11709e-02	
       952.400	     6.15425e-02	
       952.569	     6.18099e-02	
       952.738	     6.20980e-02	
       953.076	     6.26958e-02	
       953.753	     6.39914e-02	
       954.198	     6.48758e-02	
       954.430	     6.53483e-02	
       955.106	     6.67862e-02	
       955.560	     6.77968e-02	
       956.014	     6.88292e-02	
       956.468	     7.01945e-02	
       956.922	     7.15294e-02	
       957.376	     7.28369e-02	
       957.830	     7.41384e-02	
       958.186	     7.51507e-02	
       958.737	     7.67014e-02	
       959.289	     7.82480e-02	
       960.278	     8.09136e-02	
       960.354	     8.11213e-02	
       960.392	     8.12252e-02	
       960.430	     8.13292e-02	
       960.582	     8.17612e-02	
       960.886	     8.26258e-02	
       961.192	     8.35001e-02	
       961.495	     8.43643e-02	
       962.712	     8.78942e-02	
       964.231	     9.24191e-02	
       965.750	     9.71654e-02	
       966.507	     9.95926e-02	
       966.767	     1.00434e-01	
       967.269	     1.02067e-01	
       968.032	     1.04560e-01	
       968.668	     1.06781e-01	
       968.979	     1.07834e-01	
       969.297	     1.08869e-01	
       969.453	     1.09443e-01	
       969.689	     1.10252e-01	
       969.927	     1.10958e-01	
       970.164	     1.11745e-01	
       970.400	     1.12129e-01	
       970.519	     1.12139e-01	
       970.637	     1.12011e-01	
       970.756	     1.11651e-01	
       970.874	     1.11050e-01	
       970.992	     1.10073e-01	
       971.111	     1.08765e-01	
       971.230	     1.07234e-01	
       971.348	     1.05749e-01	
       971.466	     1.05239e-01	
       971.535	     1.06000e-01	
       971.567	     1.06684e-01	
       971.584	     1.07157e-01	
       971.635	     1.08809e-01	
       971.644	     1.09132e-01	
       971.703	     1.11285e-01	
       971.732	     1.12051e-01	
       971.762	     1.12442e-01	
       971.778	     1.12514e-01	
       971.792	     1.12558e-01	
       971.806	     1.12601e-01	
       971.821	     1.12647e-01	
       971.827	     1.12665e-01	
       971.833	     1.12683e-01	
       971.836	     1.12692e-01	
       971.839	     1.12701e-01	
       971.851	     1.12738e-01	
       971.866	     1.12783e-01	
       971.880	     1.12826e-01	
       971.910	     1.12906e-01	
       971.969	     1.12254e-01	
       972.037	     1.10197e-01	
       972.087	     1.08783e-01	
       972.137	     1.07837e-01	
       972.150	     1.07687e-01	
       972.237	     1.07486e-01	
       972.324	     1.08491e-01	
       972.499	     1.11813e-01	
       972.548	     1.12772e-01	
       972.673	     1.15058e-01	
       972.798	     1.17056e-01	
       972.923	     1.18657e-01	
       973.048	     1.20002e-01	
       973.173	     1.21152e-01	
       973.423	     1.23062e-01	
       973.601	     1.24195e-01	
       973.673	     1.24619e-01	
       973.746	     1.25035e-01	
       973.869	     1.25712e-01	
       973.890	     1.25825e-01	
       974.178	     1.27288e-01	
       974.754	     1.29964e-01	
       975.640	     1.33737e-01	
       976.526	     1.37394e-01	
       977.289	     1.40546e-01	
       978.297	     1.44722e-01	
       979.305	     1.48959e-01	
       981.320	     1.57790e-01	
       982.748	     1.64174e-01	
       983.336	     1.66836e-01	
       983.578	     1.67945e-01	
       983.923	     1.69533e-01	
       985.098	     1.74935e-01	
       986.618	     1.82002e-01	
       989.312	     1.95269e-01	
       990.133	     1.99499e-01	
       992.006	     2.09468e-01	
       993.059	     2.15261e-01	
       993.880	     2.19871e-01	
       995.753	     2.30676e-01	
       997.574	     2.41632e-01	
       997.806	     2.43062e-01	
       998.447	     2.47042e-01	
       999.319	     2.52534e-01	
       999.435	     2.53235e-01	
      1001.064	     2.63486e-01	
      1002.694	     2.74395e-01	
      1004.323	     2.85820e-01	
      1005.836	     2.96851e-01	
      1005.952	     2.97714e-01	
      1007.581	     3.10067e-01	
      1009.326	     3.23813e-01	
      1011.071	     3.38104e-01	
      1011.303	     3.40046e-01	
      1012.816	     3.52955e-01	
      1014.329	     3.66300e-01	
      1015.378	     3.75810e-01	
      1017.355	     3.94308e-01	
      1017.620	     3.96874e-01	
      1019.046	     4.10688e-01	
      1019.332	     4.13468e-01	
      1020.046	     4.20389e-01	
      1021.044	     4.29864e-01	
      1021.544	     4.34363e-01	
      1022.043	     4.38328e-01	
      1022.543	     4.41551e-01	
      1022.993	     4.42908e-01	
      1023.043	     4.42848e-01	
      1023.093	     4.42754e-01	
      1023.193	     4.42512e-01	
      1023.393	     4.41174e-01	
      1023.545	     4.39311e-01	
      1023.593	     4.38588e-01	
      1023.669	     4.37259e-01	
      1023.793	     4.34825e-01	
      1023.917	     4.31394e-01	
      1023.991	     4.28981e-01	
      1024.041	     4.27203e-01	
      1024.091	     4.25425e-01	
      1024.191	     4.21655e-01	
      1024.242	     4.19745e-01	
      1024.391	     4.14109e-01	
      1024.540	     4.09642e-01	
      1024.588	     4.09070e-01	
      1024.690	     4.10914e-01	
      1024.791	     4.17907e-01	
      1024.852	     4.24831e-01	
      1024.869	     4.26880e-01	
      1024.892	     4.29669e-01	
      1024.915	     4.32142e-01	
      1024.947	     4.34793e-01	
      1024.978	     4.36078e-01	
      1024.993	     4.36330e-01	
      1025.009	     4.36505e-01	
      1025.025	     4.36675e-01	
      1025.040	     4.36832e-01	
      1025.056	     4.36999e-01	
      1025.072	     4.37168e-01	
      1025.087	     4.37325e-01	
      1025.103	     4.37495e-01	
      1025.134	     4.37815e-01	
      1025.196	     4.36776e-01	
      1025.271	     4.30147e-01	
      1025.320	     4.25284e-01	
      1025.371	     4.21413e-01	
      1025.471	     4.17939e-01	
      1025.521	     4.18199e-01	
      1025.571	     4.19381e-01	
      1025.621	     4.21485e-01	
      1025.721	     4.26798e-01	
      1025.821	     4.32638e-01	
      1025.874	     4.35874e-01	
      1025.972	     4.41761e-01	
      1026.021	     4.44714e-01	
      1026.070	     4.47507e-01	
      1026.266	     4.58223e-01	
      1026.463	     4.67130e-01	
      1026.659	     4.74632e-01	
      1026.855	     4.81251e-01	
      1026.997	     4.85012e-01	
      1027.033	     4.85916e-01	
      1027.051	     4.86375e-01	
      1027.069	     4.86821e-01	
      1027.141	     4.88599e-01	
      1027.285	     4.92039e-01	
      1027.573	     4.97625e-01	
      1027.808	     5.01759e-01	
      1027.861	     5.02667e-01	
      1028.438	     5.11740e-01	
      1028.796	     5.16915e-01	
      1029.067	     5.20681e-01	
      1029.338	     5.24445e-01	
      1029.881	     5.31796e-01	
      1030.965	     5.46376e-01	
      1033.082	     5.74874e-01	
      1033.135	     5.75587e-01	
      1033.187	     5.76297e-01	
      1033.230	     5.76888e-01	
      1033.291	     5.77723e-01	
      1033.499	     5.80573e-01	
      1033.915	     5.86303e-01	
      1034.747	     5.97914e-01	
      1036.265	     6.19657e-01	
      1039.172	     6.63209e-01	
      1039.258	     6.64538e-01	
      1039.301	     6.65201e-01	
      1039.344	     6.65867e-01	
      1039.504	     6.68349e-01	
      1039.516	     6.68534e-01	
      1039.860	     6.73897e-01	
      1040.549	     6.84742e-01	
      1041.925	     7.06896e-01	
      1044.347	     7.47438e-01	
      1046.768	     7.90063e-01	
      1049.029	     8.31815e-01	
      1049.189	     8.34847e-01	
      1049.349	     8.37885e-01	
      1049.670	     8.44001e-01	
      1050.310	     8.56354e-01	
      1051.591	     8.81550e-01	
      1053.952	     9.29764e-01	
      1054.152	     9.33958e-01	
      1054.352	     9.38168e-01	
      1054.752	     9.46644e-01	
      1054.952	     9.50904e-01	
      1055.553	     9.63797e-01	
      1057.153	     9.98945e-01	
      1059.355	     1.04918e+00	
      1061.556	     1.10161e+00	
      1063.156	     1.14121e+00	
      1063.757	     1.15639e+00	
      1064.357	     1.17175e+00	
      1065.558	     1.20302e+00	
      1066.558	     1.22964e+00	
      1067.959	     1.26781e+00	
      1069.359	     1.30705e+00	
      1069.960	     1.32424e+00	
      1072.161	     1.38902e+00	
      1073.761	     1.43791e+00	
      1074.362	     1.45665e+00	
      1076.563	     1.52724e+00	
      1079.364	     1.62156e+00	
      1081.888	     1.71074e+00	
      1082.165	     1.72079e+00	
      1082.304	     1.72588e+00	
      1082.442	     1.73090e+00	
      1082.997	     1.75127e+00	
      1084.105	     1.79266e+00	
      1085.905	     1.86174e+00	
      1089.368	     2.00150e+00	
      1091.293	     2.08344e+00	
      1092.832	     2.15106e+00	
      1094.370	     2.22064e+00	
      1095.523	     2.27408e+00	
      1097.448	     2.36591e+00	
      1099.372	     2.46106e+00	
      1101.297	     2.55930e+00	
      1102.070	     2.59968e+00	
      1103.222	     2.66100e+00	
      1103.982	     2.70216e+00	
      1104.374	     2.72360e+00	
      1106.679	     2.85277e+00	
      1109.376	     3.01077e+00	
      1109.769	     3.03462e+00	
      1112.073	     3.17826e+00	
      1114.378	     3.32795e+00	
      1116.683	     3.48399e+00	
      1118.596	     3.61842e+00	
      1118.684	     3.62474e+00	
      1118.988	     3.64657e+00	
      1119.380	     3.67491e+00	
      1120.076	     3.72568e+00	
      1121.469	     3.82916e+00	
      1123.778	     4.00641e+00	
      1124.254	     4.04373e+00	
      1124.730	     4.08118e+00	
      1125.682	     4.15702e+00	
      1125.790	     4.16569e+00	
      1127.075	     4.27015e+00	
      1127.587	     4.31246e+00	
      1127.845	     4.33392e+00	
      1129.384	     4.46379e+00	
      1131.692	     4.66514e+00	
      1135.540	     5.01847e+00	
      1139.387	     5.39468e+00	
      1142.080	     5.67177e+00	
      1143.234	     5.79429e+00	
      1144.004	     5.87704e+00	
      1144.388	     5.91860e+00	
      1146.697	     6.17248e+00	
      1149.390	     6.47771e+00	
      1154.391	     7.05878e+00	
      1159.393	     7.64136e+00	
      1161.893	     7.92398e+00	
      1164.394	     8.19400e+00	
      1166.895	     8.45192e+00	
      1169.395	     8.69451e+00	
      1171.896	     8.92680e+00	
      1173.146	     9.04826e+00	
      1174.397	     9.18181e+00	
      1175.647	     9.33521e+00	
      1176.897	     9.50746e+00	
      1177.860	     9.65298e+00	
      1178.148	     9.69850e+00	
      1179.398	     9.90554e+00	
      1180.936	     1.01797e+01	
      1182.475	     1.04728e+01	
      1182.858	     1.05474e+01	
      1184.013	     1.07766e+01	
      1185.168	     1.10101e+01	
      1185.558	     1.10894e+01	
      1187.479	     1.14846e+01	
      1189.400	     1.18885e+01	
      1192.085	     1.24754e+01	
      1193.243	     1.27393e+01	
      1194.034	     1.29221e+01	
      1194.402	     1.30080e+01	
      1196.718	     1.35581e+01	
      1196.902	     1.36024e+01	
      1199.403	     1.42169e+01	
      1201.903	     1.48683e+01	
      1203.153	     1.52178e+01	
      1204.404	     1.55870e+01	
      1205.654	     1.59757e+01	
      1206.904	     1.63864e+01	
      1208.155	     1.68150e+01	
      1208.485	     1.69327e+01	
      1209.405	     1.72614e+01	
      1210.325	     1.76039e+01	
      1211.639	     1.80962e+01	
      1212.165	     1.82865e+01	
      1212.691	     1.84664e+01	
      1213.613	     1.87581e+01	
      1213.744	     1.87988e+01	
      1213.807	     1.88183e+01	
      1213.875	     1.88395e+01	
      1214.137	     1.89211e+01	
      1214.171	     1.89317e+01	
      1214.467	     1.90243e+01	
      1214.615	     1.90708e+01	
      1214.763	     1.91174e+01	
      1214.837	     1.91407e+01	
      1214.911	     1.91640e+01	
      1214.948	     1.91757e+01	
      1214.985	     1.91874e+01	
      1215.004	     1.91934e+01	
      1215.022	     1.91991e+01	
      1215.040	     1.92048e+01	
      1215.059	     1.92108e+01	
      1215.077	     1.92165e+01	
      1215.095	     1.92222e+01	
      1215.114	     1.92282e+01	
      1215.132	     1.92339e+01	
      1215.169	     1.92456e+01	
      1215.243	     1.92691e+01	
      1215.391	     1.93161e+01	
      1215.637	     1.93944e+01	
      1215.687	     1.94104e+01	
      1215.737	     1.94264e+01	
      1215.795	     1.94449e+01	
      1215.837	     1.94583e+01	
      1216.037	     1.95224e+01	
      1216.064	     1.95311e+01	
      1216.279	     1.96002e+01	
      1216.763	     1.97566e+01	
      1217.462	     1.99806e+01	
      1218.315	     2.02254e+01	
      1218.861	     2.03592e+01	
      1218.985	     2.03854e+01	
      1219.407	     2.04752e+01	
      1219.829	     2.05558e+01	
      1220.104	     2.06047e+01	
      1220.673	     2.07104e+01	
      1221.233	     2.08105e+01	
      1222.361	     2.10321e+01	
      1223.490	     2.12867e+01	
      1224.569	     2.15583e+01	
      1224.619	     2.15717e+01	
      1224.669	     2.15850e+01	
      1224.769	     2.16121e+01	
      1224.969	     2.16680e+01	
      1225.369	     2.17804e+01	
      1226.130	     2.19982e+01	
      1226.169	     2.20098e+01	
      1227.769	     2.25080e+01	
      1228.639	     2.27936e+01	
      1229.409	     2.30568e+01	
      1230.178	     2.33283e+01	
      1231.716	     2.38910e+01	
      1234.744	     2.50518e+01	
      1234.790	     2.50700e+01	
      1234.792	     2.50708e+01	
      1234.794	     2.50715e+01	
      1234.844	     2.50913e+01	
      1234.945	     2.51310e+01	
      1235.145	     2.52104e+01	
      1235.545	     2.53703e+01	
      1236.345	     2.56937e+01	
      1236.480	     2.57486e+01	
      1237.945	     2.63527e+01	
      1239.410	     2.69710e+01	
      1240.270	     2.73403e+01	
      1242.341	     2.82511e+01	
      1244.411	     2.91882e+01	
      1247.692	     3.07273e+01	
      1247.852	     3.08041e+01	
      1248.552	     3.11420e+01	
      1249.412	     3.15614e+01	
      1251.132	     3.24150e+01	
      1251.912	     3.28092e+01	
      1254.413	     3.41029e+01	
      1256.913	     3.54472e+01	
      1259.413	     3.68499e+01	
      1261.914	     3.83215e+01	
      1264.414	     3.98728e+01	
      1266.914	     4.15089e+01	
      1269.415	     4.32437e+01	
      1271.915	     4.50863e+01	
      1274.415	     4.70073e+01	
      1276.915	     4.89953e+01	
      1279.416	     5.10578e+01	
      1284.416	     5.53062e+01	
      1289.417	     5.97977e+01	
      1294.417	     6.44680e+01	
      1296.918	     6.69184e+01	
      1299.418	     6.94399e+01	
      1301.918	     7.20619e+01	
      1304.418	     7.47866e+01	
      1309.419	     8.04380e+01	
      1314.419	     8.63096e+01	
      1319.420	     9.25601e+01	
      1321.920	     9.58516e+01	
      1324.420	     9.92646e+01	
      1326.920	     1.02832e+02	
      1329.420	     1.06503e+02	
      1334.421	     1.14023e+02	
      1339.421	     1.21890e+02	
      1341.921	     1.25961e+02	
      1344.421	     1.30158e+02	
      1346.921	     1.34569e+02	
      1349.421	     1.39126e+02	
      1354.422	     1.48714e+02	
      1359.422	     1.58890e+02	
      1364.422	     1.69316e+02	
      1365.191	     1.70956e+02	
      1369.422	     1.80226e+02	
      1373.653	     1.89938e+02	
      1376.346	     1.96408e+02	
      1377.884	     2.00194e+02	
      1379.422	     2.04090e+02	
      1380.574	     2.07051e+02	
      1382.499	     2.12079e+02	
      1384.423	     2.17239e+02	
      1387.119	     2.24651e+02	
      1388.271	     2.27885e+02	
      1389.031	     2.30041e+02	
      1389.423	     2.31160e+02	
      1391.727	     2.37835e+02	
      1394.423	     2.45794e+02	
      1399.423	     2.60935e+02	
      1404.423	     2.76737e+02	
      1409.423	     2.93387e+02	
      1414.423	     3.11120e+02	
      1419.423	     3.29883e+02	
      1424.423	     3.49527e+02	
      1429.423	     3.70098e+02	
      1434.423	     3.91301e+02	
      1439.423	     4.13402e+02	
      1444.422	     4.36543e+02	
      1449.422	     4.61324e+02	
      1454.422	     4.87669e+02	
      1459.422	     5.15322e+02	
      1464.422	     5.44567e+02	
      1465.960	     5.53910e+02	
      1469.422	     5.75153e+02	
      1472.884	     5.96582e+02	
      1473.268	     5.98916e+02	
      1474.422	     6.05972e+02	
      1476.345	     6.17882e+02	
      1479.421	     6.37266e+02	
      1484.421	     6.69835e+02	
      1489.421	     7.03789e+02	
      1494.421	     7.38680e+02	
      1499.420	     7.75606e+02	
      1504.420	     8.15730e+02	
      1509.420	     8.58732e+02	
      1514.420	     9.04194e+02	
      1519.419	     9.51921e+02	
      1524.419	     1.00253e+03	
      1529.419	     1.05580e+03	
      1534.418	     1.11013e+03	
      1539.418	     1.16427e+03	
      1544.418	     1.21855e+03	
      1549.417	     1.27305e+03	
      1554.417	     1.32754e+03	
      1559.417	     1.38222e+03	
      1564.416	     1.43851e+03	
      1566.724	     1.46560e+03	
      1569.416	     1.49841e+03	
      1570.186	     1.50801e+03	
      1572.107	     1.53221e+03	
      1574.415	     1.56217e+03	
      1574.800	     1.56722e+03	
      1579.415	     1.62946e+03	
      1584.414	     1.69955e+03	
      1589.414	     1.77218e+03	
      1594.413	     1.84842e+03	
      1599.413	     1.93001e+03	
      1604.413	     2.01554e+03	
      1609.412	     2.10879e+03	
      1614.412	     2.20960e+03	
      1619.411	     2.31918e+03	
      1624.410	     2.43923e+03	
      1629.410	     2.56990e+03	
      1634.409	     2.71053e+03	
      1639.409	     2.85901e+03	
      1644.408	     3.00983e+03	
      1649.408	     3.15934e+03	
      1654.407	     3.30621e+03	
      1659.407	     3.45186e+03	
      1664.406	     3.59700e+03	
      1665.560	     3.63112e+03	
      1669.405	     3.74465e+03	
      1670.174	     3.76759e+03	
      1673.251	     3.86011e+03	
      1674.405	     3.89495e+03	
      1676.328	     3.95398e+03	
      1679.404	     4.05027e+03	
      1684.404	     4.21250e+03	
      1689.403	     4.37998e+03	
      1694.402	     4.55600e+03	
      1699.402	     4.73928e+03	
      1704.401	     4.92891e+03	
      1709.400	     5.12501e+03	
      1714.400	     5.32940e+03	
      1719.399	     5.54076e+03	
      1724.398	     5.76017e+03	
      1729.398	     5.98671e+03	
      1734.397	     6.21973e+03	
      1739.396	     6.45883e+03	
      1744.396	     6.70428e+03	
      1749.395	     6.95319e+03	
      1754.394	     7.20974e+03	
      1759.393	     7.47256e+03	
      1764.393	     7.74311e+03	
      1767.084	     7.89215e+03	
      1767.854	     7.93522e+03	
      1769.392	     8.02184e+03	
      1771.700	     8.15328e+03	
      1774.391	     8.30967e+03	
      1775.545	     8.37750e+03	
      1779.391	     8.60668e+03	
      1784.390	     8.91474e+03	
      1789.389	     9.23355e+03	
      1794.388	     9.55974e+03	
      1799.387	     9.89561e+03	
      1809.386	     1.05902e+04	
      1819.384	     1.13240e+04	
      1823.999	     1.16750e+04	
      1829.383	     1.20955e+04	
      1834.767	     1.25284e+04	
      1845.535	     1.34264e+04	
      1856.303	     1.43811e+04	
      1863.998	     1.50947e+04	
      1867.072	     1.53865e+04	
      1870.145	     1.56830e+04	
      1876.292	     1.62969e+04	
      1882.439	     1.69295e+04	
      1888.586	     1.75823e+04	
      1900.880	     1.89493e+04	
      1906.980	     1.96588e+04	
      1913.174	     2.04012e+04	
      1919.368	     2.11658e+04	
      1925.561	     2.19426e+04	
      1931.755	     2.27448e+04	
      1937.949	     2.35912e+04	
      1944.143	     2.44393e+04	
      1944.472	     2.44849e+04	
      1956.531	     2.62375e+04	
      1968.590	     2.80513e+04	
      1980.648	     2.99587e+04	
      1992.707	     3.19632e+04	
      2004.766	     3.40699e+04	
      2015.838	     3.60966e+04	
      2016.825	     3.62816e+04	
      2017.811	     3.64673e+04	
      2019.785	     3.68424e+04	
      2023.732	     3.76080e+04	
      2031.627	     3.91675e+04	
      2047.416	     4.23989e+04	
      2059.377	     4.49772e+04	
      2063.205	     4.58267e+04	
      2067.032	     4.66885e+04	
      2074.686	     4.84578e+04	
      2089.995	     5.21498e+04	
      2094.355	     5.32387e+04	
      2105.304	     5.60470e+04	
      2116.253	     5.89668e+04	
      2127.202	     6.20075e+04	
      2132.725	     6.35943e+04	
      2138.151	     6.51887e+04	
      2149.099	     6.84701e+04	
      2165.474	     7.36034e+04	
      2181.848	     7.90038e+04	
      2198.223	     8.46838e+04	
      2214.501	     9.06249e+04	
      2214.598	     9.06613e+04	
      2214.695	     9.06978e+04	
      2214.741	     9.07147e+04	
      2214.888	     9.07700e+04	
      2215.276	     9.09145e+04	
      2216.052	     9.12042e+04	
      2217.604	     9.17857e+04	
      2220.707	     9.29337e+04	
      2226.914	     9.52528e+04	
      2239.327	     1.00012e+05	
      2251.621	     1.04837e+05	
      2263.914	     1.09792e+05	
      2276.207	     1.15075e+05	
      2288.501	     1.20491e+05	
      2300.794	     1.26065e+05	
      2312.946	     1.31897e+05	
      2313.040	     1.31943e+05	
      2313.087	     1.31966e+05	
      2313.134	     1.31989e+05	
      2313.322	     1.32079e+05	
      2313.697	     1.32259e+05	
      2314.449	     1.32620e+05	
      2315.951	     1.33343e+05	
      2318.955	     1.34798e+05	
      2324.964	     1.37740e+05	
      2336.980	     1.43895e+05	
      2348.996	     1.50424e+05	
      2359.673	     1.56420e+05	
      2361.014	     1.57187e+05	
      2362.354	     1.57989e+05	
      2365.036	     1.59616e+05	
      2370.399	     1.62919e+05	
      2381.125	     1.69734e+05	
      2391.852	     1.76831e+05	
      2395.881	     1.79732e+05	
      2402.577	     1.84696e+05	
      2409.274	     1.89823e+05	
      2415.970	     1.95129e+05	
      2422.667	     2.00624e+05	
      2429.363	     2.06683e+05	
      2436.060	     2.13041e+05	
      2442.710	     2.19639e+05	
      2442.756	     2.19685e+05	
      2449.452	     2.26608e+05	
      2451.595	     2.28886e+05	
      2456.194	     2.33923e+05	
      2460.793	     2.39617e+05	
      2465.392	     2.45399e+05	
      2474.590	     2.57596e+05	
      2483.788	     2.70694e+05	
      2492.986	     2.84828e+05	
      2494.354	     2.87049e+05	
      2502.184	     3.00267e+05	
      2510.013	     3.13766e+05	
      2513.928	     3.20392e+05	
      2517.842	     3.26060e+05	
      2521.757	     3.30964e+05	
      2525.671	     3.36628e+05	
      2529.586	     3.43819e+05	
      2533.500	     3.51136e+05	
      2541.329	     3.66134e+05	
      2549.159	     3.81666e+05	
      2554.743	     3.92994e+05	
      2556.988	     3.97616e+05	
      2559.232	     4.02278e+05	
      2563.721	     4.12453e+05	
      2568.210	     4.22927e+05	
      2577.188	     4.44639e+05	
      2586.166	     4.67280e+05	
      2595.144	     4.90754e+05	
      2604.122	     5.15180e+05	
      2613.100	     5.40439e+05	
      2622.077	     5.66467e+05	
      2631.055	     5.93337e+05	
      2640.033	     6.21131e+05	
      2640.352	     6.22133e+05	
      2649.011	     6.49754e+05	
      2657.670	     6.78091e+05	
      2666.329	     7.03396e+05	
      2674.988	     7.28959e+05	
      2692.306	     7.80742e+05	
      2697.774	     7.97283e+05	
      2726.941	     8.86934e+05	
      2741.525	     9.32572e+05	
      2756.108	     9.78785e+05	
      2770.692	     1.02767e+06	
      2785.275	     1.07730e+06	
      2799.859	     1.12764e+06	
      2803.505	     1.14034e+06	
      2829.026	     1.23045e+06	
      2841.785	     1.27643e+06	
      2854.546	     1.32303e+06	
      2867.307	     1.37420e+06	
      2880.067	     1.42641e+06	
      2892.828	     1.47959e+06	
      2905.588	     1.53372e+06	
      2918.349	     1.58883e+06	
      2934.755	     1.66125e+06	
      2943.869	     1.70221e+06	
      2952.983	     1.74364e+06	
      2963.916	     1.79116e+06	
      2971.212	     1.82317e+06	
      3007.669	     1.98666e+06	
      3029.544	     2.08765e+06	
      3040.482	     2.13898e+06	
      3051.421	     2.19085e+06	
      3062.359	     2.25042e+06	
      3073.297	     2.31088e+06	
      3084.234	     2.37213e+06	
      3095.173	     2.43417e+06	
      3106.111	     2.49703e+06	
      3106.117	     2.49706e+06	
      3127.986	     2.62538e+06	
      3138.922	     2.69064e+06	
      3149.857	     2.75662e+06	
      3160.792	     2.83040e+06	
      3171.727	     2.90508e+06	
      3182.663	     2.98065e+06	
      3193.597	     3.05712e+06	
      3204.511	     3.13430e+06	
      3204.532	     3.13445e+06	
      3226.403	     3.29160e+06	
      3237.349	     3.37153e+06	
      3242.821	     3.41177e+06	
      3248.294	     3.45220e+06	
      3253.767	     3.48148e+06	
      3259.239	     3.51079e+06	
      3264.713	     3.54014e+06	
      3270.185	     3.56954e+06	
      3275.658	     3.59901e+06	
      3281.131	     3.62854e+06	
      3286.604	     3.65810e+06	
      3292.077	     3.68773e+06	
      3303.022	     3.74710e+06	
      3303.097	     3.74751e+06	
      3324.914	     3.86639e+06	
      3335.559	     3.92460e+06	
      3346.730	     3.98583e+06	
      3390.363	     4.23088e+06	
      3445.167	     4.54080e+06	
      3456.339	     4.60334e+06	
      3495.922	     4.82498e+06	
      3499.971	     4.84767e+06	
      3543.602	     5.09161e+06	
      3591.283	     5.35579e+06	
      3635.884	     5.60102e+06	
      3638.963	     5.61795e+06	
      3642.042	     5.63517e+06	
      3643.122	     5.64117e+06	
      3645.121	     5.65229e+06	
      3645.281	     5.65317e+06	
      3647.121	     5.66341e+06	
      3648.960	     5.67365e+06	
      3651.320	     5.68675e+06	
      3652.639	     5.69411e+06	
      3653.959	     5.70143e+06	
      3654.239	     5.70296e+06	
      3656.598	     5.71603e+06	
      3658.958	     5.72910e+06	
      3663.397	     5.75358e+06	
      3663.676	     5.75511e+06	
      3663.956	     5.75665e+06	
      3664.516	     5.75973e+06	
      3665.636	     5.76592e+06	
      3666.796	     5.77230e+06	
      3667.875	     5.77824e+06	
      3668.275	     5.78040e+06	
      3668.955	     5.78414e+06	
      3671.115	     5.79599e+06	
      3673.954	     5.81154e+06	
      3675.202	     5.81839e+06	
      3678.952	     5.83884e+06	
      3682.583	     5.85860e+06	
      3682.703	     5.85926e+06	
      3682.822	     5.85992e+06	
      3683.062	     5.86121e+06	
      3683.178	     5.86183e+06	
      3683.542	     5.86381e+06	
      3684.502	     5.86903e+06	
      3684.819	     5.87076e+06	
      3685.826	     5.87622e+06	
      3686.832	     5.88169e+06	
      3688.742	     5.89203e+06	
      3688.846	     5.89259e+06	
      3688.939	     5.89309e+06	
      3688.950	     5.89316e+06	
      3689.158	     5.89429e+06	
      3689.377	     5.89545e+06	
      3689.730	     5.89737e+06	
      3689.815	     5.89784e+06	
      3689.900	     5.89828e+06	
      3690.070	     5.89922e+06	
      3690.410	     5.90104e+06	
      3690.624	     5.90220e+06	
      3691.089	     5.90472e+06	
      3691.469	     5.90676e+06	
      3691.554	     5.90723e+06	
      3691.700	     5.90802e+06	
      3692.484	     5.91226e+06	
      3693.499	     5.91772e+06	
      3694.397	     5.92259e+06	
      3695.297	     5.92743e+06	
      3695.808	     5.93016e+06	
      3696.197	     5.93227e+06	
      3696.525	     5.93403e+06	
      3696.586	     5.93437e+06	
      3696.647	     5.93469e+06	
      3696.666	     5.93478e+06	
      3696.759	     5.93529e+06	
      3696.769	     5.93535e+06	
      3696.872	     5.93591e+06	
      3696.929	     5.93623e+06	
      3696.985	     5.93651e+06	
      3697.041	     5.93682e+06	
      3697.097	     5.93711e+06	
      3697.153	     5.93742e+06	
      3697.209	     5.93770e+06	
      3697.265	     5.93802e+06	
      3697.322	     5.93833e+06	
      3697.347	     5.93846e+06	
      3697.405	     5.93877e+06	
      3697.434	     5.93893e+06	
      3697.463	     5.93909e+06	
      3697.499	     5.93928e+06	
      3697.529	     5.93943e+06	
      3697.579	     5.93971e+06	
      3697.659	     5.94015e+06	
      3697.819	     5.94100e+06	
      3698.109	     5.94257e+06	
      3698.429	     5.94427e+06	
      3698.688	     5.94568e+06	
      3698.886	     5.94675e+06	
      3698.947	     5.94707e+06	
      3699.008	     5.94738e+06	
      3699.130	     5.94804e+06	
      3699.374	     5.94936e+06	
      3699.533	     5.95021e+06	
      3699.862	     5.95197e+06	
      3699.879	     5.95206e+06	
      3700.191	     5.95376e+06	
      3700.198	     5.95379e+06	
      3700.503	     5.95542e+06	
      3700.808	     5.95706e+06	
      3700.842	     5.95725e+06	
      3701.092	     5.95856e+06	
      3701.418	     5.96032e+06	
      3701.994	     5.96340e+06	
      3702.444	     5.96582e+06	
      3702.895	     5.96824e+06	
      3703.121	     5.96947e+06	
      3703.346	     5.97066e+06	
      3703.458	     5.97126e+06	
      3703.571	     5.97185e+06	
      3703.628	     5.97217e+06	
      3703.684	     5.97248e+06	
      3703.740	     5.97276e+06	
      3703.797	     5.97308e+06	
      3703.853	     5.97336e+06	
      3703.909	     5.97368e+06	
      3703.966	     5.97399e+06	
      3704.022	     5.97427e+06	
      3704.085	     5.97462e+06	
      3704.134	     5.97487e+06	
      3704.185	     5.97515e+06	
      3704.210	     5.97528e+06	
      3704.222	     5.97534e+06	
      3704.285	     5.97569e+06	
      3704.314	     5.97584e+06	
      3704.360	     5.97609e+06	
      3704.406	     5.97635e+06	
      3704.491	     5.97679e+06	
      3704.567	     5.97719e+06	
      3704.590	     5.97732e+06	
      3704.689	     5.97785e+06	
      3704.811	     5.97851e+06	
      3705.055	     5.97980e+06	
      3705.373	     5.98150e+06	
      3705.543	     5.98241e+06	
      3705.713	     5.98332e+06	
      3706.052	     5.98514e+06	
      3706.073	     5.98524e+06	
      3706.732	     5.98876e+06	
      3707.267	     5.99161e+06	
      3707.391	     5.99227e+06	
      3707.515	     5.99293e+06	
      3707.614	     5.99347e+06	
      3707.763	     5.99428e+06	
      3707.912	     5.99507e+06	
      3708.118	     5.99617e+06	
      3708.210	     5.99664e+06	
      3708.302	     5.99714e+06	
      3708.486	     5.99812e+06	
      3708.763	     5.99959e+06	
      3708.854	     6.00010e+06	
      3708.873	     6.00019e+06	
      3708.945	     6.00057e+06	
      3709.127	     6.00154e+06	
      3709.206	     6.00198e+06	
      3709.491	     6.00349e+06	
      3710.108	     6.00679e+06	
      3710.902	     6.01100e+06	
      3711.011	     6.01159e+06	
      3711.120	     6.01216e+06	
      3711.213	     6.01266e+06	
      3711.323	     6.01326e+06	
      3711.338	     6.01332e+06	
      3711.463	     6.01398e+06	
      3711.517	     6.01426e+06	
      3711.576	     6.01458e+06	
      3711.603	     6.01474e+06	
      3711.689	     6.01518e+06	
      3711.746	     6.01549e+06	
      3711.802	     6.01580e+06	
      3711.858	     6.01609e+06	
      3711.915	     6.01640e+06	
      3711.971	     6.01668e+06	
      3712.027	     6.01700e+06	
      3712.084	     6.01728e+06	
      3712.140	     6.01760e+06	
      3712.203	     6.01791e+06	
      3712.252	     6.01819e+06	
      3712.303	     6.01844e+06	
      3712.327	     6.01860e+06	
      3712.331	     6.01860e+06	
      3712.403	     6.01898e+06	
      3712.479	     6.01939e+06	
      3712.631	     6.02020e+06	
      3712.931	     6.02180e+06	
      3713.228	     6.02338e+06	
      3713.531	     6.02498e+06	
      3713.833	     6.02658e+06	
      3714.242	     6.02878e+06	
      3714.420	     6.02972e+06	
      3714.439	     6.02982e+06	
      3714.636	     6.03085e+06	
      3715.030	     6.03296e+06	
      3715.640	     6.03619e+06	
      3716.765	     6.04216e+06	
      3716.790	     6.04229e+06	
      3716.860	     6.04266e+06	
      3716.955	     6.04317e+06	
      3717.145	     6.04417e+06	
      3717.524	     6.04618e+06	
      3718.189	     6.04973e+06	
      3718.259	     6.05011e+06	
      3718.329	     6.05046e+06	
      3718.469	     6.05121e+06	
      3718.556	     6.05168e+06	
      3718.631	     6.05206e+06	
      3718.734	     6.05262e+06	
      3718.749	     6.05269e+06	
      3718.942	     6.05372e+06	
      3719.253	     6.05539e+06	
      3719.474	     6.05655e+06	
      3719.772	     6.05812e+06	
      3720.070	     6.05969e+06	
      3720.356	     6.06104e+06	
      3720.523	     6.06183e+06	
      3720.666	     6.06252e+06	
      3720.976	     6.06396e+06	
      3721.202	     6.06497e+06	
      3721.428	     6.06598e+06	
      3721.542	     6.06648e+06	
      3721.655	     6.06698e+06	
      3721.711	     6.06723e+06	
      3721.768	     6.06748e+06	
      3721.825	     6.06773e+06	
      3721.881	     6.06799e+06	
      3721.938	     6.06821e+06	
      3721.995	     6.06849e+06	
      3722.051	     6.06871e+06	
      3722.108	     6.06899e+06	
      3722.221	     6.06946e+06	
      3722.398	     6.07025e+06	
      3722.447	     6.07047e+06	
      3722.498	     6.07069e+06	
      3722.598	     6.07116e+06	
      3722.695	     6.07157e+06	
      3722.798	     6.07204e+06	
      3722.901	     6.07248e+06	
      3723.107	     6.07339e+06	
      3723.231	     6.07392e+06	
      3723.519	     6.07521e+06	
      3723.807	     6.07647e+06	
      3724.383	     6.07901e+06	
      3725.451	     6.08373e+06	
      3725.534	     6.08410e+06	
      3725.617	     6.08445e+06	
      3725.751	     6.08505e+06	
      3725.783	     6.08520e+06	
      3725.916	     6.08577e+06	
      3725.931	     6.08583e+06	
      3726.115	     6.08665e+06	
      3726.479	     6.08825e+06	
      3727.042	     6.09073e+06	
      3727.366	     6.09215e+06	
      3728.153	     6.09560e+06	
      3728.639	     6.09774e+06	
      3728.940	     6.09906e+06	
      3729.009	     6.09937e+06	
      3729.240	     6.10038e+06	
      3729.842	     6.10305e+06	
      3730.676	     6.10669e+06	
      3732.194	     6.11335e+06	
      3732.344	     6.11401e+06	
      3732.494	     6.11467e+06	
      3732.794	     6.11596e+06	
      3733.352	     6.11841e+06	
      3733.384	     6.11857e+06	
      3733.393	     6.11860e+06	
      3733.402	     6.11863e+06	
      3733.452	     6.11885e+06	
      3733.552	     6.11929e+06	
      3733.648	     6.11970e+06	
      3733.752	     6.12017e+06	
      3733.856	     6.12061e+06	
      3734.004	     6.12127e+06	
      3734.044	     6.12142e+06	
      3734.064	     6.12152e+06	
      3734.084	     6.12161e+06	
      3734.131	     6.12183e+06	
      3734.140	     6.12186e+06	
      3734.164	     6.12196e+06	
      3734.197	     6.12212e+06	
      3734.254	     6.12234e+06	
      3734.311	     6.12259e+06	
      3734.368	     6.12284e+06	
      3734.425	     6.12309e+06	
      3734.482	     6.12334e+06	
      3734.539	     6.12359e+06	
      3734.652	     6.12410e+06	
      3734.829	     6.12488e+06	
      3734.878	     6.12510e+06	
      3734.929	     6.12532e+06	
      3735.029	     6.12576e+06	
      3735.124	     6.12617e+06	
      3735.173	     6.12639e+06	
      3735.229	     6.12664e+06	
      3735.334	     6.12708e+06	
      3735.391	     6.12733e+06	
      3735.495	     6.12780e+06	
      3735.817	     6.12918e+06	
      3736.000	     6.13000e+06	
      3736.243	     6.13107e+06	
      3736.486	     6.13211e+06	
      3736.971	     6.13424e+06	
      3737.826	     6.13798e+06	
      3737.943	     6.13848e+06	
      3738.060	     6.13899e+06	
      3738.294	     6.14002e+06	
      3738.587	     6.14128e+06	
      3738.762	     6.14203e+06	
      3738.937	     6.14282e+06	
      3739.287	     6.14433e+06	
      3739.498	     6.14527e+06	
      3739.987	     6.14737e+06	
      3740.476	     6.14951e+06	
      3741.212	     6.15271e+06	
      3741.453	     6.15375e+06	
      3741.694	     6.15482e+06	
      3742.092	     6.15655e+06	
      3742.176	     6.15689e+06	
      3742.260	     6.15727e+06	
      3742.428	     6.15799e+06	
      3742.671	     6.15906e+06	
      3742.733	     6.15934e+06	
      3742.764	     6.15947e+06	
      3742.795	     6.15960e+06	
      3742.864	     6.15991e+06	
      3742.919	     6.16013e+06	
      3743.167	     6.16120e+06	
      3743.663	     6.16336e+06	
      3744.620	     6.16751e+06	
      3744.654	     6.16767e+06	
      3746.445	     6.17543e+06	
      3747.605	     6.18046e+06	
      3748.269	     6.18335e+06	
      3748.844	     6.18583e+06	
      3748.904	     6.18608e+06	
      3748.934	     6.18620e+06	
      3748.964	     6.18633e+06	
      3748.986	     6.18642e+06	
      3749.084	     6.18686e+06	
      3749.118	     6.18699e+06	
      3749.182	     6.18727e+06	
      3749.378	     6.18812e+06	
      3749.409	     6.18825e+06	
      3749.638	     6.18925e+06	
      3749.753	     6.18972e+06	
      3749.867	     6.19023e+06	
      3749.924	     6.19048e+06	
      3749.981	     6.19070e+06	
      3750.038	     6.19095e+06	
      3750.095	     6.19120e+06	
      3750.152	     6.19142e+06	
      3750.209	     6.19167e+06	
      3750.266	     6.19192e+06	
      3750.323	     6.19217e+06	
      3750.437	     6.19268e+06	
      3750.616	     6.19346e+06	
      3750.665	     6.19368e+06	
      3750.716	     6.19390e+06	
      3750.816	     6.19434e+06	
      3750.910	     6.19475e+06	
      3751.016	     6.19519e+06	
      3751.122	     6.19566e+06	
      3751.334	     6.19657e+06	
      3751.481	     6.19720e+06	
      3751.758	     6.19839e+06	
      3752.035	     6.19959e+06	
      3752.588	     6.20198e+06	
      3753.533	     6.20606e+06	
      3753.696	     6.20675e+06	
      3753.782	     6.20713e+06	
      3753.859	     6.20744e+06	
      3754.185	     6.20886e+06	
      3754.274	     6.20923e+06	
      3754.837	     6.21165e+06	
      3755.892	     6.21621e+06	
      3756.086	     6.21705e+06	
      3757.473	     6.22299e+06	
      3757.509	     6.22315e+06	
      3757.548	     6.22331e+06	
      3758.932	     6.22924e+06	
      3760.390	     6.23550e+06	
      3761.656	     6.24093e+06	
      3762.717	     6.24545e+06	
      3763.233	     6.24769e+06	
      3764.809	     6.25441e+06	
      3765.066	     6.25551e+06	
      3766.902	     6.26333e+06	
      3768.545	     6.27034e+06	
      3768.737	     6.27115e+06	
      3768.929	     6.27197e+06	
      3768.971	     6.27213e+06	
      3769.196	     6.27310e+06	
      3769.313	     6.27360e+06	
      3769.655	     6.27505e+06	
      3769.885	     6.27602e+06	
      3770.114	     6.27696e+06	
      3770.228	     6.27747e+06	
      3770.343	     6.27794e+06	
      3770.401	     6.27819e+06	
      3770.458	     6.27841e+06	
      3770.515	     6.27863e+06	
      3770.573	     6.27888e+06	
      3770.630	     6.27910e+06	
      3770.687	     6.27935e+06	
      3770.745	     6.27960e+06	
      3770.802	     6.27986e+06	
      3770.867	     6.28017e+06	
      3770.916	     6.28036e+06	
      3770.967	     6.28058e+06	
      3770.988	     6.28067e+06	
      3771.003	     6.28073e+06	
      3771.067	     6.28102e+06	
      3771.146	     6.28136e+06	
      3771.304	     6.28202e+06	
      3771.604	     6.28331e+06	
      3771.890	     6.28454e+06	
      3771.951	     6.28479e+06	
      3772.206	     6.28589e+06	
      3772.522	     6.28721e+06	
      3773.154	     6.28991e+06	
      3774.357	     6.29500e+06	
      3775.497	     6.29980e+06	
      3776.762	     6.30518e+06	
      3777.127	     6.30672e+06	
      3778.027	     6.31052e+06	
      3778.399	     6.31209e+06	
      3778.927	     6.31429e+06	
      3780.726	     6.32189e+06	
      3781.844	     6.32657e+06	
      3783.053	     6.33166e+06	
      3783.159	     6.33213e+06	
      3784.263	     6.33675e+06	
      3785.367	     6.34140e+06	
      3786.225	     6.34498e+06	
      3787.401	     6.34991e+06	
      3787.574	     6.35064e+06	
      3788.924	     6.35629e+06	
      3790.447	     6.36264e+06	
      3792.841	     6.37263e+06	
      3793.492	     6.37533e+06	
      3794.143	     6.37803e+06	
      3794.897	     6.38117e+06	
      3795.066	     6.38189e+06	
      3795.444	     6.38346e+06	
      3795.991	     6.38573e+06	
      3796.454	     6.38764e+06	
      3796.916	     6.38956e+06	
      3797.147	     6.39050e+06	
      3797.378	     6.39144e+06	
      3797.494	     6.39192e+06	
      3797.609	     6.39239e+06	
      3797.666	     6.39261e+06	
      3797.724	     6.39283e+06	
      3797.782	     6.39305e+06	
      3797.840	     6.39327e+06	
      3797.898	     6.39349e+06	
      3797.956	     6.39374e+06	
      3798.014	     6.39399e+06	
      3798.072	     6.39427e+06	
      3798.187	     6.39477e+06	
      3798.367	     6.39556e+06	
      3798.416	     6.39575e+06	
      3798.467	     6.39597e+06	
      3798.567	     6.39638e+06	
      3798.655	     6.39675e+06	
      3798.753	     6.39716e+06	
      3798.767	     6.39723e+06	
      3798.837	     6.39751e+06	
      3798.879	     6.39770e+06	
      3798.921	     6.39788e+06	
      3799.046	     6.39839e+06	
      3799.089	     6.39858e+06	
      3799.425	     6.39996e+06	
      3799.471	     6.40015e+06	
      3799.804	     6.40153e+06	
      3800.562	     6.40467e+06	
      3801.653	     6.40919e+06	
      3802.319	     6.41196e+06	
      3803.834	     6.41821e+06	
      3805.349	     6.42446e+06	
      3807.837	     6.43470e+06	
      3808.378	     6.43690e+06	
      3808.919	     6.43913e+06	
      3810.000	     6.44356e+06	
      3811.586	     6.45007e+06	
      3812.164	     6.45245e+06	
      3812.742	     6.45481e+06	
      3813.897	     6.45952e+06	
      3815.777	     6.46722e+06	
      3816.093	     6.46851e+06	
      3816.209	     6.46898e+06	
      3816.641	     6.47074e+06	
      3817.439	     6.47407e+06	
      3817.504	     6.47435e+06	
      3818.916	     6.48026e+06	
      3820.393	     6.48651e+06	
      3822.566	     6.49571e+06	
      3823.346	     6.49901e+06	
      3823.512	     6.49974e+06	
      3824.126	     6.50231e+06	
      3825.685	     6.50891e+06	
      3826.804	     6.51362e+06	
      3827.859	     6.51805e+06	
      3828.914	     6.52248e+06	
      3830.454	     6.52895e+06	
      3831.023	     6.53134e+06	
      3831.592	     6.53373e+06	
      3832.001	     6.53546e+06	
      3832.525	     6.53762e+06	
      3832.730	     6.53850e+06	
      3833.458	     6.54152e+06	
      3833.925	     6.54347e+06	
      3834.392	     6.54541e+06	
      3834.626	     6.54636e+06	
      3834.859	     6.54730e+06	
      3834.975	     6.54777e+06	
      3835.092	     6.54821e+06	
      3835.151	     6.54843e+06	
      3835.209	     6.54865e+06	
      3835.267	     6.54884e+06	
      3835.326	     6.54903e+06	
      3835.384	     6.54928e+06	
      3835.442	     6.54953e+06	
      3835.501	     6.54981e+06	
      3835.559	     6.55010e+06	
      3835.626	     6.55041e+06	
      3835.675	     6.55066e+06	
      3835.726	     6.55088e+06	
      3835.743	     6.55094e+06	
      3835.774	     6.55110e+06	
      3835.826	     6.55132e+06	
      3835.909	     6.55170e+06	
      3836.075	     6.55239e+06	
      3836.376	     6.55368e+06	
      3836.646	     6.55484e+06	
      3836.977	     6.55622e+06	
      3837.029	     6.55644e+06	
      3837.308	     6.55760e+06	
      3837.970	     6.56037e+06	
      3838.647	     6.56320e+06	
      3838.911	     6.56430e+06	
      3839.175	     6.56543e+06	
      3839.703	     6.56759e+06	
      3840.758	     6.57193e+06	
      3842.753	     6.58022e+06	
      3842.831	     6.58054e+06	
      3842.870	     6.58073e+06	
      3842.909	     6.58088e+06	
      3843.065	     6.58151e+06	
      3843.377	     6.58280e+06	
      3844.001	     6.58541e+06	
      3844.588	     6.58783e+06	
      3845.248	     6.59056e+06	
      3845.547	     6.59178e+06	
      3845.908	     6.59329e+06	
      3847.228	     6.59873e+06	
      3847.442	     6.59964e+06	
      3848.908	     6.60567e+06	
      3850.375	     6.61170e+06	
      3851.976	     6.61830e+06	
      3853.308	     6.62377e+06	
      3854.640	     6.62923e+06	
      3855.701	     6.63357e+06	
      3857.303	     6.64010e+06	
      3858.906	     6.64667e+06	
      3862.006	     6.65927e+06	
      3862.111	     6.65971e+06	
      3862.216	     6.66015e+06	
      3862.426	     6.66099e+06	
      3862.846	     6.66269e+06	
      3863.685	     6.66608e+06	
      3865.170	     6.67211e+06	
      3865.365	     6.67290e+06	
      3865.560	     6.67369e+06	
      3865.950	     6.67529e+06	
      3866.730	     6.67843e+06	
      3867.675	     6.68226e+06	
      3868.289	     6.68474e+06	
      3868.903	     6.68723e+06	
      3870.131	     6.69216e+06	
      3871.324	     6.69696e+06	
      3872.586	     6.70202e+06	
      3873.848	     6.70711e+06	
      3876.324	     6.71704e+06	
      3876.368	     6.71720e+06	
      3876.371	     6.71723e+06	
      3876.374	     6.71723e+06	
      3876.424	     6.71742e+06	
      3876.524	     6.71782e+06	
      3876.724	     6.71861e+06	
      3876.947	     6.71952e+06	
      3877.124	     6.72021e+06	
      3877.924	     6.72342e+06	
      3878.900	     6.72731e+06	
      3880.290	     6.73284e+06	
      3880.854	     6.73510e+06	
      3881.418	     6.73733e+06	
      3882.546	     6.74183e+06	
      3884.398	     6.74915e+06	
      3884.801	     6.75075e+06	
      3884.923	     6.75122e+06	
      3885.204	     6.75235e+06	
      3886.010	     6.75552e+06	
      3886.151	     6.75606e+06	
      3887.096	     6.75976e+06	
      3887.568	     6.76162e+06	
      3888.042	     6.76341e+06	
      3888.280	     6.76432e+06	
      3888.516	     6.76520e+06	
      3888.633	     6.76561e+06	
      3888.752	     6.76599e+06	
      3888.844	     6.76627e+06	
      3888.866	     6.76633e+06	
      3888.871	     6.76633e+06	
      3888.898	     6.76643e+06	
      3888.930	     6.76649e+06	
      3888.989	     6.76664e+06	
      3889.048	     6.76683e+06	
      3889.107	     6.76712e+06	
      3889.166	     6.76743e+06	
      3889.225	     6.76774e+06	
      3889.294	     6.76809e+06	
      3889.343	     6.76834e+06	
      3889.394	     6.76856e+06	
      3889.408	     6.76862e+06	
      3889.450	     6.76881e+06	
      3889.494	     6.76900e+06	
      3889.580	     6.76938e+06	
      3889.752	     6.77010e+06	
      3890.054	     6.77136e+06	
      3890.315	     6.77243e+06	
      3890.474	     6.77309e+06	
      3890.657	     6.77381e+06	
      3890.999	     6.77519e+06	
      3891.683	     6.77789e+06	
      3892.892	     6.78270e+06	
      3893.942	     6.78685e+06	
      3894.458	     6.78886e+06	
      3895.309	     6.79222e+06	
      3896.219	     6.79577e+06	
      3896.677	     6.79759e+06	
      3898.895	     6.80626e+06	
      3899.603	     6.80903e+06	
      3901.572	     6.81669e+06	
      3903.894	     6.82574e+06	
      3904.248	     6.82712e+06	
      3908.893	     6.84509e+06	
      3913.891	     6.86435e+06	
      3918.890	     6.88521e+06	
      3923.889	     6.90619e+06	
      3928.216	     6.92426e+06	
      3928.353	     6.92482e+06	
      3928.887	     6.92705e+06	
      3929.559	     6.92985e+06	
      3930.903	     6.93544e+06	
      3933.453	     6.94600e+06	
      3935.810	     6.95574e+06	
      3937.347	     6.96208e+06	
      3938.885	     6.96840e+06	
      3940.036	     6.97311e+06	
      3941.960	     6.98096e+06	
      3943.883	     6.98885e+06	
      3946.579	     6.99978e+06	
      3947.730	     7.00446e+06	
      3948.882	     7.00914e+06	
      3950.653	     7.01631e+06	
      3951.015	     7.01775e+06	
      3951.186	     7.01844e+06	
      3951.718	     7.02061e+06	
      3952.784	     7.02488e+06	
      3954.554	     7.03202e+06	
      3957.306	     7.04301e+06	
      3958.093	     7.04615e+06	
      3958.624	     7.04829e+06	
      3958.880	     7.04929e+06	
      3960.453	     7.05555e+06	
      3962.283	     7.06280e+06	
      3965.737	     7.07641e+06	
      3965.942	     7.07719e+06	
      3966.147	     7.07801e+06	
      3966.557	     7.07958e+06	
      3966.675	     7.08005e+06	
      3967.279	     7.08241e+06	
      3967.376	     7.08275e+06	
      3968.078	     7.08545e+06	
      3968.709	     7.08781e+06	
      3968.877	     7.08844e+06	
      3969.045	     7.08907e+06	
      3969.234	     7.08973e+06	
      3969.287	     7.08991e+06	
      3969.381	     7.09023e+06	
      3969.528	     7.09073e+06	
      3969.648	     7.09108e+06	
      3969.769	     7.09142e+06	
      3969.830	     7.09155e+06	
      3969.890	     7.09164e+06	
      3969.950	     7.09167e+06	
      3970.011	     7.09174e+06	
      3970.071	     7.09189e+06	
      3970.131	     7.09224e+06	
      3970.192	     7.09265e+06	
      3970.252	     7.09306e+06	
      3970.323	     7.09350e+06	
      3970.372	     7.09378e+06	
      3970.423	     7.09406e+06	
      3970.432	     7.09409e+06	
      3970.495	     7.09444e+06	
      3970.523	     7.09456e+06	
      3970.613	     7.09500e+06	
      3970.795	     7.09582e+06	
      3971.096	     7.09714e+06	
      3971.333	     7.09815e+06	
      3971.591	     7.09921e+06	
      3971.698	     7.09965e+06	
      3972.063	     7.10116e+06	
      3972.793	     7.10411e+06	
      3973.995	     7.10892e+06	
      3974.936	     7.11266e+06	
      3976.398	     7.11841e+06	
      3976.845	     7.12017e+06	
      3977.860	     7.12416e+06	
      3978.874	     7.12815e+06	
      3979.577	     7.13088e+06	
      3980.904	     7.13606e+06	
      3982.230	     7.14125e+06	
      3984.180	     7.14879e+06	
      3984.884	     7.15152e+06	
      3985.119	     7.15243e+06	
      3985.588	     7.15425e+06	
      3986.995	     7.15969e+06	
      3988.872	     7.16692e+06	
      3991.379	     7.17653e+06	
      3992.625	     7.18130e+06	
      3993.854	     7.18598e+06	
      3993.870	     7.18605e+06	
      3996.362	     7.19554e+06	
      3998.869	     7.20505e+06	
      4003.868	     7.22390e+06	
      4008.866	     7.24260e+06	
      4013.865	     7.26151e+06	
      4018.864	     7.28070e+06	
      4023.863	     7.29977e+06	
      4025.341	     7.30537e+06	
      4028.861	     7.31865e+06	
      4032.381	     7.33188e+06	
      4032.946	     7.33399e+06	
      4033.860	     7.33741e+06	
      4035.902	     7.34501e+06	
      4038.859	     7.35601e+06	
      4043.857	     7.37442e+06	
      4048.856	     7.39267e+06	
      4053.855	     7.41077e+06	
      4058.853	     7.42867e+06	
      4063.852	     7.44642e+06	
      4068.851	     7.46398e+06	
      4073.849	     7.48133e+06	
      4075.421	     7.48676e+06	
      4078.848	     7.49848e+06	
      4082.275	     7.51010e+06	
      4082.559	     7.51108e+06	
      4084.004	     7.51591e+06	
      4085.702	     7.52160e+06	
      4088.845	     7.53206e+06	
      4089.695	     7.53486e+06	
      4093.687	     7.54790e+06	
      4096.515	     7.55698e+06	
      4097.679	     7.56068e+06	
      4098.010	     7.56172e+06	
      4098.678	     7.56379e+06	
      4098.843	     7.56430e+06	
      4099.676	     7.56681e+06	
      4100.174	     7.56825e+06	
      4100.673	     7.56957e+06	
      4100.922	     7.57020e+06	
      4101.172	     7.57070e+06	
      4101.297	     7.57086e+06	
      4101.422	     7.57096e+06	
      4101.485	     7.57092e+06	
      4101.547	     7.57080e+06	
      4101.609	     7.57058e+06	
      4101.672	     7.57039e+06	
      4101.734	     7.57036e+06	
      4101.797	     7.57080e+06	
      4101.859	     7.57143e+06	
      4101.922	     7.57206e+06	
      4102.047	     7.57303e+06	
      4102.296	     7.57444e+06	
      4102.745	     7.57645e+06	
      4102.794	     7.57667e+06	
      4102.845	     7.57686e+06	
      4102.945	     7.57727e+06	
      4103.145	     7.57806e+06	
      4103.296	     7.57865e+06	
      4103.545	     7.57959e+06	
      4103.794	     7.58054e+06	
      4104.291	     7.58236e+06	
      4104.785	     7.58415e+06	
      4105.287	     7.58594e+06	
      4105.789	     7.58773e+06	
      4106.793	     7.59125e+06	
      4108.680	     7.59782e+06	
      4108.760	     7.59810e+06	
      4108.800	     7.59822e+06	
      4108.840	     7.59835e+06	
      4108.859	     7.59844e+06	
      4109.000	     7.59895e+06	
      4109.320	     7.60014e+06	
      4109.781	     7.60187e+06	
      4110.703	     7.60526e+06	
      4111.319	     7.60756e+06	
      4112.546	     7.61208e+06	
      4113.774	     7.61657e+06	
      4114.693	     7.61993e+06	
      4116.229	     7.62553e+06	
      4116.694	     7.62722e+06	
      4117.766	     7.63109e+06	
      4118.126	     7.63237e+06	
      4118.838	     7.63495e+06	
      4120.981	     7.64262e+06	
      4123.836	     7.65279e+06	
      4126.144	     7.66093e+06	
      4128.835	     7.67039e+06	
      4129.605	     7.67306e+06	
      4131.526	     7.67975e+06	
      4133.834	     7.68773e+06	
      4134.219	     7.68905e+06	
      4138.832	     7.70485e+06	
      4143.831	     7.72178e+06	
      4148.830	     7.73847e+06	
      4153.828	     7.75499e+06	
      4158.827	     7.77129e+06	
      4163.826	     7.78744e+06	
      4168.824	     7.80340e+06	
      4173.823	     7.81917e+06	
      4178.822	     7.83476e+06	
      4183.820	     7.85018e+06	
      4188.819	     7.86542e+06	
      4193.818	     7.88047e+06	
      4198.817	     7.89536e+06	
      4203.815	     7.91006e+06	
      4208.814	     7.92489e+06	
      4213.813	     7.93972e+06	
      4216.525	     7.94770e+06	
      4217.242	     7.94980e+06	
      4218.811	     7.95439e+06	
      4221.098	     7.96102e+06	
      4223.810	     7.96884e+06	
      4224.954	     7.97214e+06	
      4228.809	     7.98313e+06	
      4233.807	     7.99724e+06	
      4238.806	     8.01112e+06	
      4243.805	     8.02482e+06	
      4248.803	     8.03833e+06	
      4253.802	     8.05165e+06	
      4258.801	     8.06475e+06	
      4263.799	     8.07763e+06	
      4268.798	     8.09029e+06	
      4273.797	     8.10273e+06	
      4278.795	     8.11492e+06	
      4283.794	     8.12686e+06	
      4288.793	     8.13852e+06	
      4293.791	     8.14986e+06	
      4298.790	     8.16082e+06	
      4303.789	     8.17138e+06	
      4308.788	     8.18108e+06	
      4313.786	     8.19032e+06	
      4314.073	     8.19085e+06	
      4318.785	     8.19902e+06	
      4320.854	     8.20245e+06	
      4323.497	     8.20666e+06	
      4326.139	     8.21071e+06	
      4326.475	     8.21121e+06	
      4328.782	     8.21461e+06	
      4330.233	     8.21668e+06	
      4331.090	     8.21787e+06	
      4331.149	     8.21797e+06	
      4331.946	     8.21907e+06	
      4333.660	     8.22139e+06	
      4334.060	     8.22192e+06	
      4336.171	     8.22466e+06	
      4337.786	     8.22654e+06	
      4338.220	     8.22698e+06	
      4338.283	     8.22705e+06	
      4338.780	     8.22742e+06	
      4338.812	     8.22742e+06	
      4339.339	     8.22761e+06	
      4339.602	     8.22752e+06	
      4339.867	     8.22717e+06	
      4340.001	     8.22683e+06	
      4340.132	     8.22623e+06	
      4340.197	     8.22573e+06	
      4340.263	     8.22500e+06	
      4340.329	     8.22397e+06	
      4340.395	     8.22299e+06	
      4340.461	     8.22262e+06	
      4340.527	     8.22328e+06	
      4340.593	     8.22450e+06	
      4340.659	     8.22579e+06	
      4340.791	     8.22758e+06	
      4341.005	     8.22931e+06	
      4341.055	     8.22962e+06	
      4341.105	     8.22994e+06	
      4341.205	     8.23047e+06	
      4341.227	     8.23060e+06	
      4341.238	     8.23066e+06	
      4341.405	     8.23144e+06	
      4341.583	     8.23223e+06	
      4341.939	     8.23358e+06	
      4342.640	     8.23597e+06	
      4343.330	     8.23810e+06	
      4343.570	     8.23883e+06	
      4344.041	     8.24021e+06	
      4344.752	     8.24228e+06	
      4346.174	     8.24627e+06	
      4348.578	     8.25293e+06	
      4348.777	     8.25347e+06	
      4348.976	     8.25403e+06	
      4349.374	     8.25510e+06	
      4350.170	     8.25727e+06	
      4350.322	     8.25768e+06	
      4351.761	     8.26154e+06	
      4353.201	     8.26540e+06	
      4354.734	     8.26943e+06	
      4356.077	     8.27291e+06	
      4356.080	     8.27291e+06	
      4357.426	     8.27637e+06	
      4358.774	     8.27979e+06	
      4359.170	     8.28080e+06	
      4361.472	     8.28586e+06	
      4363.773	     8.29145e+06	
      4367.980	     8.30134e+06	
      4368.376	     8.30226e+06	
      4368.524	     8.30260e+06	
      4368.772	     8.30317e+06	
      4369.563	     8.30499e+06	
      4371.147	     8.30854e+06	
      4373.770	     8.31438e+06	
      4378.769	     8.32516e+06	
      4383.768	     8.33552e+06	
      4388.766	     8.34555e+06	
      4393.765	     8.35529e+06	
      4398.764	     8.36474e+06	
      4403.762	     8.37181e+06	
      4408.761	     8.37784e+06	
      4413.760	     8.38375e+06	
      4418.758	     8.38950e+06	
      4423.757	     8.39512e+06	
      4428.756	     8.40065e+06	
      4433.754	     8.40605e+06	
      4438.753	     8.41136e+06	
      4443.752	     8.41658e+06	
      4448.751	     8.42170e+06	
      4453.749	     8.42673e+06	
      4458.748	     8.43169e+06	
      4463.747	     8.43653e+06	
      4468.745	     8.44133e+06	
      4473.744	     8.44601e+06	
      4478.743	     8.45063e+06	
      4483.741	     8.45519e+06	
      4488.740	     8.45965e+06	
      4493.739	     8.46405e+06	
      4498.737	     8.46983e+06	
      4503.736	     8.47900e+06	
      4508.735	     8.48796e+06	
      4513.733	     8.49675e+06	
      4514.118	     8.49741e+06	
      4518.732	     8.50533e+06	
      4523.346	     8.51306e+06	
      4527.190	     8.51940e+06	
      4527.960	     8.52066e+06	
      4528.729	     8.52192e+06	
      4530.269	     8.52437e+06	
      4532.968	     8.52870e+06	
      4533.288	     8.52920e+06	
      4533.348	     8.52930e+06	
      4533.728	     8.52993e+06	
      4534.488	     8.53112e+06	
      4536.007	     8.53348e+06	
      4538.727	     8.53775e+06	
      4543.725	     8.54538e+06	
      4548.724	     8.55286e+06	
      4553.723	     8.56012e+06	
      4558.721	     8.56725e+06	
      4563.720	     8.57416e+06	
      4568.719	     8.58095e+06	
      4573.717	     8.58754e+06	
      4578.716	     8.59395e+06	
      4583.715	     8.60024e+06	
      4588.713	     8.60633e+06	
      4593.712	     8.61227e+06	
      4596.529	     8.61491e+06	
      4596.984	     8.61532e+06	
      4598.711	     8.61695e+06	
      4600.892	     8.61887e+06	
      4603.709	     8.62132e+06	
      4604.800	     8.62226e+06	
      4608.708	     8.62559e+06	
      4613.707	     8.62974e+06	
      4618.705	     8.63379e+06	
      4623.704	     8.63771e+06	
      4628.703	     8.64155e+06	
      4633.701	     8.64525e+06	
      4638.700	     8.64887e+06	
      4643.699	     8.65239e+06	
      4648.697	     8.65578e+06	
      4653.696	     8.65908e+06	
      4658.695	     8.66228e+06	
      4663.694	     8.66536e+06	
      4668.692	     8.66831e+06	
      4673.691	     8.67117e+06	
      4678.690	     8.67394e+06	
      4683.688	     8.67658e+06	
      4688.687	     8.67912e+06	
      4693.686	     8.68135e+06	
      4698.684	     8.68317e+06	
      4703.683	     8.68487e+06	
      4708.682	     8.68650e+06	
      4713.680	     8.68801e+06	
      4715.603	     8.68858e+06	
      4718.679	     8.68943e+06	
      4720.984	     8.69002e+06	
      4721.755	     8.69024e+06	
      4723.678	     8.69071e+06	
      4724.830	     8.69100e+06	
      4728.676	     8.69188e+06	
      4733.675	     8.69294e+06	
      4738.674	     8.69386e+06	
      4743.672	     8.69464e+06	
      4748.671	     8.69527e+06	
      4753.670	     8.69574e+06	
      4758.668	     8.69602e+06	
      4763.667	     8.69615e+06	
      4768.666	     8.69602e+06	
      4773.664	     8.69568e+06	
      4778.663	     8.69508e+06	
      4783.662	     8.69417e+06	
      4788.660	     8.69294e+06	
      4793.659	     8.69118e+06	
      4798.658	     8.68895e+06	
      4803.656	     8.68622e+06	
      4808.655	     8.68286e+06	
      4813.654	     8.67874e+06	
      4818.652	     8.67378e+06	
      4823.651	     8.66775e+06	
      4828.650	     8.66052e+06	
      4833.648	     8.65185e+06	
      4834.972	     8.64931e+06	
      4838.647	     8.64164e+06	
      4839.161	     8.64048e+06	
      4842.322	     8.63316e+06	
      4845.483	     8.62509e+06	
      4845.503	     8.62505e+06	
      4847.054	     8.62088e+06	
      4848.644	     8.61651e+06	
      4851.785	     8.60762e+06	
      4854.393	     8.60008e+06	
      4856.517	     8.59389e+06	
      4858.401	     8.58798e+06	
      4858.642	     8.58717e+06	
      4858.664	     8.58707e+06	
      4858.883	     8.58629e+06	
      4859.364	     8.58434e+06	
      4859.473	     8.58387e+06	
      4860.065	     8.58076e+06	
      4860.361	     8.57865e+06	
      4860.657	     8.57573e+06	
      4860.805	     8.57369e+06	
      4860.953	     8.57077e+06	
      4861.027	     8.56866e+06	
      4861.101	     8.56577e+06	
      4861.175	     8.56185e+06	
      4861.248	     8.55804e+06	
      4861.322	     8.55610e+06	
      4861.396	     8.55804e+06	
      4861.470	     8.56191e+06	
      4861.543	     8.56577e+06	
      4861.641	     8.56945e+06	
      4861.687	     8.57067e+06	
      4861.689	     8.57074e+06	
      4861.691	     8.57077e+06	
      4861.695	     8.57086e+06	
      4861.741	     8.57190e+06	
      4861.841	     8.57372e+06	
      4861.979	     8.57564e+06	
      4861.987	     8.57576e+06	
      4862.279	     8.57865e+06	
      4862.579	     8.58079e+06	
      4862.596	     8.58088e+06	
      4863.178	     8.58393e+06	
      4863.727	     8.58619e+06	
      4863.761	     8.58635e+06	
      4864.927	     8.59034e+06	
      4866.127	     8.59402e+06	
      4868.413	     8.60071e+06	
      4868.526	     8.60105e+06	
      4868.639	     8.60137e+06	
      4868.865	     8.60203e+06	
      4869.317	     8.60335e+06	
      4869.583	     8.60410e+06	
      4870.221	     8.60595e+06	
      4870.858	     8.60781e+06	
      4872.134	     8.61145e+06	
      4874.623	     8.61846e+06	
      4874.685	     8.61861e+06	
      4874.747	     8.61877e+06	
      4874.871	     8.61912e+06	
      4875.119	     8.61981e+06	
      4875.615	     8.62116e+06	
      4876.607	     8.62383e+06	
      4878.452	     8.62867e+06	
      4878.544	     8.62889e+06	
      4878.590	     8.62901e+06	
      4878.636	     8.62911e+06	
      4878.820	     8.62958e+06	
      4879.188	     8.63052e+06	
      4879.526	     8.63137e+06	
      4879.924	     8.63234e+06	
      4880.322	     8.63332e+06	
      4880.941	     8.63482e+06	
      4881.118	     8.63523e+06	
      4882.709	     8.63897e+06	
      4884.478	     8.64290e+06	
      4887.396	     8.64890e+06	
      4888.015	     8.65009e+06	
      4888.634	     8.65129e+06	
      4889.871	     8.65355e+06	
      4891.061	     8.65565e+06	
      4892.347	     8.65782e+06	
      4893.632	     8.65989e+06	
      4893.777	     8.66011e+06	
      4896.204	     8.66376e+06	
      4898.631	     8.66706e+06	
      4903.340	     8.67268e+06	
      4903.485	     8.67284e+06	
      4903.630	     8.67299e+06	
      4903.920	     8.67331e+06	
      4904.499	     8.67391e+06	
      4905.659	     8.67510e+06	
      4907.328	     8.67670e+06	
      4907.977	     8.67730e+06	
      4908.628	     8.67786e+06	
      4909.929	     8.67900e+06	
      4911.434	     8.68019e+06	
      4912.530	     8.68104e+06	
      4913.014	     8.68141e+06	
      4913.627	     8.68185e+06	
      4915.550	     8.68317e+06	
      4915.820	     8.68336e+06	
      4918.240	     8.68487e+06	
      4918.626	     8.68509e+06	
      4921.701	     8.68676e+06	
      4923.624	     8.68770e+06	
      4925.162	     8.68839e+06	
      4928.623	     8.68977e+06	
      4933.622	     8.69140e+06	
      4938.620	     8.69263e+06	
      4943.619	     8.69357e+06	
      4948.618	     8.69420e+06	
      4953.616	     8.69458e+06	
      4958.615	     8.69473e+06	
      4963.614	     8.69470e+06	
      4968.612	     8.69451e+06	
      4973.611	     8.69414e+06	
      4978.610	     8.69367e+06	
      4983.608	     8.69301e+06	
      4988.607	     8.69216e+06	
      4993.606	     8.69122e+06	
      4998.604	     8.69015e+06	
      5003.603	     8.68899e+06	
      5008.602	     8.68776e+06	
      5013.600	     8.68644e+06	
      5018.599	     8.68506e+06	
      5023.598	     8.68358e+06	
      5028.596	     8.68207e+06	
      5033.595	     8.68047e+06	
      5038.594	     8.67884e+06	
      5043.592	     8.67720e+06	
      5048.591	     8.67545e+06	
      5053.590	     8.67362e+06	
      5058.588	     8.67174e+06	
      5063.587	     8.66982e+06	
      5068.586	     8.66784e+06	
      5073.584	     8.66580e+06	
      5078.583	     8.66373e+06	
      5083.582	     8.66140e+06	
      5088.580	     8.65895e+06	
      5093.579	     8.65647e+06	
      5098.578	     8.65396e+06	
      5103.576	     8.65138e+06	
      5108.575	     8.64877e+06	
      5113.574	     8.64613e+06	
      5118.572	     8.64346e+06	
      5123.571	     8.64073e+06	
      5128.570	     8.63800e+06	
      5133.568	     8.63520e+06	
      5138.567	     8.63241e+06	
      5143.566	     8.62955e+06	
      5148.564	     8.62666e+06	
      5153.563	     8.62373e+06	
      5158.562	     8.62078e+06	
      5163.560	     8.61780e+06	
      5168.559	     8.61475e+06	
      5173.558	     8.61170e+06	
      5178.556	     8.60859e+06	
      5183.555	     8.60536e+06	
      5188.554	     8.60206e+06	
      5193.552	     8.59876e+06	
      5198.551	     8.59543e+06	
      5203.550	     8.59207e+06	
      5208.548	     8.58867e+06	
      5213.547	     8.58525e+06	
      5218.546	     8.58183e+06	
      5223.544	     8.57834e+06	
      5228.543	     8.57482e+06	
      5233.542	     8.57130e+06	
      5238.540	     8.56775e+06	
      5243.539	     8.56414e+06	
      5248.537	     8.56053e+06	
      5253.536	     8.55691e+06	
      5258.535	     8.55324e+06	
      5263.533	     8.54953e+06	
      5268.532	     8.54582e+06	
      5273.531	     8.54208e+06	
      5278.529	     8.53894e+06	
      5283.528	     8.53586e+06	
      5288.527	     8.53272e+06	
      5293.525	     8.52958e+06	
      5298.524	     8.52638e+06	
      5303.523	     8.52311e+06	
      5308.521	     8.51984e+06	
      5313.520	     8.51651e+06	
      5318.519	     8.51312e+06	
      5323.517	     8.50973e+06	
      5328.516	     8.50627e+06	
      5333.515	     8.50278e+06	
      5338.513	     8.49926e+06	
      5343.512	     8.49571e+06	
      5348.511	     8.49210e+06	
      5353.509	     8.48849e+06	
      5358.508	     8.48481e+06	
      5363.507	     8.48161e+06	
      5368.505	     8.47784e+06	
      5373.504	     8.47376e+06	
      5378.503	     8.46926e+06	
      5383.501	     8.46474e+06	
      5388.500	     8.46018e+06	
      5393.499	     8.45563e+06	
      5398.497	     8.45101e+06	
      5403.496	     8.44642e+06	
      5408.495	     8.44177e+06	
      5413.493	     8.43712e+06	
      5418.492	     8.43244e+06	
      5423.491	     8.42776e+06	
      5428.489	     8.42305e+06	
      5433.488	     8.41831e+06	
      5438.487	     8.41356e+06	
      5443.485	     8.40879e+06	
      5448.484	     8.40398e+06	
      5453.483	     8.39917e+06	
      5458.481	     8.39434e+06	
      5463.480	     8.38950e+06	
      5468.479	     8.38463e+06	
      5473.477	     8.38017e+06	
      5478.476	     8.37571e+06	
      5483.475	     8.37121e+06	
      5488.473	     8.36672e+06	
      5493.472	     8.36217e+06	
      5498.471	     8.35761e+06	
      5503.469	     8.35302e+06	
      5508.468	     8.34844e+06	
      5513.466	     8.34379e+06	
      5518.465	     8.33914e+06	
      5523.464	     8.33449e+06	
      5528.462	     8.32978e+06	
      5533.461	     8.32506e+06	
      5538.460	     8.32032e+06	
      5543.458	     8.31558e+06	
      5548.457	     8.31080e+06	
      5553.456	     8.30599e+06	
      5558.454	     8.30119e+06	
      5563.453	     8.29632e+06	
      5568.452	     8.29145e+06	
      5573.450	     8.28658e+06	
      5578.449	     8.28165e+06	
      5583.448	     8.27671e+06	
      5588.446	     8.27175e+06	
      5593.445	     8.26679e+06	
      5598.444	     8.26179e+06	
      5603.442	     8.25677e+06	
      5608.441	     8.25174e+06	
      5613.440	     8.24668e+06	
      5618.438	     8.24162e+06	
      5623.437	     8.23653e+06	
      5628.436	     8.23141e+06	
      5633.434	     8.22629e+06	
      5638.433	     8.22114e+06	
      5643.432	     8.21599e+06	
      5648.430	     8.21080e+06	
      5653.429	     8.20562e+06	
      5658.428	     8.20041e+06	
      5663.426	     8.19516e+06	
      5668.425	     8.19041e+06	
      5673.424	     8.18514e+06	
      5673.979	     8.18454e+06	
      5678.422	     8.17983e+06	
      5682.865	     8.17512e+06	
      5686.198	     8.17157e+06	
      5687.309	     8.17040e+06	
      5687.864	     8.16981e+06	
      5688.420	     8.16921e+06	
      5690.641	     8.16682e+06	
      5693.418	     8.16387e+06	
      5698.417	     8.15850e+06	
      5703.415	     8.15312e+06	
      5704.770	     8.15168e+06	
      5708.414	     8.14772e+06	
      5708.882	     8.14722e+06	
      5712.058	     8.14379e+06	
      5713.413	     8.14232e+06	
      5715.234	     8.14034e+06	
      5718.411	     8.13691e+06	
      5723.410	     8.13148e+06	
      5728.409	     8.12601e+06	
      5733.407	     8.12055e+06	
      5738.406	     8.11505e+06	
      5743.405	     8.10955e+06	
      5748.403	     8.10405e+06	
      5753.402	     8.09852e+06	
      5758.401	     8.09296e+06	
      5763.399	     8.08457e+06	
      5768.398	     8.07895e+06	
      5773.397	     8.07336e+06	
      5778.395	     8.06770e+06	
      5783.394	     8.06208e+06	
      5788.393	     8.05643e+06	
      5793.391	     8.05074e+06	
      5798.390	     8.04505e+06	
      5803.389	     8.03937e+06	
      5808.387	     8.03365e+06	
      5813.386	     8.02790e+06	
      5818.385	     8.02215e+06	
      5823.383	     8.01640e+06	
      5828.382	     8.01062e+06	
      5833.381	     8.00484e+06	
      5838.379	     7.99906e+06	
      5843.378	     7.99325e+06	
      5848.377	     7.98744e+06	
      5853.375	     7.98159e+06	
      5858.374	     7.97575e+06	
      5863.372	     7.96991e+06	
      5868.371	     7.96403e+06	
      5873.370	     7.95816e+06	
      5878.368	     7.95228e+06	
      5883.367	     7.94638e+06	
      5888.366	     7.94047e+06	
      5893.364	     7.93453e+06	
      5898.363	     7.92859e+06	
      5903.362	     7.92266e+06	
      5908.360	     7.91669e+06	
      5913.359	     7.91072e+06	
      5918.358	     7.90472e+06	
      5923.356	     7.89872e+06	
      5928.355	     7.89272e+06	
      5933.354	     7.88669e+06	
      5938.352	     7.88065e+06	
      5943.351	     7.87459e+06	
      5948.350	     7.86853e+06	
      5953.348	     7.86246e+06	
      5958.347	     7.85637e+06	
      5963.346	     7.85024e+06	
      5968.344	     7.84412e+06	
      5973.343	     7.83796e+06	
      5978.342	     7.83180e+06	
      5983.340	     7.82564e+06	
      5988.339	     7.81949e+06	
      5993.338	     7.81330e+06	
      5998.336	     7.80711e+06	
      6003.335	     7.80089e+06	
      6008.333	     7.79467e+06	
      6013.332	     7.78845e+06	
      6018.331	     7.78220e+06	
      6023.329	     7.77594e+06	
      6028.328	     7.76969e+06	
      6033.327	     7.76341e+06	
      6038.325	     7.75713e+06	
      6043.324	     7.75081e+06	
      6048.323	     7.74453e+06	
      6053.321	     7.73821e+06	
      6058.320	     7.73187e+06	
      6063.319	     7.72552e+06	
      6068.317	     7.71918e+06	
      6073.316	     7.71280e+06	
      6078.315	     7.70645e+06	
      6083.313	     7.70004e+06	
      6088.312	     7.69367e+06	
      6093.311	     7.68726e+06	
      6098.309	     7.68082e+06	
      6103.308	     7.67441e+06	
      6108.307	     7.66797e+06	
      6113.305	     7.66150e+06	
      6118.304	     7.65506e+06	
      6123.303	     7.64858e+06	
      6128.301	     7.64208e+06	
      6133.300	     7.63558e+06	
      6138.298	     7.62908e+06	
      6143.297	     7.62254e+06	
      6148.296	     7.61601e+06	
      6153.294	     7.60947e+06	
      6158.293	     7.60291e+06	
      6163.292	     7.59631e+06	
      6168.290	     7.58974e+06	
      6173.289	     7.58311e+06	
      6178.288	     7.57652e+06	
      6183.286	     7.56989e+06	
      6188.285	     7.56323e+06	
      6193.284	     7.55657e+06	
      6198.282	     7.54991e+06	
      6203.281	     7.54322e+06	
      6208.280	     7.53649e+06	
      6213.278	     7.52977e+06	
      6218.277	     7.52305e+06	
      6223.276	     7.51626e+06	
      6228.274	     7.50951e+06	
      6233.273	     7.50269e+06	
      6238.272	     7.49590e+06	
      6243.270	     7.48905e+06	
      6244.381	     7.48755e+06	
      6248.269	     7.48221e+06	
      6252.157	     7.47686e+06	
      6253.821	     7.47457e+06	
      6256.044	     7.47149e+06	
      6258.266	     7.46841e+06	
      6262.157	     7.46304e+06	
      6262.711	     7.46229e+06	
      6263.265	     7.46150e+06	
      6264.372	     7.45996e+06	
      6264.912	     7.45921e+06	
      6266.588	     7.45688e+06	
      6268.263	     7.45456e+06	
      6269.967	     7.45220e+06	
      6271.615	     7.44988e+06	
      6273.262	     7.44759e+06	
      6274.854	     7.44535e+06	
      6276.557	     7.44297e+06	
      6278.261	     7.44058e+06	
      6280.076	     7.43803e+06	
      6281.668	     7.43580e+06	
      6283.259	     7.43357e+06	
      6284.627	     7.43163e+06	
      6286.443	     7.42908e+06	
      6288.258	     7.42651e+06	
      6290.521	     7.42330e+06	
      6291.889	     7.42135e+06	
      6293.257	     7.41941e+06	
      6293.729	     7.41875e+06	
      6295.992	     7.41554e+06	
      6298.255	     7.41231e+06	
      6302.310	     7.40649e+06	
      6302.782	     7.40583e+06	
      6303.254	     7.40514e+06	
      6303.918	     7.40420e+06	
      6304.198	     7.40379e+06	
      6306.085	     7.40106e+06	
      6308.253	     7.39795e+06	
      6311.924	     7.39264e+06	
      6312.587	     7.39166e+06	
      6313.251	     7.39072e+06	
      6314.579	     7.38877e+06	
      6316.219	     7.38639e+06	
      6317.234	     7.38491e+06	
      6317.314	     7.38482e+06	
      6318.250	     7.38343e+06	
      6320.281	     7.38048e+06	
      6323.249	     7.37611e+06	
      6328.247	     7.36876e+06	
      6333.246	     7.36135e+06	
      6338.245	     7.35387e+06	
      6343.243	     7.34633e+06	
      6348.242	     7.33873e+06	
      6353.241	     7.33109e+06	
      6358.239	     7.32337e+06	
      6363.238	     7.31554e+06	
      6368.236	     7.30766e+06	
      6373.235	     7.29968e+06	
      6378.234	     7.29157e+06	
      6383.232	     7.28341e+06	
      6388.231	     7.27511e+06	
      6393.230	     7.26666e+06	
      6398.228	     7.25812e+06	
      6403.227	     7.24938e+06	
      6408.226	     7.24049e+06	
      6413.224	     7.23144e+06	
      6418.223	     7.22218e+06	
      6423.222	     7.21269e+06	
      6428.220	     7.20295e+06	
      6433.219	     7.19296e+06	
      6438.218	     7.18269e+06	
      6443.216	     7.17204e+06	
      6448.215	     7.16104e+06	
      6453.214	     7.14964e+06	
      6458.212	     7.13779e+06	
      6463.211	     7.12541e+06	
      6468.210	     7.11244e+06	
      6473.208	     7.09884e+06	
      6478.207	     7.08451e+06	
      6483.205	     7.06937e+06	
      6488.204	     7.05332e+06	
      6493.203	     7.03623e+06	
      6498.201	     7.01797e+06	
      6503.200	     6.99840e+06	
      6508.199	     6.97735e+06	
      6513.197	     6.95470e+06	
      6518.196	     6.93023e+06	
      6523.195	     6.90381e+06	
      6523.719	     6.90092e+06	
      6528.193	     6.87522e+06	
      6532.668	     6.84776e+06	
      6536.095	     6.82552e+06	
      6537.143	     6.81851e+06	
      6537.383	     6.81688e+06	
      6538.191	     6.81141e+06	
      6540.286	     6.79693e+06	
      6543.189	     6.77632e+06	
      6546.457	     6.75238e+06	
      6546.724	     6.75040e+06	
      6548.188	     6.73941e+06	
      6549.918	     6.72624e+06	
      6553.113	     6.70127e+06	
      6554.426	     6.69059e+06	
      6556.306	     6.67447e+06	
      6556.871	     6.66929e+06	
      6557.903	     6.65920e+06	
      6558.185	     6.65625e+06	
      6559.500	     6.64148e+06	
      6560.298	     6.63093e+06	
      6561.096	     6.61858e+06	
      6561.496	     6.61076e+06	
      6561.895	     6.59980e+06	
      6562.094	     6.59210e+06	
      6562.294	     6.58107e+06	
      6562.394	     6.57312e+06	
      6562.494	     6.56172e+06	
      6562.594	     6.54651e+06	
      6562.693	     6.53294e+06	
      6562.793	     6.52666e+06	
      6562.892	     6.53260e+06	
      6562.992	     6.54604e+06	
      6563.092	     6.56106e+06	
      6563.291	     6.57988e+06	
      6563.641	     6.59612e+06	
      6563.687	     6.59763e+06	
      6563.689	     6.59769e+06	
      6563.691	     6.59775e+06	
      6563.741	     6.59926e+06	
      6563.841	     6.60199e+06	
      6564.041	     6.60674e+06	
      6564.294	     6.61154e+06	
      6564.392	     6.61315e+06	
      6564.441	     6.61390e+06	
      6564.490	     6.61465e+06	
      6564.685	     6.61748e+06	
      6565.077	     6.62254e+06	
      6565.636	     6.62914e+06	
      6565.861	     6.63153e+06	
      6566.086	     6.63379e+06	
      6566.536	     6.63800e+06	
      6566.689	     6.63935e+06	
      6567.085	     6.64274e+06	
      6567.436	     6.64573e+06	
      6568.183	     6.65157e+06	
      6569.280	     6.65923e+06	
      6570.478	     6.66681e+06	
      6571.476	     6.67271e+06	
      6572.473	     6.67837e+06	
      6573.270	     6.68280e+06	
      6574.469	     6.68930e+06	
      6575.667	     6.69564e+06	
      6577.950	     6.70739e+06	
      6578.065	     6.70799e+06	
      6578.180	     6.70856e+06	
      6578.410	     6.70972e+06	
      6578.870	     6.71201e+06	
      6579.789	     6.71660e+06	
      6580.079	     6.71801e+06	
      6581.629	     6.72552e+06	
      6583.178	     6.73284e+06	
      6584.378	     6.73837e+06	
      6586.278	     6.74688e+06	
      6587.911	     6.75395e+06	
      6588.177	     6.75508e+06	
      6588.443	     6.75621e+06	
      6588.975	     6.75845e+06	
      6590.039	     6.76281e+06	
      6591.023	     6.76674e+06	
      6592.166	     6.77120e+06	
      6593.014	     6.77444e+06	
      6593.309	     6.77557e+06	
      6595.594	     6.78386e+06	
      6598.174	     6.79266e+06	
      6603.335	     6.80840e+06	
      6613.656	     6.83296e+06	
      6634.299	     6.86036e+06	
      6639.690	     6.86388e+06	
      6654.941	     6.86802e+06	
      6675.584	     6.86363e+06	
      6711.477	     6.83997e+06	
      6747.370	     6.80573e+06	
      6813.534	     6.73027e+06	
      6819.157	     6.72345e+06	
      6824.779	     6.71660e+06	
      6836.024	     6.70287e+06	
      6858.514	     6.67504e+06	
      6903.494	     6.61830e+06	
      6993.454	     6.50247e+06	
      7057.680	     6.41893e+06	
      7083.413	     6.38541e+06	
      7109.146	     6.35186e+06	
      7160.612	     6.28529e+06	
      7212.078	     6.21881e+06	
      7263.544	     6.15246e+06	
      7315.011	     6.08630e+06	
      7339.439	     6.05498e+06	
      7366.477	     6.02174e+06	
      7393.514	     5.98712e+06	
      7447.590	     5.91870e+06	
      7501.665	     5.85065e+06	
      7555.740	     5.78298e+06	
      7609.816	     5.71572e+06	
      7649.901	     5.66618e+06	
      7663.891	     5.64893e+06	
      7677.881	     5.63171e+06	
      7705.862	     5.59766e+06	
      7761.822	     5.52993e+06	
      7817.783	     5.46270e+06	
      7873.744	     5.39597e+06	
      7897.162	     5.36823e+06	
      7929.705	     5.32981e+06	
      7962.248	     5.29157e+06	
      7972.119	     5.28007e+06	
      8027.334	     5.21608e+06	
      8082.550	     5.15265e+06	
      8137.765	     5.08998e+06	
      8183.110	     5.03893e+06	
      8192.980	     5.02787e+06	
      8200.850	     5.01907e+06	
      8202.850	     5.01684e+06	
      8204.849	     5.01461e+06	
      8208.848	     5.01015e+06	
      8216.846	     5.00126e+06	
      8232.842	     4.98351e+06	
      8264.833	     4.94817e+06	
      8289.715	     4.92080e+06	
      8328.816	     4.87805e+06	
      8343.441	     4.86212e+06	
      8367.916	     4.83557e+06	
      8371.465	     4.83174e+06	
      8388.684	     4.81323e+06	
      8392.391	     4.80924e+06	
      8408.650	     4.79184e+06	
      8413.318	     4.78684e+06	
      8432.024	     4.76686e+06	
      8437.951	     4.76055e+06	
      8467.252	     4.72945e+06	
      8473.978	     4.72235e+06	
      8502.481	     4.69228e+06	
      8516.584	     4.67745e+06	
      8530.983	     4.66237e+06	
      8545.382	     4.64742e+06	
      8549.972	     4.64265e+06	
      8574.180	     4.61761e+06	
      8598.388	     4.59269e+06	
      8628.597	     4.56175e+06	
      8646.805	     4.54318e+06	
      8652.391	     4.53750e+06	
      8665.013	     4.52468e+06	
      8685.587	     4.50382e+06	
      8701.429	     4.48786e+06	
      8750.468	     4.43866e+06	
      8767.917	     4.42129e+06	
      8815.350	     4.37432e+06	
      8862.782	     4.32814e+06	
      8900.383	     4.29186e+06	
      8957.646	     4.23710e+06	
      9014.908	     4.18294e+06	
      9044.624	     4.15510e+06	
      9072.171	     4.12944e+06	
      9099.717	     4.10393e+06	
      9154.810	     4.05369e+06	
      9190.798	     4.02121e+06	
      9209.903	     4.00402e+06	
      9229.009	     3.98693e+06	
      9267.221	     3.95297e+06	
      9303.204	     3.92121e+06	
      9343.644	     3.88584e+06	
      9384.084	     3.85074e+06	
      9464.964	     3.78197e+06	
      9545.723	     3.71446e+06	
      9545.844	     3.71437e+06	
      9545.965	     3.71424e+06	
      9546.207	     3.71405e+06	
      9546.691	     3.71365e+06	
      9546.866	     3.71352e+06	
      9547.658	     3.71286e+06	
      9549.594	     3.71126e+06	
      9553.465	     3.70805e+06	
      9561.207	     3.70164e+06	
      9576.691	     3.68889e+06	
      9607.658	     3.66351e+06	
      9668.451	     3.61412e+06	
      9729.243	     3.56577e+06	
      9790.036	     3.51802e+06	
      9850.828	     3.47093e+06	
      9870.422	     3.45588e+06	
      9911.620	     3.42446e+06	
      9952.819	     3.39333e+06	
     10021.070	     3.34275e+06	
     10035.217	     3.33235e+06	
     10049.364	     3.32195e+06	
     10077.658	     3.30137e+06	
     10134.247	     3.26053e+06	
     10144.484	     3.25318e+06	
     10190.835	     3.22020e+06	
     10237.187	     3.18752e+06	
     10329.890	     3.12443e+06	
     10422.592	     3.06259e+06	
     10515.295	     3.00198e+06	
     10607.998	     2.94260e+06	
     10700.701	     2.88443e+06	
     10793.403	     2.82744e+06	
     10834.127	     2.80277e+06	
     10886.106	     2.77160e+06	
     10938.085	     2.74073e+06	
     10990.064	     2.71040e+06	
     11042.043	     2.68036e+06	
     11094.022	     2.65066e+06	
     11146.000	     2.62131e+06	
     11197.979	     2.59230e+06	
     11239.008	     2.56965e+06	
     11249.958	     2.56364e+06	
     11260.908	     2.55765e+06	
     11282.808	     2.54609e+06	
     11326.608	     2.52314e+06	
     11414.209	     2.47788e+06	
     11501.809	     2.43349e+06	
     11589.411	     2.38992e+06	
     11677.011	     2.34719e+06	
     11764.612	     2.30528e+06	
     11852.212	     2.26416e+06	
     11939.813	     2.22384e+06	
     12027.413	     2.18426e+06	
     12115.014	     2.14547e+06	
     12120.600	     2.14302e+06	
     12202.614	     2.10743e+06	
     12284.629	     2.07248e+06	
     12366.644	     2.03946e+06	
     12448.658	     2.00699e+06	
     12530.673	     1.97505e+06	
     12612.688	     1.94363e+06	
     12694.701	     1.91269e+06	
     12735.367	     1.89751e+06	
     12776.716	     1.88220e+06	
     12818.066	     1.86692e+06	
     12900.764	     1.83750e+06	
     12983.464	     1.80843e+06	
     13066.162	     1.77981e+06	
     13148.861	     1.75165e+06	
     13154.771	     1.74966e+06	
     13231.560	     1.72396e+06	
     13308.350	     1.69867e+06	
     13385.140	     1.67491e+06	
     13461.929	     1.65150e+06	
     13538.719	     1.62844e+06	
     13615.509	     1.60571e+06	
     13692.299	     1.58335e+06	
     13769.088	     1.56129e+06	
     13845.878	     1.53957e+06	
     13922.668	     1.51817e+06	
     13999.458	     1.49710e+06	
     14076.247	     1.47635e+06	
     14153.038	     1.45591e+06	
     14229.828	     1.43578e+06	
     14281.164	     1.42250e+06	
     14306.618	     1.41596e+06	
     14332.071	     1.40945e+06	
     14382.978	     1.39688e+06	
     14410.128	     1.39023e+06	
     14427.096	     1.38608e+06	
     14433.884	     1.38443e+06	
     14457.640	     1.37866e+06	
     14505.152	     1.36727e+06	
     14581.211	     1.34924e+06	
     14583.210	     1.34877e+06	
     14585.210	     1.34830e+06	
     14589.208	     1.34738e+06	
     14597.206	     1.34553e+06	
     14613.202	     1.34186e+06	
     14645.193	     1.33454e+06	
     14709.176	     1.32002e+06	
     14773.158	     1.30566e+06	
     14837.141	     1.29146e+06	
     14901.123	     1.27742e+06	
     14965.106	     1.26355e+06	
     15029.088	     1.24983e+06	
     15093.071	     1.23627e+06	
     15157.054	     1.22287e+06	
     15221.036	     1.20962e+06	
     15285.019	     1.19652e+06	
     15349.001	     1.18357e+06	
     15412.984	     1.17077e+06	
     15471.572	     1.15918e+06	
     15476.966	     1.15812e+06	
     15482.361	     1.15706e+06	
     15493.150	     1.15488e+06	
     15514.728	     1.15053e+06	
     15557.884	     1.14187e+06	
     15644.197	     1.12479e+06	
     15730.509	     1.10798e+06	
     15816.821	     1.09145e+06	
     15903.134	     1.07519e+06	
     15989.446	     1.05921e+06	
     16075.759	     1.04349e+06	
     16162.071	     1.02803e+06	
     16248.384	     1.01283e+06	
     16289.880	     1.00561e+06	
     16334.696	     9.97880e+05	
     16379.512	     9.90217e+05	
     16469.143	     9.72939e+05	
     16558.775	     9.56031e+05	
     16648.406	     9.39478e+05	
     16738.038	     9.23273e+05	
     16827.669	     9.07408e+05	
     16917.301	     8.91876e+05	
     17006.933	     8.76671e+05	
     17096.564	     8.61780e+05	
     17186.196	     8.47196e+05	
     17275.827	     8.32915e+05	
     17327.685	     8.24784e+05	
     17365.459	     8.18925e+05	
     17403.232	     8.13116e+05	
     17478.780	     8.01643e+05	
     17554.327	     7.90368e+05	
     17629.874	     7.79288e+05	
     17705.422	     7.68396e+05	
     17780.969	     7.57689e+05	
     17856.517	     7.47165e+05	
     17932.064	     7.36820e+05	
     18007.611	     7.25893e+05	
     18083.159	     7.15784e+05	
     18158.706	     7.05815e+05	
     18234.253	     6.95973e+05	
     18309.801	     6.86243e+05	
     18343.743	     6.81905e+05	
     18385.348	     6.76611e+05	
     18426.953	     6.71336e+05	
     18510.162	     6.60847e+05	
     18593.371	     6.50413e+05	
     18602.053	     6.49330e+05	
     18676.581	     6.40106e+05	
     18751.108	     6.31033e+05	
     18825.636	     6.23386e+05	
     18900.163	     6.15840e+05	
     18974.691	     6.08351e+05	
     19049.219	     6.00867e+05	
     19123.746	     5.93393e+05	
     19198.274	     5.85957e+05	
     19272.802	     5.78575e+05	
     19347.329	     5.71264e+05	
     19393.041	     5.66822e+05	
     19421.857	     5.64038e+05	
     19450.673	     5.61268e+05	
     19508.305	     5.55767e+05	
     19565.938	     5.50731e+05	
     19623.570	     5.45296e+05	
     19681.202	     5.39927e+05	
     19738.834	     5.34624e+05	
     19796.467	     5.29383e+05	
     19854.099	     5.24206e+05	
     19911.731	     5.19092e+05	
     19969.363	     5.14037e+05	
     20026.996	     5.09045e+05	
     20084.628	     5.04113e+05	
     20142.260	     4.99237e+05	
     20199.892	     4.94421e+05	
     20257.525	     4.89661e+05	
     20315.157	     4.84958e+05	
     20372.789	     4.80309e+05	
     20386.449	     4.79215e+05	
     20430.421	     4.75716e+05	
     20474.393	     4.72250e+05	
     20562.337	     4.65408e+05	
     20650.280	     4.58688e+05	
     20738.224	     4.52088e+05	
     20826.167	     4.45607e+05	
     20914.111	     4.39235e+05	
     21002.055	     4.32981e+05	
     21089.998	     4.26832e+05	
     21177.942	     4.20791e+05	
     21265.885	     4.14857e+05	
     21353.829	     4.09026e+05	
     21441.773	     4.03293e+05	
     21529.716	     3.97660e+05	
     21604.704	     3.92935e+05	
     21617.660	     3.92124e+05	
     21630.617	     3.91317e+05	
     21656.529	     3.89708e+05	
     21708.356	     3.86516e+05	
     21760.182	     3.83356e+05	
     21812.008	     3.80227e+05	
     21863.835	     3.77129e+05	
     21915.661	     3.74063e+05	
     21967.487	     3.71028e+05	
     22019.313	     3.68025e+05	
     22071.139	     3.65050e+05	
     22122.966	     3.62103e+05	
     22174.792	     3.59188e+05	
     22226.619	     3.56301e+05	
     22278.445	     3.53442e+05	
     22330.271	     3.50614e+05	
     22382.097	     3.47812e+05	
     22433.923	     3.45038e+05	
     22485.750	     3.42289e+05	
     22537.576	     3.39568e+05	
     22589.403	     3.36876e+05	
     22641.228	     3.34209e+05	
     22693.054	     3.31567e+05	
     22702.925	     3.31067e+05	
     22744.881	     3.28953e+05	
     22784.838	     3.26952e+05	
     22786.838	     3.26854e+05	
     22788.837	     3.26754e+05	
     22792.836	     3.26556e+05	
     22800.834	     3.26157e+05	
     22816.829	     3.25362e+05	
     22848.821	     3.23785e+05	
     22912.803	     3.20653e+05	
     22976.786	     3.17558e+05	
     23040.768	     3.14502e+05	
     23104.751	     3.11482e+05	
     23168.733	     3.08498e+05	
     23232.716	     3.05548e+05	
     23296.698	     3.02634e+05	
     23360.681	     2.99753e+05	
     23424.663	     2.96907e+05	
     23488.646	     2.94094e+05	
     23552.628	     2.91314e+05	
     23616.611	     2.88566e+05	
     23680.593	     2.85850e+05	
     23744.576	     2.83166e+05	
     23808.558	     2.80513e+05	
     23872.541	     2.77890e+05	
     23936.523	     2.75298e+05	
     24000.506	     2.72736e+05	
     24064.488	     2.70203e+05	
     24128.471	     2.67699e+05	
     24192.453	     2.65224e+05	
     24256.436	     2.62777e+05	
     24320.419	     2.60358e+05	
     24384.401	     2.57966e+05	
     24448.384	     2.55602e+05	
     24512.366	     2.53264e+05	
     24576.349	     2.50952e+05	
     24640.331	     2.48667e+05	
     24704.314	     2.46407e+05	
     24768.296	     2.44173e+05	
     24832.279	     2.41964e+05	
     24896.261	     2.39780e+05	
     24960.244	     2.37619e+05	
     25004.437	     2.36141e+05	
     25024.226	     2.35483e+05	
     25044.016	     2.34827e+05	
     25083.595	     2.33523e+05	
     25162.753	     2.30941e+05	
     25241.912	     2.28395e+05	
     25321.070	     2.25883e+05	
     25400.228	     2.23405e+05	
     25479.387	     2.20961e+05	
     25558.545	     2.18550e+05	
     25637.703	     2.16171e+05	
     25716.862	     2.13824e+05	
     25796.020	     2.11509e+05	
     25875.179	     2.09225e+05	
     25954.337	     2.06971e+05	
     26033.495	     2.04747e+05	
     26112.654	     2.02553e+05	
     26191.812	     2.00388e+05	
     26270.970	     1.98251e+05	
     26350.129	     1.96143e+05	
     26429.287	     1.94062e+05	
     26508.445	     1.92009e+05	
     26587.604	     1.89982e+05	
     26666.762	     1.87982e+05	
     26745.921	     1.86008e+05	
     26825.079	     1.84060e+05	
     26904.237	     1.82136e+05	
     26983.396	     1.80238e+05	
     27062.554	     1.78364e+05	
     27141.712	     1.76514e+05	
     27142.547	     1.76495e+05	
     27220.871	     1.74688e+05	
     27299.194	     1.72904e+05	
     27377.518	     1.71144e+05	
     27455.842	     1.69405e+05	
     27534.165	     1.67688e+05	
     27612.489	     1.65994e+05	
     27690.812	     1.64319e+05	
     27769.136	     1.62666e+05	
     27847.459	     1.61034e+05	
     27925.783	     1.59422e+05	
     28004.107	     1.57830e+05	
     28082.430	     1.56257e+05	
     28160.754	     1.54704e+05	
     28239.077	     1.53170e+05	
     28317.401	     1.51654e+05	
     28395.725	     1.50157e+05	
     28474.048	     1.48679e+05	
     28552.372	     1.47218e+05	
     28630.695	     1.45776e+05	
     28709.019	     1.44351e+05	
     28787.343	     1.42943e+05	
     28865.666	     1.41552e+05	
     28943.990	     1.40178e+05	
     29022.313	     1.38820e+05	
     29100.637	     1.37479e+05	
     29178.961	     1.36153e+05	
     29257.284	     1.34844e+05	
     29335.608	     1.33550e+05	
     29413.931	     1.32271e+05	
     29492.255	     1.31008e+05	
     29570.578	     1.29759e+05	
     29648.902	     1.28526e+05	
     29727.226	     1.27306e+05	
     29805.549	     1.26102e+05	
     29883.873	     1.24911e+05	
     29932.600	     1.24177e+05	
     29962.196	     1.23734e+05	
     29991.792	     1.23293e+05	
#time:0.038594
