# Koester WD models
# teff = 5500 K (value for the effective temperature for the model. Temperatures are given in K)
# logg = 9.25 log(cm/s2) (value for Log(G) for the model.)
#
#   WAVELENGTH	#           FLUX	
#   (ANGSTROM)	#  (ERG/CM2/S/A)	
##############	################	
       899.230	     3.17219e-03	
       900.750	     3.33797e-03	
       902.272	     3.51177e-03	
       903.350	     3.64007e-03	
       903.793	     3.69395e-03	
       904.235	     3.74855e-03	
       905.120	     3.86001e-03	
       906.889	     4.09221e-03	
       908.077	     4.25522e-03	
       908.450	     4.30766e-03	
       908.659	     4.33728e-03	
       909.241	     4.42082e-03	
       910.032	     4.53674e-03	
       911.193	     4.71207e-03	
       911.613	     4.77707e-03	
       912.034	     4.84292e-03	
       912.465	     4.91138e-03	
       912.875	     4.97716e-03	
       913.037	     5.00343e-03	
       913.241	     5.03670e-03	
       913.284	     5.04376e-03	
       913.478	     5.07562e-03	
       913.531	     5.08435e-03	
       913.755	     5.12130e-03	
       913.822	     5.13245e-03	
       914.080	     5.17555e-03	
       914.165	     5.18985e-03	
       914.499	     5.24630e-03	
       914.575	     5.25925e-03	
       915.071	     5.34416e-03	
       915.540	     5.42581e-03	
       915.609	     5.43775e-03	
       915.643	     5.44372e-03	
       915.677	     5.44972e-03	
       915.741	     5.46097e-03	
       915.813	     5.47369e-03	
       916.085	     5.52195e-03	
       916.429	     5.58358e-03	
       916.858	     5.66112e-03	
       917.118	     5.70871e-03	
       917.196	     5.72304e-03	
       917.378	     5.75665e-03	
       917.899	     5.85370e-03	
       917.952	     5.86369e-03	
       918.287	     5.92712e-03	
       918.602	     5.98712e-03	
       919.251	     6.11297e-03	
       920.215	     6.30423e-03	
       921.882	     6.64796e-03	
       921.999	     6.67281e-03	
       922.143	     6.70347e-03	
       922.405	     6.75936e-03	
       922.810	     6.84679e-03	
       923.621	     7.02400e-03	
       925.001	     7.33766e-03	
       925.242	     7.39462e-03	
       925.484	     7.45110e-03	
       925.564	     7.46992e-03	
       925.966	     7.56373e-03	
       926.164	     7.60840e-03	
       926.369	     7.65468e-03	
       927.173	     7.84201e-03	
       927.276	     7.86605e-03	
       928.182	     8.08523e-03	
       928.917	     8.27467e-03	
       928.980	     8.29205e-03	
       929.089	     8.32286e-03	
       929.261	     8.37417e-03	
       929.317	     8.39063e-03	
       929.543	     8.45987e-03	
       929.655	     8.49232e-03	
       929.769	     8.52327e-03	
       929.827	     8.53872e-03	
       929.883	     8.55368e-03	
       929.910	     8.56090e-03	
       929.939	     8.56866e-03	
       929.954	     8.57268e-03	
       929.968	     8.57642e-03	
       929.982	     8.58019e-03	
       929.996	     8.58393e-03	
       930.010	     8.58767e-03	
       930.024	     8.59144e-03	
       930.038	     8.59521e-03	
       930.052	     8.59895e-03	
       930.081	     8.60674e-03	
       930.137	     8.62182e-03	
       930.201	     8.63903e-03	
       930.247	     8.65144e-03	
       930.249	     8.65201e-03	
       930.251	     8.65254e-03	
       930.301	     8.66593e-03	
       930.326	     8.67227e-03	
       930.329	     8.67306e-03	
       930.402	     8.69156e-03	
       930.478	     8.70947e-03	
       930.630	     8.74139e-03	
       930.931	     8.80089e-03	
       931.229	     8.86259e-03	
       931.490	     8.92046e-03	
       931.534	     8.93067e-03	
       931.838	     9.00189e-03	
       932.447	     9.14891e-03	
       933.265	     9.35459e-03	
       933.403	     9.39057e-03	
       933.432	     9.39789e-03	
       933.542	     9.42673e-03	
       933.652	     9.45585e-03	
       933.872	     9.51456e-03	
       933.973	     9.54196e-03	
       934.073	     9.56935e-03	
       934.312	     9.63611e-03	
       934.316	     9.63728e-03	
       934.652	     9.73463e-03	
       934.773	     9.77089e-03	
       935.230	     9.91713e-03	
       935.687	     1.00875e-02	
       936.144	     1.03015e-02	
       936.372	     1.04198e-02	
       936.601	     1.05252e-02	
       936.714	     1.05675e-02	
       936.829	     1.06056e-02	
       936.887	     1.06246e-02	
       936.944	     1.06432e-02	
       936.973	     1.06527e-02	
       937.001	     1.06618e-02	
       937.015	     1.06664e-02	
       937.029	     1.06710e-02	
       937.043	     1.06756e-02	
       937.058	     1.06805e-02	
       937.072	     1.06852e-02	
       937.086	     1.06897e-02	
       937.101	     1.06947e-02	
       937.115	     1.06993e-02	
       937.143	     1.07085e-02	
       937.200	     1.07272e-02	
       937.314	     1.07649e-02	
       937.493	     1.08209e-02	
       937.542	     1.08333e-02	
       937.593	     1.08446e-02	
       937.694	     1.08597e-02	
       937.788	     1.08688e-02	
       937.894	     1.08733e-02	
       938.000	     1.08763e-02	
       938.212	     1.08817e-02	
       938.359	     1.08899e-02	
       938.556	     1.09059e-02	
       938.636	     1.09135e-02	
       938.914	     1.09529e-02	
       939.271	     1.10177e-02	
       939.986	     1.11838e-02	
       940.580	     1.13461e-02	
       940.660	     1.13691e-02	
       940.675	     1.13735e-02	
       940.700	     1.13807e-02	
       940.740	     1.13924e-02	
       940.901	     1.14360e-02	
       941.221	     1.15271e-02	
       941.861	     1.17233e-02	
       943.048	     1.21311e-02	
       943.160	     1.21701e-02	
       944.234	     1.25804e-02	
       944.770	     1.28033e-02	
       945.308	     1.30409e-02	
       945.605	     1.31784e-02	
       945.845	     1.32966e-02	
       945.993	     1.33725e-02	
       946.382	     1.35793e-02	
       946.770	     1.38091e-02	
       947.158	     1.40643e-02	
       947.547	     1.43590e-02	
       947.787	     1.45549e-02	
       947.935	     1.46804e-02	
       948.083	     1.48029e-02	
       948.213	     1.49071e-02	
       948.314	     1.49807e-02	
       948.379	     1.50255e-02	
       948.546	     1.51219e-02	
       948.661	     1.51775e-02	
       948.777	     1.52305e-02	
       948.835	     1.52570e-02	
       948.893	     1.52835e-02	
       948.922	     1.52967e-02	
       948.951	     1.53100e-02	
       948.966	     1.53168e-02	
       948.980	     1.53232e-02	
       948.994	     1.53297e-02	
       949.009	     1.53365e-02	
       949.023	     1.53430e-02	
       949.037	     1.53494e-02	
       949.052	     1.53563e-02	
       949.066	     1.53627e-02	
       949.095	     1.53760e-02	
       949.153	     1.54027e-02	
       949.230	     1.54382e-02	
       949.258	     1.54511e-02	
       949.269	     1.54562e-02	
       949.280	     1.54612e-02	
       949.330	     1.54843e-02	
       949.360	     1.54981e-02	
       949.430	     1.55297e-02	
       949.500	     1.55593e-02	
       949.640	     1.56071e-02	
       949.795	     1.56407e-02	
       949.879	     1.56516e-02	
       949.921	     1.56542e-02	
       949.963	     1.56574e-02	
       950.047	     1.56642e-02	
       950.131	     1.56665e-02	
       950.467	     1.56798e-02	
       950.888	     1.57181e-02	
       951.308	     1.58040e-02	
       951.728	     1.59282e-02	
       952.149	     1.60842e-02	
       952.400	     1.61888e-02	
       952.569	     1.62659e-02	
       952.738	     1.63452e-02	
       953.076	     1.65143e-02	
       953.753	     1.68770e-02	
       954.198	     1.71314e-02	
       954.430	     1.72680e-02	
       955.106	     1.76756e-02	
       956.014	     1.82334e-02	
       956.370	     1.84777e-02	
       956.922	     1.88651e-02	
       957.830	     1.95226e-02	
       958.148	     1.97574e-02	
       959.289	     2.06064e-02	
       960.430	     2.14830e-02	
       961.192	     2.21107e-02	
       961.571	     2.24171e-02	
       962.712	     2.33330e-02	
       964.231	     2.45577e-02	
       966.507	     2.64150e-02	
       966.767	     2.66329e-02	
       967.269	     2.70561e-02	
       968.032	     2.77045e-02	
       968.668	     2.82539e-02	
       968.979	     2.85212e-02	
       969.297	     2.87910e-02	
       969.453	     2.89239e-02	
       969.927	     2.93064e-02	
       970.164	     2.94824e-02	
       970.400	     2.96316e-02	
       970.637	     2.97258e-02	
       970.756	     2.97268e-02	
       970.874	     2.96752e-02	
       970.992	     2.95819e-02	
       971.110	     2.94135e-02	
       971.230	     2.91315e-02	
       971.348	     2.87471e-02	
       971.466	     2.84098e-02	
       971.535	     2.84012e-02	
       971.567	     2.84689e-02	
       971.584	     2.85396e-02	
       971.635	     2.88395e-02	
       971.644	     2.89076e-02	
       971.703	     2.94120e-02	
       971.732	     2.96159e-02	
       971.762	     2.97293e-02	
       971.778	     2.97518e-02	
       971.792	     2.97641e-02	
       971.806	     2.97760e-02	
       971.821	     2.97886e-02	
       971.827	     2.97937e-02	
       971.833	     2.97988e-02	
       971.836	     2.98013e-02	
       971.839	     2.98038e-02	
       971.851	     2.98140e-02	
       971.866	     2.98267e-02	
       971.880	     2.98385e-02	
       971.910	     2.98596e-02	
       971.969	     2.96747e-02	
       972.037	     2.92113e-02	
       972.087	     2.89761e-02	
       972.137	     2.88933e-02	
       972.150	     2.89002e-02	
       972.199	     2.89804e-02	
       972.237	     2.91165e-02	
       972.324	     2.95294e-02	
       972.348	     2.96656e-02	
       972.499	     3.03866e-02	
       972.649	     3.09468e-02	
       972.798	     3.13769e-02	
       972.948	     3.17285e-02	
       973.097	     3.19993e-02	
       973.247	     3.22290e-02	
       973.396	     3.24558e-02	
       973.645	     3.27857e-02	
       973.696	     3.28482e-02	
       973.746	     3.29094e-02	
       973.846	     3.30291e-02	
       974.046	     3.32591e-02	
       974.446	     3.37005e-02	
       974.853	     3.41438e-02	
       975.247	     3.45622e-02	
       975.640	     3.49760e-02	
       976.427	     3.58038e-02	
       976.695	     3.60878e-02	
       978.000	     3.74833e-02	
       979.305	     3.89196e-02	
       979.906	     3.95941e-02	
       981.915	     4.18957e-02	
       983.923	     4.43034e-02	
       985.245	     4.59097e-02	
       985.932	     4.67654e-02	
       986.618	     4.76360e-02	
       986.670	     4.76979e-02	
       987.991	     4.93827e-02	
       989.312	     5.11841e-02	
       990.633	     5.30634e-02	
       991.954	     5.50046e-02	
       992.671	     5.60847e-02	
       993.275	     5.70105e-02	
       993.880	     5.79489e-02	
       995.088	     5.98659e-02	
       996.565	     6.22865e-02	
       997.506	     6.38745e-02	
       997.574	     6.39908e-02	
       997.806	     6.43891e-02	
       998.447	     6.54994e-02	
       999.319	     6.70397e-02	
       999.435	     6.72461e-02	
      1001.064	     7.02089e-02	
      1002.694	     7.32956e-02	
      1004.323	     7.65100e-02	
      1005.836	     7.96083e-02	
      1005.952	     7.98511e-02	
      1007.581	     8.33339e-02	
      1009.326	     8.72185e-02	
      1011.071	     9.12705e-02	
      1011.303	     9.18225e-02	
      1012.816	     9.54950e-02	
      1014.329	     9.93020e-02	
      1015.378	     1.02023e-01	
      1015.842	     1.03251e-01	
      1017.355	     1.07342e-01	
      1017.620	     1.08079e-01	
      1019.046	     1.12091e-01	
      1019.332	     1.12909e-01	
      1021.044	     1.17889e-01	
      1022.044	     1.20793e-01	
      1022.543	     1.22123e-01	
      1023.043	     1.23371e-01	
      1023.292	     1.23878e-01	
      1023.542	     1.24051e-01	
      1023.667	     1.24034e-01	
      1023.791	     1.23937e-01	
      1023.916	     1.23685e-01	
      1023.991	     1.23394e-01	
      1024.041	     1.23177e-01	
      1024.091	     1.22953e-01	
      1024.191	     1.22362e-01	
      1024.242	     1.22021e-01	
      1024.391	     1.20710e-01	
      1024.540	     1.19097e-01	
      1024.588	     1.18643e-01	
      1024.690	     1.18145e-01	
      1024.791	     1.19047e-01	
      1024.852	     1.20485e-01	
      1024.869	     1.20983e-01	
      1024.892	     1.21690e-01	
      1024.915	     1.22360e-01	
      1024.947	     1.23127e-01	
      1024.978	     1.23532e-01	
      1024.993	     1.23614e-01	
      1025.009	     1.23668e-01	
      1025.025	     1.23718e-01	
      1025.040	     1.23765e-01	
      1025.056	     1.23816e-01	
      1025.072	     1.23865e-01	
      1025.087	     1.23912e-01	
      1025.103	     1.23963e-01	
      1025.134	     1.24058e-01	
      1025.196	     1.23709e-01	
      1025.271	     1.22010e-01	
      1025.320	     1.20993e-01	
      1025.371	     1.20430e-01	
      1025.471	     1.20636e-01	
      1025.521	     1.21231e-01	
      1025.571	     1.21970e-01	
      1025.621	     1.22845e-01	
      1025.721	     1.24626e-01	
      1025.772	     1.25469e-01	
      1025.921	     1.27658e-01	
      1026.070	     1.29485e-01	
      1026.219	     1.31065e-01	
      1026.369	     1.32335e-01	
      1026.518	     1.33416e-01	
      1026.563	     1.33717e-01	
      1026.816	     1.35276e-01	
      1027.069	     1.36481e-01	
      1027.322	     1.37571e-01	
      1027.828	     1.39634e-01	
      1028.615	     1.42626e-01	
      1028.796	     1.43294e-01	
      1028.841	     1.43460e-01	
      1029.067	     1.44292e-01	
      1029.338	     1.45292e-01	
      1029.881	     1.47298e-01	
      1030.965	     1.51369e-01	
      1033.082	     1.59563e-01	
      1033.135	     1.59769e-01	
      1033.187	     1.59975e-01	
      1033.230	     1.60146e-01	
      1033.291	     1.60388e-01	
      1033.499	     1.61218e-01	
      1033.915	     1.62888e-01	
      1034.747	     1.66276e-01	
      1036.265	     1.72625e-01	
      1037.783	     1.79192e-01	
      1039.172	     1.85397e-01	
      1039.258	     1.85788e-01	
      1039.301	     1.85984e-01	
      1039.344	     1.86180e-01	
      1039.504	     1.86910e-01	
      1039.516	     1.86965e-01	
      1039.860	     1.88546e-01	
      1040.549	     1.91744e-01	
      1041.925	     1.98289e-01	
      1044.347	     2.10292e-01	
      1046.768	     2.22955e-01	
      1049.029	     2.35405e-01	
      1049.189	     2.36309e-01	
      1049.349	     2.37218e-01	
      1049.670	     2.39043e-01	
      1050.310	     2.42732e-01	
      1051.591	     2.50266e-01	
      1053.952	     2.64718e-01	
      1054.152	     2.65977e-01	
      1054.352	     2.67242e-01	
      1054.752	     2.69787e-01	
      1054.952	     2.71068e-01	
      1055.553	     2.74945e-01	
      1057.153	     2.85531e-01	
      1059.355	     3.00693e-01	
      1061.556	     3.16591e-01	
      1063.156	     3.28629e-01	
      1063.757	     3.33251e-01	
      1064.357	     3.37932e-01	
      1065.558	     3.47470e-01	
      1066.558	     3.55606e-01	
      1067.959	     3.67287e-01	
      1069.359	     3.79316e-01	
      1069.960	     3.84581e-01	
      1072.161	     4.04445e-01	
      1074.362	     4.25240e-01	
      1076.563	     4.47002e-01	
      1078.163	     4.63460e-01	
      1078.687	     4.68964e-01	
      1078.764	     4.69772e-01	
      1078.980	     4.72065e-01	
      1079.364	     4.76165e-01	
      1080.565	     4.89181e-01	
      1080.712	     4.90789e-01	
      1082.442	     5.10176e-01	
      1084.173	     5.30247e-01	
      1085.905	     5.51020e-01	
      1087.637	     5.72527e-01	
      1089.318	     5.94144e-01	
      1089.367	     5.94785e-01	
      1089.418	     5.95454e-01	
      1089.518	     5.96768e-01	
      1089.718	     5.99400e-01	
      1090.119	     6.04700e-01	
      1090.669	     6.12055e-01	
      1090.919	     6.15425e-01	
      1092.520	     6.37395e-01	
      1094.370	     6.63680e-01	
      1096.221	     6.90946e-01	
      1096.771	     6.99246e-01	
      1098.072	     7.19221e-01	
      1099.372	     7.39713e-01	
      1099.573	     7.42908e-01	
      1101.974	     7.82216e-01	
      1104.374	     8.23386e-01	
      1106.775	     8.66492e-01	
      1108.976	     9.07779e-01	
      1109.176	     9.11618e-01	
      1109.376	     9.15470e-01	
      1109.777	     9.23264e-01	
      1109.977	     9.27181e-01	
      1110.577	     9.39025e-01	
      1112.177	     9.71289e-01	
      1114.378	     1.01729e+00	
      1116.579	     1.06525e+00	
      1118.180	     1.10140e+00	
      1118.684	     1.11302e+00	
      1118.780	     1.11525e+00	
      1119.380	     1.12925e+00	
      1120.076	     1.14569e+00	
      1121.469	     1.17922e+00	
      1123.778	     1.23677e+00	
      1124.254	     1.24893e+00	
      1124.730	     1.26116e+00	
      1125.682	     1.28595e+00	
      1125.790	     1.28879e+00	
      1127.075	     1.32300e+00	
      1127.587	     1.33688e+00	
      1127.845	     1.34392e+00	
      1129.384	     1.38662e+00	
      1129.769	     1.39750e+00	
      1131.692	     1.45300e+00	
      1133.616	     1.51046e+00	
      1135.540	     1.56994e+00	
      1137.463	     1.63147e+00	
      1139.387	     1.69506e+00	
      1142.080	     1.78764e+00	
      1143.234	     1.82864e+00	
      1144.004	     1.85643e+00	
      1144.388	     1.87043e+00	
      1146.697	     1.95633e+00	
      1146.889	     1.96362e+00	
      1149.390	     2.06036e+00	
      1151.891	     2.15984e+00	
      1154.391	     2.26214e+00	
      1159.393	     2.47084e+00	
      1164.394	     2.67996e+00	
      1169.395	     2.88186e+00	
      1171.896	     2.98161e+00	
      1173.146	     3.03383e+00	
      1174.397	     3.08937e+00	
      1175.647	     3.14970e+00	
      1176.897	     3.21630e+00	
      1177.860	     3.27159e+00	
      1178.148	     3.28900e+00	
      1179.398	     3.36732e+00	
      1180.936	     3.46961e+00	
      1182.475	     3.57623e+00	
      1182.858	     3.60322e+00	
      1184.013	     3.68569e+00	
      1185.168	     3.76916e+00	
      1185.558	     3.79746e+00	
      1187.479	     3.93953e+00	
      1189.400	     4.08470e+00	
      1192.085	     4.29500e+00	
      1193.243	     4.38950e+00	
      1194.034	     4.45503e+00	
      1194.402	     4.48588e+00	
      1196.718	     4.68405e+00	
      1196.902	     4.70001e+00	
      1199.403	     4.92143e+00	
      1201.903	     5.15595e+00	
      1204.404	     5.41152e+00	
      1206.904	     5.68719e+00	
      1208.485	     5.86963e+00	
      1209.405	     5.97785e+00	
      1210.325	     6.08759e+00	
      1211.639	     6.24194e+00	
      1212.165	     6.30219e+00	
      1212.691	     6.36116e+00	
      1213.613	     6.46408e+00	
      1213.744	     6.47881e+00	
      1213.807	     6.48591e+00	
      1213.875	     6.49358e+00	
      1214.137	     6.52320e+00	
      1214.171	     6.52707e+00	
      1214.467	     6.56071e+00	
      1214.615	     6.57758e+00	
      1214.763	     6.59452e+00	
      1214.837	     6.60297e+00	
      1214.911	     6.61145e+00	
      1214.948	     6.61569e+00	
      1214.985	     6.61996e+00	
      1215.004	     6.62213e+00	
      1215.022	     6.62421e+00	
      1215.040	     6.62628e+00	
      1215.059	     6.62845e+00	
      1215.077	     6.63052e+00	
      1215.095	     6.63259e+00	
      1215.114	     6.63476e+00	
      1215.132	     6.63683e+00	
      1215.169	     6.64111e+00	
      1215.243	     6.64962e+00	
      1215.391	     6.66671e+00	
      1215.637	     6.69521e+00	
      1215.687	     6.70099e+00	
      1215.737	     6.70680e+00	
      1215.795	     6.71355e+00	
      1215.837	     6.71842e+00	
      1216.037	     6.74173e+00	
      1216.064	     6.74487e+00	
      1216.279	     6.77004e+00	
      1216.763	     6.82693e+00	
      1217.462	     6.90984e+00	
      1218.315	     7.01050e+00	
      1218.861	     7.07242e+00	
      1218.985	     7.08586e+00	
      1219.407	     7.13035e+00	
      1219.829	     7.17320e+00	
      1220.104	     7.20015e+00	
      1220.673	     7.25387e+00	
      1222.361	     7.41020e+00	
      1224.619	     7.63492e+00	
      1226.876	     7.88998e+00	
      1228.858	     8.13248e+00	
      1229.134	     8.16776e+00	
      1229.409	     8.20323e+00	
      1229.740	     8.24677e+00	
      1229.959	     8.27571e+00	
      1230.178	     8.30471e+00	
      1230.616	     8.36392e+00	
      1231.492	     8.48431e+00	
      1231.694	     8.51249e+00	
      1233.244	     8.73055e+00	
      1234.794	     8.95514e+00	
      1236.380	     9.19199e+00	
      1237.895	     9.42421e+00	
      1239.410	     9.66184e+00	
      1240.470	     9.83149e+00	
      1242.441	     1.01559e+01	
      1244.411	     1.04901e+01	
      1247.291	     1.09985e+01	
      1248.352	     1.11909e+01	
      1248.652	     1.12460e+01	
      1249.412	     1.13865e+01	
      1251.532	     1.17867e+01	
      1251.912	     1.18598e+01	
      1254.413	     1.23505e+01	
      1256.913	     1.28595e+01	
      1259.413	     1.33889e+01	
      1261.914	     1.39435e+01	
      1264.414	     1.45248e+01	
      1266.914	     1.51375e+01	
      1269.415	     1.57853e+01	
      1271.915	     1.64646e+01	
      1274.415	     1.71763e+01	
      1276.915	     1.79105e+01	
      1279.416	     1.86754e+01	
      1281.916	     1.94603e+01	
      1284.416	     2.02689e+01	
      1286.917	     2.11051e+01	
      1289.417	     2.19653e+01	
      1291.917	     2.28406e+01	
      1294.417	     2.37476e+01	
      1296.918	     2.46837e+01	
      1299.418	     2.56498e+01	
      1301.918	     2.66586e+01	
      1304.418	     2.77035e+01	
      1309.419	     2.98901e+01	
      1314.419	     3.21844e+01	
      1316.919	     3.33876e+01	
      1319.420	     3.46326e+01	
      1321.920	     3.59213e+01	
      1324.420	     3.72565e+01	
      1326.920	     3.86498e+01	
      1329.420	     4.00874e+01	
      1334.421	     4.30546e+01	
      1339.421	     4.61855e+01	
      1341.921	     4.78154e+01	
      1344.421	     4.94970e+01	
      1346.921	     5.12576e+01	
      1349.421	     5.30775e+01	
      1354.422	     5.69103e+01	
      1359.422	     6.09862e+01	
      1364.422	     6.52107e+01	
      1365.191	     6.58773e+01	
      1369.422	     6.96526e+01	
      1373.653	     7.36283e+01	
      1376.346	     7.62873e+01	
      1377.884	     7.78443e+01	
      1379.422	     7.94402e+01	
      1380.574	     8.06544e+01	
      1382.499	     8.27178e+01	
      1384.423	     8.48331e+01	
      1387.119	     8.78738e+01	
      1388.271	     8.92018e+01	
      1389.031	     9.00874e+01	
      1389.423	     9.05470e+01	
      1391.727	     9.32918e+01	
      1394.423	     9.65722e+01	
      1399.423	     1.02835e+02	
      1404.423	     1.09429e+02	
      1409.423	     1.16404e+02	
      1414.423	     1.23846e+02	
      1419.423	     1.31774e+02	
      1424.423	     1.40092e+02	
      1429.423	     1.48827e+02	
      1434.423	     1.57879e+02	
      1439.423	     1.67339e+02	
      1444.422	     1.77237e+02	
      1449.422	     1.87815e+02	
      1454.422	     1.99123e+02	
      1459.422	     2.11038e+02	
      1464.422	     2.23671e+02	
      1465.960	     2.27712e+02	
      1469.422	     2.36963e+02	
      1472.884	     2.46390e+02	
      1473.268	     2.47429e+02	
      1474.422	     2.50571e+02	
      1476.345	     2.55881e+02	
      1479.421	     2.64499e+02	
      1484.421	     2.79005e+02	
      1489.421	     2.94149e+02	
      1494.421	     3.09888e+02	
      1499.420	     3.26484e+02	
      1504.420	     3.44322e+02	
      1509.420	     3.63313e+02	
      1514.420	     3.83350e+02	
      1519.419	     4.04452e+02	
      1524.419	     4.26867e+02	
      1529.419	     4.50586e+02	
      1534.418	     4.74924e+02	
      1539.418	     4.99529e+02	
      1544.418	     5.24687e+02	
      1549.417	     5.50344e+02	
      1554.417	     5.76492e+02	
      1559.417	     6.02787e+02	
      1564.416	     6.29974e+02	
      1566.724	     6.43021e+02	
      1569.416	     6.58798e+02	
      1570.186	     6.63398e+02	
      1572.107	     6.74996e+02	
      1574.415	     6.89338e+02	
      1574.800	     6.91754e+02	
      1579.415	     7.21583e+02	
      1584.414	     7.55229e+02	
      1589.414	     7.90180e+02	
      1594.413	     8.26807e+02	
      1599.413	     8.65641e+02	
      1604.413	     9.06309e+02	
      1609.412	     9.50011e+02	
      1614.412	     9.96677e+02	
      1619.411	     1.04685e+03	
      1624.410	     1.10117e+03	
      1629.410	     1.15989e+03	
      1634.409	     1.22249e+03	
      1639.409	     1.28836e+03	
      1644.408	     1.35517e+03	
      1649.408	     1.42209e+03	
      1654.407	     1.48832e+03	
      1659.407	     1.55427e+03	
      1664.406	     1.62098e+03	
      1665.560	     1.63645e+03	
      1669.405	     1.68806e+03	
      1670.174	     1.69853e+03	
      1673.251	     1.74070e+03	
      1674.405	     1.75685e+03	
      1676.328	     1.78410e+03	
      1679.404	     1.82861e+03	
      1684.404	     1.90269e+03	
      1689.403	     1.98021e+03	
      1694.402	     2.06163e+03	
      1699.402	     2.14610e+03	
      1704.401	     2.23402e+03	
      1709.400	     2.32563e+03	
      1714.400	     2.42103e+03	
      1719.399	     2.52006e+03	
      1724.398	     2.62282e+03	
      1729.398	     2.72937e+03	
      1734.397	     2.83956e+03	
      1739.396	     2.95321e+03	
      1744.396	     3.07042e+03	
      1749.395	     3.19019e+03	
      1754.394	     3.31394e+03	
      1759.393	     3.44124e+03	
      1764.393	     3.57252e+03	
      1767.084	     3.64497e+03	
      1767.854	     3.66589e+03	
      1769.392	     3.70802e+03	
      1771.700	     3.77202e+03	
      1774.391	     3.84814e+03	
      1775.545	     3.88112e+03	
      1779.391	     3.99293e+03	
      1784.390	     4.14316e+03	
      1789.389	     4.29845e+03	
      1794.388	     4.45779e+03	
      1799.387	     4.62207e+03	
      1809.386	     4.96375e+03	
      1819.384	     5.32604e+03	
      1823.999	     5.50002e+03	
      1829.383	     5.70890e+03	
      1834.767	     5.92432e+03	
      1845.535	     6.37347e+03	
      1856.303	     6.85282e+03	
      1863.998	     7.21241e+03	
      1867.072	     7.35981e+03	
      1870.145	     7.50963e+03	
      1876.292	     7.81961e+03	
      1882.439	     8.13999e+03	
      1888.586	     8.47118e+03	
      1894.733	     8.81342e+03	
      1900.880	     9.16679e+03	
      1906.980	     9.52889e+03	
      1907.027	     9.53172e+03	
      1913.174	     9.90849e+03	
      1919.368	     1.03002e+04	
      1925.561	     1.07003e+04	
      1931.755	     1.11143e+04	
      1937.949	     1.15509e+04	
      1944.143	     1.19903e+04	
      1944.472	     1.20139e+04	
      1956.531	     1.29222e+04	
      1968.590	     1.38680e+04	
      1980.648	     1.48669e+04	
      1992.707	     1.59209e+04	
      2004.766	     1.70332e+04	
      2015.838	     1.81074e+04	
      2016.825	     1.82057e+04	
      2017.811	     1.83045e+04	
      2019.785	     1.85038e+04	
      2023.732	     1.89109e+04	
      2031.627	     1.97425e+04	
      2039.521	     2.05933e+04	
      2047.416	     2.14723e+04	
      2055.310	     2.23800e+04	
      2059.377	     2.28593e+04	
      2063.205	     2.33175e+04	
      2067.032	     2.37828e+04	
      2074.686	     2.47392e+04	
      2089.995	     2.67418e+04	
      2094.355	     2.73342e+04	
      2105.304	     2.88658e+04	
      2116.253	     3.04630e+04	
      2127.202	     3.21297e+04	
      2132.725	     3.30015e+04	
      2138.151	     3.38789e+04	
      2149.099	     3.56866e+04	
      2165.474	     3.85241e+04	
      2181.848	     4.15271e+04	
      2198.223	     4.47033e+04	
      2214.501	     4.80390e+04	
      2214.598	     4.80595e+04	
      2214.695	     4.80799e+04	
      2214.741	     4.80893e+04	
      2214.888	     4.81204e+04	
      2215.276	     4.82021e+04	
      2216.052	     4.83651e+04	
      2217.604	     4.86928e+04	
      2220.707	     4.93437e+04	
      2226.914	     5.06620e+04	
      2227.034	     5.06877e+04	
      2239.327	     5.33750e+04	
      2251.621	     5.61418e+04	
      2263.914	     5.90001e+04	
      2276.207	     6.20351e+04	
      2288.501	     6.51535e+04	
      2300.794	     6.83752e+04	
      2312.946	     7.17323e+04	
      2313.040	     7.17590e+04	
      2313.087	     7.17722e+04	
      2313.134	     7.17854e+04	
      2313.322	     7.18372e+04	
      2313.697	     7.19415e+04	
      2314.449	     7.21498e+04	
      2315.951	     7.25683e+04	
      2318.955	     7.34096e+04	
      2324.964	     7.51136e+04	
      2336.980	     7.86674e+04	
      2348.996	     8.24153e+04	
      2359.673	     8.58582e+04	
      2361.014	     8.62983e+04	
      2362.354	     8.67551e+04	
      2365.036	     8.76790e+04	
      2370.399	     8.95511e+04	
      2381.125	     9.33977e+04	
      2391.852	     9.73812e+04	
      2395.881	     9.89840e+04	
      2402.577	     1.01712e+05	
      2409.274	     1.04508e+05	
      2415.970	     1.07384e+05	
      2422.667	     1.10347e+05	
      2429.363	     1.13549e+05	
      2436.060	     1.16863e+05	
      2442.710	     1.20262e+05	
      2449.452	     1.23839e+05	
      2451.595	     1.25002e+05	
      2456.194	     1.27545e+05	
      2460.793	     1.30360e+05	
      2465.392	     1.33242e+05	
      2474.590	     1.39275e+05	
      2475.959	     1.40205e+05	
      2483.788	     1.45723e+05	
      2484.472	     1.46220e+05	
      2492.986	     1.52675e+05	
      2501.499	     1.59712e+05	
      2510.013	     1.67030e+05	
      2518.526	     1.73938e+05	
      2522.783	     1.76976e+05	
      2527.040	     1.80613e+05	
      2531.297	     1.84645e+05	
      2535.553	     1.88768e+05	
      2539.810	     1.92977e+05	
      2544.067	     1.97272e+05	
      2548.324	     2.01664e+05	
      2554.441	     2.08209e+05	
      2556.837	     2.10842e+05	
      2559.232	     2.13500e+05	
      2564.023	     2.19239e+05	
      2573.604	     2.31110e+05	
      2583.185	     2.43711e+05	
      2592.765	     2.56931e+05	
      2602.346	     2.70787e+05	
      2611.927	     2.85253e+05	
      2621.508	     3.00470e+05	
      2631.088	     3.16380e+05	
      2640.669	     3.32915e+05	
      2642.828	     3.36725e+05	
      2650.250	     3.50049e+05	
      2657.670	     3.63818e+05	
      2665.090	     3.76240e+05	
      2672.511	     3.88800e+05	
      2687.353	     4.14345e+05	
      2702.194	     4.40410e+05	
      2717.036	     4.67067e+05	
      2737.329	     5.04317e+05	
      2746.719	     5.21863e+05	
      2756.108	     5.39638e+05	
      2774.888	     5.77506e+05	
      2793.667	     6.16390e+05	
      2807.906	     6.46584e+05	
      2812.447	     6.56354e+05	
      2831.226	     6.97446e+05	
      2842.886	     7.23524e+05	
      2854.546	     7.50043e+05	
      2866.206	     7.79212e+05	
      2877.867	     8.09067e+05	
      2901.187	     8.70548e+05	
      2924.507	     9.34347e+05	
      2942.672	     9.85703e+05	
      2947.827	     1.00055e+06	
      2952.983	     1.01552e+06	
      2963.295	     1.04436e+06	
      2983.917	     1.10336e+06	
      2998.906	     1.14738e+06	
      3004.540	     1.16417e+06	
      3025.163	     1.22674e+06	
      3038.292	     1.26751e+06	
      3051.421	     1.30918e+06	
      3058.014	     1.33313e+06	
      3064.549	     1.35710e+06	
      3077.678	     1.40597e+06	
      3080.974	     1.41838e+06	
      3103.935	     1.50639e+06	
      3126.896	     1.59722e+06	
      3138.377	     1.64371e+06	
      3149.857	     1.69095e+06	
      3161.337	     1.74417e+06	
      3172.818	     1.79833e+06	
      3184.298	     1.85344e+06	
      3195.778	     1.90962e+06	
      3207.258	     1.96682e+06	
      3212.145	     1.99142e+06	
      3230.220	     2.08375e+06	
      3239.256	     2.13066e+06	
      3243.775	     2.15432e+06	
      3248.294	     2.17810e+06	
      3252.813	     2.19573e+06	
      3257.332	     2.21342e+06	
      3261.850	     2.23115e+06	
      3266.368	     2.24893e+06	
      3270.887	     2.26676e+06	
      3275.406	     2.28463e+06	
      3276.381	     2.28849e+06	
      3279.925	     2.30255e+06	
      3284.443	     2.32052e+06	
      3293.481	     2.35658e+06	
      3311.555	     2.42923e+06	
      3346.730	     2.57255e+06	
      3381.905	     2.72163e+06	
      3388.992	     2.75194e+06	
      3417.079	     2.87292e+06	
      3445.167	     2.99506e+06	
      3459.081	     3.05559e+06	
      3495.922	     3.21696e+06	
      3501.341	     3.24080e+06	
      3543.602	     3.42763e+06	
      3591.283	     3.63988e+06	
      3635.884	     3.83943e+06	
      3638.963	     3.85319e+06	
      3642.042	     3.86724e+06	
      3643.122	     3.87217e+06	
      3645.121	     3.88128e+06	
      3645.281	     3.88200e+06	
      3647.121	     3.89039e+06	
      3648.960	     3.89875e+06	
      3651.320	     3.90949e+06	
      3652.639	     3.91549e+06	
      3653.959	     3.92149e+06	
      3654.239	     3.92278e+06	
      3656.598	     3.93349e+06	
      3658.958	     3.94421e+06	
      3663.397	     3.96434e+06	
      3663.676	     3.96560e+06	
      3663.956	     3.96686e+06	
      3664.516	     3.96940e+06	
      3665.636	     3.97446e+06	
      3666.796	     3.97971e+06	
      3667.875	     3.98461e+06	
      3668.275	     3.98640e+06	
      3668.955	     3.98948e+06	
      3671.115	     3.99925e+06	
      3673.954	     4.01207e+06	
      3675.202	     4.01772e+06	
      3678.952	     4.03462e+06	
      3682.583	     4.05099e+06	
      3682.703	     4.05152e+06	
      3682.822	     4.05206e+06	
      3683.062	     4.05313e+06	
      3683.178	     4.05366e+06	
      3683.542	     4.05529e+06	
      3684.502	     4.05963e+06	
      3684.819	     4.06104e+06	
      3685.826	     4.06557e+06	
      3686.832	     4.07009e+06	
      3688.742	     4.07867e+06	
      3688.846	     4.07914e+06	
      3688.939	     4.07955e+06	
      3688.950	     4.07961e+06	
      3689.158	     4.08055e+06	
      3689.377	     4.08153e+06	
      3689.730	     4.08313e+06	
      3689.815	     4.08350e+06	
      3689.900	     4.08388e+06	
      3690.070	     4.08464e+06	
      3690.410	     4.08618e+06	
      3690.624	     4.08712e+06	
      3691.089	     4.08922e+06	
      3691.469	     4.09092e+06	
      3691.554	     4.09130e+06	
      3691.700	     4.09196e+06	
      3692.484	     4.09547e+06	
      3693.499	     4.10003e+06	
      3694.397	     4.10405e+06	
      3695.297	     4.10807e+06	
      3695.808	     4.11037e+06	
      3696.197	     4.11212e+06	
      3696.525	     4.11360e+06	
      3696.586	     4.11385e+06	
      3696.647	     4.11414e+06	
      3696.666	     4.11423e+06	
      3696.759	     4.11464e+06	
      3696.769	     4.11467e+06	
      3696.872	     4.11514e+06	
      3696.929	     4.11539e+06	
      3696.985	     4.11564e+06	
      3697.041	     4.11589e+06	
      3697.097	     4.11615e+06	
      3697.153	     4.11640e+06	
      3697.209	     4.11665e+06	
      3697.265	     4.11690e+06	
      3697.322	     4.11715e+06	
      3697.347	     4.11728e+06	
      3697.405	     4.11753e+06	
      3697.434	     4.11765e+06	
      3697.463	     4.11778e+06	
      3697.499	     4.11794e+06	
      3697.529	     4.11809e+06	
      3697.579	     4.11831e+06	
      3697.659	     4.11866e+06	
      3697.819	     4.11938e+06	
      3698.109	     4.12067e+06	
      3698.429	     4.12212e+06	
      3698.688	     4.12328e+06	
      3698.886	     4.12416e+06	
      3698.947	     4.12444e+06	
      3699.008	     4.12469e+06	
      3699.130	     4.12526e+06	
      3699.374	     4.12632e+06	
      3699.533	     4.12705e+06	
      3699.862	     4.12852e+06	
      3699.879	     4.12859e+06	
      3700.191	     4.13000e+06	
      3700.198	     4.13003e+06	
      3700.503	     4.13138e+06	
      3700.808	     4.13277e+06	
      3700.842	     4.13289e+06	
      3701.092	     4.13402e+06	
      3701.418	     4.13547e+06	
      3701.994	     4.13804e+06	
      3702.444	     4.14005e+06	
      3702.895	     4.14210e+06	
      3703.121	     4.14310e+06	
      3703.346	     4.14411e+06	
      3703.458	     4.14461e+06	
      3703.571	     4.14511e+06	
      3703.628	     4.14536e+06	
      3703.684	     4.14561e+06	
      3703.740	     4.14587e+06	
      3703.797	     4.14612e+06	
      3703.853	     4.14637e+06	
      3703.909	     4.14662e+06	
      3703.966	     4.14687e+06	
      3704.022	     4.14712e+06	
      3704.085	     4.14740e+06	
      3704.134	     4.14762e+06	
      3704.185	     4.14784e+06	
      3704.210	     4.14794e+06	
      3704.222	     4.14800e+06	
      3704.285	     4.14828e+06	
      3704.314	     4.14841e+06	
      3704.360	     4.14863e+06	
      3704.406	     4.14882e+06	
      3704.491	     4.14920e+06	
      3704.567	     4.14954e+06	
      3704.590	     4.14964e+06	
      3704.689	     4.15011e+06	
      3704.811	     4.15064e+06	
      3705.055	     4.15174e+06	
      3705.373	     4.15315e+06	
      3705.543	     4.15391e+06	
      3705.713	     4.15466e+06	
      3706.052	     4.15617e+06	
      3706.073	     4.15626e+06	
      3706.732	     4.15922e+06	
      3707.267	     4.16160e+06	
      3707.391	     4.16214e+06	
      3707.515	     4.16270e+06	
      3707.614	     4.16314e+06	
      3707.763	     4.16380e+06	
      3707.912	     4.16446e+06	
      3708.118	     4.16537e+06	
      3708.210	     4.16578e+06	
      3708.302	     4.16622e+06	
      3708.486	     4.16704e+06	
      3708.763	     4.16827e+06	
      3708.854	     4.16867e+06	
      3708.873	     4.16877e+06	
      3708.945	     4.16908e+06	
      3709.127	     4.16990e+06	
      3709.206	     4.17024e+06	
      3709.491	     4.17150e+06	
      3710.108	     4.17427e+06	
      3710.902	     4.17778e+06	
      3711.011	     4.17829e+06	
      3711.120	     4.17876e+06	
      3711.213	     4.17917e+06	
      3711.323	     4.17967e+06	
      3711.338	     4.17973e+06	
      3711.463	     4.18030e+06	
      3711.517	     4.18052e+06	
      3711.576	     4.18080e+06	
      3711.603	     4.18093e+06	
      3711.689	     4.18130e+06	
      3711.746	     4.18155e+06	
      3711.802	     4.18181e+06	
      3711.858	     4.18206e+06	
      3711.915	     4.18231e+06	
      3711.971	     4.18256e+06	
      3712.027	     4.18281e+06	
      3712.084	     4.18306e+06	
      3712.140	     4.18331e+06	
      3712.203	     4.18360e+06	
      3712.252	     4.18382e+06	
      3712.303	     4.18404e+06	
      3712.327	     4.18413e+06	
      3712.331	     4.18416e+06	
      3712.403	     4.18448e+06	
      3712.479	     4.18482e+06	
      3712.631	     4.18548e+06	
      3712.931	     4.18683e+06	
      3713.228	     4.18815e+06	
      3713.531	     4.18950e+06	
      3713.833	     4.19085e+06	
      3714.242	     4.19268e+06	
      3714.420	     4.19346e+06	
      3714.439	     4.19355e+06	
      3714.636	     4.19443e+06	
      3715.030	     4.19616e+06	
      3715.640	     4.19890e+06	
      3716.765	     4.20389e+06	
      3716.790	     4.20402e+06	
      3716.860	     4.20430e+06	
      3716.955	     4.20474e+06	
      3717.145	     4.20559e+06	
      3717.524	     4.20728e+06	
      3718.189	     4.21024e+06	
      3718.259	     4.21052e+06	
      3718.329	     4.21083e+06	
      3718.469	     4.21146e+06	
      3718.556	     4.21184e+06	
      3718.631	     4.21218e+06	
      3718.734	     4.21266e+06	
      3718.749	     4.21272e+06	
      3718.942	     4.21357e+06	
      3719.253	     4.21495e+06	
      3719.474	     4.21592e+06	
      3719.772	     4.21724e+06	
      3720.070	     4.21856e+06	
      3720.356	     4.21969e+06	
      3720.523	     4.22038e+06	
      3720.666	     4.22095e+06	
      3720.976	     4.22217e+06	
      3721.202	     4.22302e+06	
      3721.428	     4.22387e+06	
      3721.542	     4.22428e+06	
      3721.655	     4.22469e+06	
      3721.711	     4.22491e+06	
      3721.768	     4.22513e+06	
      3721.825	     4.22535e+06	
      3721.881	     4.22554e+06	
      3721.938	     4.22576e+06	
      3721.995	     4.22598e+06	
      3722.051	     4.22616e+06	
      3722.108	     4.22638e+06	
      3722.221	     4.22682e+06	
      3722.398	     4.22748e+06	
      3722.447	     4.22764e+06	
      3722.498	     4.22783e+06	
      3722.598	     4.22821e+06	
      3722.695	     4.22858e+06	
      3722.798	     4.22896e+06	
      3722.901	     4.22934e+06	
      3723.107	     4.23012e+06	
      3723.231	     4.23056e+06	
      3723.519	     4.23166e+06	
      3723.807	     4.23273e+06	
      3724.383	     4.23487e+06	
      3725.451	     4.23886e+06	
      3725.534	     4.23917e+06	
      3725.617	     4.23945e+06	
      3725.751	     4.23996e+06	
      3725.783	     4.24008e+06	
      3725.916	     4.24058e+06	
      3725.931	     4.24065e+06	
      3726.115	     4.24131e+06	
      3726.479	     4.24266e+06	
      3727.042	     4.24476e+06	
      3727.366	     4.24599e+06	
      3728.153	     4.24891e+06	
      3728.639	     4.25070e+06	
      3728.940	     4.25183e+06	
      3729.009	     4.25208e+06	
      3729.240	     4.25293e+06	
      3729.842	     4.25519e+06	
      3730.676	     4.25827e+06	
      3732.194	     4.26393e+06	
      3732.344	     4.26446e+06	
      3732.494	     4.26503e+06	
      3732.794	     4.26613e+06	
      3733.352	     4.26820e+06	
      3733.384	     4.26832e+06	
      3733.393	     4.26836e+06	
      3733.402	     4.26839e+06	
      3733.452	     4.26858e+06	
      3733.552	     4.26895e+06	
      3733.648	     4.26930e+06	
      3733.752	     4.26971e+06	
      3733.856	     4.27008e+06	
      3734.004	     4.27062e+06	
      3734.044	     4.27078e+06	
      3734.064	     4.27084e+06	
      3734.084	     4.27093e+06	
      3734.131	     4.27109e+06	
      3734.140	     4.27112e+06	
      3734.164	     4.27122e+06	
      3734.197	     4.27134e+06	
      3734.254	     4.27156e+06	
      3734.311	     4.27175e+06	
      3734.368	     4.27197e+06	
      3734.425	     4.27219e+06	
      3734.482	     4.27241e+06	
      3734.539	     4.27260e+06	
      3734.652	     4.27304e+06	
      3734.829	     4.27370e+06	
      3734.878	     4.27389e+06	
      3734.929	     4.27407e+06	
      3735.029	     4.27442e+06	
      3735.124	     4.27480e+06	
      3735.173	     4.27495e+06	
      3735.229	     4.27517e+06	
      3735.334	     4.27555e+06	
      3735.391	     4.27577e+06	
      3735.495	     4.27615e+06	
      3735.817	     4.27734e+06	
      3736.000	     4.27803e+06	
      3736.243	     4.27894e+06	
      3736.486	     4.27982e+06	
      3736.971	     4.28165e+06	
      3737.826	     4.28479e+06	
      3737.943	     4.28523e+06	
      3738.060	     4.28567e+06	
      3738.294	     4.28651e+06	
      3738.587	     4.28761e+06	
      3738.762	     4.28827e+06	
      3738.937	     4.28890e+06	
      3739.287	     4.29019e+06	
      3739.498	     4.29098e+06	
      3739.987	     4.29280e+06	
      3740.476	     4.29459e+06	
      3741.212	     4.29732e+06	
      3741.453	     4.29820e+06	
      3741.694	     4.29911e+06	
      3742.092	     4.30059e+06	
      3742.176	     4.30087e+06	
      3742.260	     4.30119e+06	
      3742.428	     4.30181e+06	
      3742.671	     4.30273e+06	
      3742.733	     4.30295e+06	
      3742.764	     4.30307e+06	
      3742.795	     4.30317e+06	
      3742.864	     4.30342e+06	
      3742.919	     4.30364e+06	
      3743.167	     4.30455e+06	
      3743.663	     4.30637e+06	
      3744.620	     4.30992e+06	
      3744.654	     4.31005e+06	
      3746.445	     4.31664e+06	
      3747.605	     4.32092e+06	
      3748.269	     4.32337e+06	
      3748.844	     4.32547e+06	
      3748.904	     4.32569e+06	
      3748.934	     4.32582e+06	
      3748.964	     4.32591e+06	
      3748.986	     4.32600e+06	
      3749.084	     4.32635e+06	
      3749.118	     4.32648e+06	
      3749.182	     4.32673e+06	
      3749.378	     4.32745e+06	
      3749.409	     4.32758e+06	
      3749.638	     4.32839e+06	
      3749.753	     4.32883e+06	
      3749.867	     4.32924e+06	
      3749.924	     4.32946e+06	
      3749.981	     4.32965e+06	
      3750.038	     4.32987e+06	
      3750.095	     4.33006e+06	
      3750.152	     4.33028e+06	
      3750.209	     4.33050e+06	
      3750.266	     4.33072e+06	
      3750.323	     4.33091e+06	
      3750.437	     4.33135e+06	
      3750.616	     4.33200e+06	
      3750.665	     4.33219e+06	
      3750.716	     4.33238e+06	
      3750.816	     4.33273e+06	
      3750.910	     4.33307e+06	
      3751.016	     4.33348e+06	
      3751.122	     4.33386e+06	
      3751.334	     4.33464e+06	
      3751.481	     4.33518e+06	
      3751.758	     4.33621e+06	
      3752.035	     4.33722e+06	
      3752.588	     4.33926e+06	
      3753.533	     4.34272e+06	
      3753.696	     4.34331e+06	
      3753.782	     4.34366e+06	
      3753.859	     4.34394e+06	
      3754.185	     4.34514e+06	
      3754.274	     4.34545e+06	
      3754.837	     4.34752e+06	
      3755.892	     4.35139e+06	
      3756.086	     4.35211e+06	
      3757.473	     4.35720e+06	
      3757.509	     4.35733e+06	
      3757.548	     4.35748e+06	
      3758.932	     4.36254e+06	
      3760.390	     4.36788e+06	
      3761.656	     4.37253e+06	
      3762.717	     4.37640e+06	
      3763.233	     4.37828e+06	
      3764.809	     4.38406e+06	
      3765.066	     4.38500e+06	
      3766.902	     4.39170e+06	
      3768.545	     4.39770e+06	
      3768.737	     4.39839e+06	
      3768.929	     4.39908e+06	
      3768.971	     4.39924e+06	
      3769.196	     4.40005e+06	
      3769.313	     4.40049e+06	
      3769.655	     4.40175e+06	
      3769.885	     4.40257e+06	
      3770.114	     4.40341e+06	
      3770.228	     4.40382e+06	
      3770.343	     4.40423e+06	
      3770.401	     4.40445e+06	
      3770.458	     4.40464e+06	
      3770.515	     4.40486e+06	
      3770.573	     4.40505e+06	
      3770.630	     4.40527e+06	
      3770.687	     4.40549e+06	
      3770.745	     4.40568e+06	
      3770.802	     4.40590e+06	
      3770.867	     4.40615e+06	
      3770.916	     4.40634e+06	
      3770.967	     4.40652e+06	
      3770.988	     4.40659e+06	
      3771.003	     4.40665e+06	
      3771.067	     4.40687e+06	
      3771.146	     4.40715e+06	
      3771.304	     4.40775e+06	
      3771.604	     4.40885e+06	
      3771.890	     4.40989e+06	
      3771.951	     4.41010e+06	
      3772.206	     4.41105e+06	
      3772.522	     4.41218e+06	
      3773.154	     4.41447e+06	
      3774.357	     4.41887e+06	
      3775.497	     4.42302e+06	
      3776.762	     4.42760e+06	
      3777.127	     4.42892e+06	
      3778.027	     4.43219e+06	
      3778.399	     4.43354e+06	
      3778.927	     4.43546e+06	
      3780.726	     4.44199e+06	
      3781.844	     4.44601e+06	
      3783.053	     4.45041e+06	
      3783.159	     4.45079e+06	
      3784.263	     4.45478e+06	
      3785.367	     4.45877e+06	
      3786.225	     4.46188e+06	
      3787.401	     4.46612e+06	
      3787.574	     4.46675e+06	
      3788.924	     4.47162e+06	
      3790.447	     4.47712e+06	
      3792.841	     4.48572e+06	
      3793.492	     4.48808e+06	
      3794.143	     4.49044e+06	
      3794.897	     4.49314e+06	
      3795.066	     4.49373e+06	
      3795.444	     4.49512e+06	
      3795.991	     4.49706e+06	
      3796.454	     4.49873e+06	
      3796.916	     4.50039e+06	
      3797.147	     4.50121e+06	
      3797.378	     4.50203e+06	
      3797.494	     4.50244e+06	
      3797.609	     4.50284e+06	
      3797.666	     4.50306e+06	
      3797.724	     4.50325e+06	
      3797.782	     4.50344e+06	
      3797.840	     4.50366e+06	
      3797.898	     4.50385e+06	
      3797.956	     4.50407e+06	
      3798.014	     4.50429e+06	
      3798.072	     4.50451e+06	
      3798.187	     4.50492e+06	
      3798.367	     4.50558e+06	
      3798.416	     4.50577e+06	
      3798.467	     4.50595e+06	
      3798.567	     4.50630e+06	
      3798.655	     4.50665e+06	
      3798.753	     4.50699e+06	
      3798.767	     4.50702e+06	
      3798.837	     4.50727e+06	
      3798.879	     4.50743e+06	
      3798.921	     4.50759e+06	
      3799.046	     4.50803e+06	
      3799.089	     4.50819e+06	
      3799.425	     4.50941e+06	
      3799.471	     4.50957e+06	
      3799.804	     4.51076e+06	
      3800.562	     4.51349e+06	
      3801.653	     4.51739e+06	
      3802.319	     4.51978e+06	
      3803.834	     4.52521e+06	
      3805.349	     4.53062e+06	
      3807.837	     4.53951e+06	
      3808.378	     4.54145e+06	
      3808.919	     4.54337e+06	
      3810.000	     4.54724e+06	
      3811.586	     4.55289e+06	
      3812.164	     4.55496e+06	
      3812.742	     4.55701e+06	
      3813.897	     4.56112e+06	
      3815.777	     4.56781e+06	
      3816.093	     4.56894e+06	
      3816.209	     4.56935e+06	
      3816.641	     4.57089e+06	
      3817.439	     4.57378e+06	
      3817.504	     4.57403e+06	
      3818.916	     4.57919e+06	
      3820.393	     4.58465e+06	
      3822.566	     4.59269e+06	
      3823.346	     4.59558e+06	
      3823.512	     4.59618e+06	
      3824.126	     4.59844e+06	
      3825.685	     4.60422e+06	
      3826.804	     4.60834e+06	
      3827.859	     4.61224e+06	
      3828.914	     4.61610e+06	
      3830.454	     4.62179e+06	
      3831.023	     4.62389e+06	
      3831.592	     4.62600e+06	
      3832.001	     4.62750e+06	
      3832.525	     4.62942e+06	
      3832.730	     4.63017e+06	
      3833.458	     4.63288e+06	
      3833.925	     4.63457e+06	
      3834.392	     4.63630e+06	
      3834.626	     4.63715e+06	
      3834.859	     4.63800e+06	
      3834.975	     4.63840e+06	
      3835.092	     4.63881e+06	
      3835.151	     4.63903e+06	
      3835.209	     4.63922e+06	
      3835.267	     4.63941e+06	
      3835.326	     4.63960e+06	
      3835.384	     4.63982e+06	
      3835.442	     4.64004e+06	
      3835.501	     4.64026e+06	
      3835.559	     4.64051e+06	
      3835.626	     4.64076e+06	
      3835.675	     4.64095e+06	
      3835.726	     4.64117e+06	
      3835.743	     4.64123e+06	
      3835.774	     4.64136e+06	
      3835.826	     4.64155e+06	
      3835.909	     4.64186e+06	
      3836.075	     4.64246e+06	
      3836.376	     4.64359e+06	
      3836.646	     4.64459e+06	
      3836.977	     4.64582e+06	
      3837.029	     4.64601e+06	
      3837.308	     4.64704e+06	
      3837.970	     4.64946e+06	
      3838.647	     4.65198e+06	
      3838.911	     4.65295e+06	
      3839.175	     4.65389e+06	
      3839.703	     4.65584e+06	
      3840.758	     4.65970e+06	
      3842.753	     4.66702e+06	
      3842.831	     4.66731e+06	
      3842.870	     4.66743e+06	
      3842.909	     4.66759e+06	
      3843.065	     4.66816e+06	
      3843.377	     4.66929e+06	
      3844.001	     4.67158e+06	
      3844.588	     4.67372e+06	
      3845.248	     4.67613e+06	
      3845.547	     4.67723e+06	
      3845.908	     4.67855e+06	
      3847.228	     4.68339e+06	
      3847.442	     4.68415e+06	
      3848.908	     4.68952e+06	
      3850.375	     4.69486e+06	
      3851.976	     4.70070e+06	
      3853.308	     4.70554e+06	
      3854.640	     4.71038e+06	
      3855.701	     4.71424e+06	
      3857.303	     4.72005e+06	
      3858.906	     4.72587e+06	
      3862.006	     4.73708e+06	
      3862.111	     4.73746e+06	
      3862.216	     4.73784e+06	
      3862.426	     4.73859e+06	
      3862.846	     4.74010e+06	
      3863.685	     4.74315e+06	
      3865.170	     4.74849e+06	
      3865.365	     4.74918e+06	
      3865.560	     4.74990e+06	
      3865.950	     4.75128e+06	
      3866.730	     4.75411e+06	
      3867.675	     4.75750e+06	
      3868.289	     4.75970e+06	
      3868.903	     4.76193e+06	
      3870.131	     4.76633e+06	
      3871.324	     4.77060e+06	
      3872.586	     4.77513e+06	
      3873.848	     4.77965e+06	
      3876.324	     4.78851e+06	
      3876.368	     4.78867e+06	
      3876.371	     4.78870e+06	
      3876.374	     4.78870e+06	
      3876.424	     4.78889e+06	
      3876.524	     4.78923e+06	
      3876.724	     4.78995e+06	
      3876.947	     4.79074e+06	
      3877.124	     4.79137e+06	
      3877.924	     4.79423e+06	
      3878.900	     4.79771e+06	
      3880.290	     4.80265e+06	
      3880.854	     4.80466e+06	
      3881.418	     4.80667e+06	
      3882.546	     4.81069e+06	
      3884.398	     4.81726e+06	
      3884.801	     4.81867e+06	
      3884.923	     4.81911e+06	
      3885.204	     4.82011e+06	
      3886.010	     4.82297e+06	
      3886.151	     4.82348e+06	
      3887.096	     4.82681e+06	
      3887.568	     4.82844e+06	
      3888.042	     4.83010e+06	
      3888.280	     4.83092e+06	
      3888.516	     4.83174e+06	
      3888.633	     4.83215e+06	
      3888.752	     4.83252e+06	
      3888.844	     4.83281e+06	
      3888.866	     4.83287e+06	
      3888.871	     4.83290e+06	
      3888.898	     4.83296e+06	
      3888.930	     4.83306e+06	
      3888.989	     4.83321e+06	
      3889.048	     4.83340e+06	
      3889.107	     4.83365e+06	
      3889.166	     4.83391e+06	
      3889.225	     4.83413e+06	
      3889.294	     4.83441e+06	
      3889.343	     4.83463e+06	
      3889.394	     4.83482e+06	
      3889.408	     4.83485e+06	
      3889.450	     4.83501e+06	
      3889.494	     4.83519e+06	
      3889.580	     4.83551e+06	
      3889.752	     4.83614e+06	
      3890.054	     4.83724e+06	
      3890.315	     4.83818e+06	
      3890.474	     4.83874e+06	
      3890.657	     4.83937e+06	
      3890.999	     4.84060e+06	
      3891.683	     4.84305e+06	
      3892.892	     4.84732e+06	
      3893.942	     4.85103e+06	
      3894.458	     4.85285e+06	
      3895.309	     4.85583e+06	
      3896.219	     4.85904e+06	
      3896.677	     4.86067e+06	
      3898.895	     4.86846e+06	
      3899.603	     4.87095e+06	
      3901.572	     4.87786e+06	
      3903.894	     4.88599e+06	
      3904.248	     4.88722e+06	
      3908.893	     4.90343e+06	
      3913.891	     4.92080e+06	
      3918.890	     4.93956e+06	
      3923.889	     4.95844e+06	
      3928.216	     4.97474e+06	
      3928.353	     4.97525e+06	
      3928.887	     4.97726e+06	
      3929.559	     4.97980e+06	
      3930.903	     4.98483e+06	
      3933.453	     4.99438e+06	
      3935.810	     5.00317e+06	
      3937.347	     5.00889e+06	
      3938.885	     5.01461e+06	
      3940.036	     5.01888e+06	
      3941.960	     5.02605e+06	
      3943.883	     5.03315e+06	
      3946.579	     5.04310e+06	
      3947.730	     5.04735e+06	
      3948.882	     5.05159e+06	
      3950.653	     5.05809e+06	
      3951.015	     5.05944e+06	
      3951.186	     5.06007e+06	
      3951.718	     5.06202e+06	
      3952.784	     5.06591e+06	
      3954.554	     5.07242e+06	
      3957.306	     5.08244e+06	
      3958.093	     5.08533e+06	
      3958.624	     5.08724e+06	
      3958.880	     5.08819e+06	
      3960.453	     5.09390e+06	
      3962.283	     5.10053e+06	
      3965.737	     5.11300e+06	
      3965.942	     5.11373e+06	
      3966.147	     5.11448e+06	
      3966.557	     5.11596e+06	
      3966.675	     5.11637e+06	
      3967.279	     5.11853e+06	
      3967.376	     5.11888e+06	
      3968.078	     5.12139e+06	
      3968.709	     5.12362e+06	
      3968.877	     5.12419e+06	
      3969.045	     5.12479e+06	
      3969.234	     5.12545e+06	
      3969.287	     5.12560e+06	
      3969.381	     5.12595e+06	
      3969.528	     5.12642e+06	
      3969.648	     5.12683e+06	
      3969.769	     5.12717e+06	
      3969.830	     5.12736e+06	
      3969.890	     5.12752e+06	
      3969.950	     5.12764e+06	
      3970.011	     5.12777e+06	
      3970.071	     5.12796e+06	
      3970.131	     5.12821e+06	
      3970.192	     5.12852e+06	
      3970.252	     5.12881e+06	
      3970.323	     5.12915e+06	
      3970.372	     5.12937e+06	
      3970.423	     5.12956e+06	
      3970.432	     5.12962e+06	
      3970.495	     5.12988e+06	
      3970.523	     5.12997e+06	
      3970.613	     5.13035e+06	
      3970.795	     5.13104e+06	
      3971.096	     5.13217e+06	
      3971.333	     5.13305e+06	
      3971.591	     5.13402e+06	
      3971.698	     5.13440e+06	
      3972.063	     5.13575e+06	
      3972.793	     5.13842e+06	
      3973.995	     5.14276e+06	
      3974.936	     5.14618e+06	
      3976.398	     5.15143e+06	
      3976.845	     5.15303e+06	
      3977.860	     5.15667e+06	
      3978.874	     5.16032e+06	
      3979.577	     5.16283e+06	
      3980.904	     5.16757e+06	
      3982.230	     5.17232e+06	
      3984.180	     5.17926e+06	
      3984.884	     5.18174e+06	
      3985.119	     5.18259e+06	
      3985.588	     5.18426e+06	
      3986.995	     5.18925e+06	
      3988.872	     5.19591e+06	
      3991.379	     5.20474e+06	
      3992.625	     5.20914e+06	
      3993.854	     5.21347e+06	
      3993.870	     5.21354e+06	
      3996.362	     5.22227e+06	
      3998.869	     5.23107e+06	
      4003.868	     5.24847e+06	
      4008.866	     5.26581e+06	
      4013.865	     5.28331e+06	
      4018.864	     5.30112e+06	
      4023.863	     5.31884e+06	
      4025.341	     5.32406e+06	
      4028.861	     5.33643e+06	
      4032.381	     5.34875e+06	
      4032.946	     5.35073e+06	
      4033.860	     5.35390e+06	
      4035.902	     5.36103e+06	
      4038.859	     5.37128e+06	
      4043.857	     5.38855e+06	
      4048.856	     5.40568e+06	
      4053.855	     5.42267e+06	
      4058.853	     5.43957e+06	
      4063.852	     5.45635e+06	
      4068.851	     5.47297e+06	
      4073.849	     5.48949e+06	
      4075.421	     5.49465e+06	
      4078.848	     5.50586e+06	
      4082.275	     5.51701e+06	
      4082.559	     5.51792e+06	
      4084.004	     5.52261e+06	
      4085.702	     5.52807e+06	
      4088.845	     5.53816e+06	
      4089.695	     5.54086e+06	
      4093.687	     5.55355e+06	
      4096.515	     5.56244e+06	
      4097.679	     5.56609e+06	
      4098.010	     5.56712e+06	
      4098.678	     5.56920e+06	
      4098.843	     5.56970e+06	
      4099.676	     5.57224e+06	
      4100.174	     5.57375e+06	
      4100.673	     5.57520e+06	
      4100.922	     5.57589e+06	
      4101.172	     5.57655e+06	
      4101.297	     5.57686e+06	
      4101.422	     5.57711e+06	
      4101.485	     5.57721e+06	
      4101.547	     5.57724e+06	
      4101.609	     5.57727e+06	
      4101.672	     5.57727e+06	
      4101.734	     5.57736e+06	
      4101.797	     5.57768e+06	
      4101.859	     5.57805e+06	
      4101.922	     5.57843e+06	
      4102.047	     5.57909e+06	
      4102.296	     5.58013e+06	
      4102.745	     5.58179e+06	
      4102.794	     5.58195e+06	
      4102.845	     5.58214e+06	
      4102.945	     5.58248e+06	
      4103.145	     5.58318e+06	
      4103.296	     5.58368e+06	
      4103.545	     5.58453e+06	
      4103.794	     5.58537e+06	
      4104.291	     5.58701e+06	
      4104.785	     5.58864e+06	
      4105.287	     5.59031e+06	
      4105.789	     5.59194e+06	
      4106.793	     5.59521e+06	
      4108.680	     5.60130e+06	
      4108.760	     5.60155e+06	
      4108.800	     5.60168e+06	
      4108.840	     5.60184e+06	
      4108.859	     5.60190e+06	
      4109.000	     5.60237e+06	
      4109.320	     5.60347e+06	
      4109.781	     5.60507e+06	
      4110.703	     5.60825e+06	
      4111.319	     5.61038e+06	
      4112.546	     5.61459e+06	
      4113.774	     5.61880e+06	
      4114.693	     5.62194e+06	
      4116.229	     5.62719e+06	
      4116.694	     5.62876e+06	
      4117.766	     5.63240e+06	
      4118.126	     5.63363e+06	
      4118.838	     5.63605e+06	
      4120.981	     5.64327e+06	
      4123.836	     5.65286e+06	
      4126.144	     5.66058e+06	
      4128.835	     5.66954e+06	
      4129.605	     5.67208e+06	
      4131.526	     5.67843e+06	
      4133.834	     5.68603e+06	
      4134.219	     5.68729e+06	
      4138.832	     5.70240e+06	
      4143.831	     5.71858e+06	
      4148.830	     5.73463e+06	
      4153.828	     5.75056e+06	
      4158.827	     5.76633e+06	
      4163.826	     5.78194e+06	
      4168.824	     5.79743e+06	
      4173.823	     5.81276e+06	
      4178.822	     5.82797e+06	
      4183.820	     5.84305e+06	
      4188.819	     5.85797e+06	
      4193.818	     5.87277e+06	
      4198.817	     5.88741e+06	
      4203.815	     5.90195e+06	
      4208.814	     5.91656e+06	
      4213.813	     5.93123e+06	
      4216.525	     5.93912e+06	
      4217.242	     5.94119e+06	
      4218.811	     5.94575e+06	
      4221.098	     5.95234e+06	
      4223.810	     5.96014e+06	
      4224.954	     5.96340e+06	
      4228.809	     5.97437e+06	
      4233.807	     5.98844e+06	
      4238.806	     6.00236e+06	
      4243.805	     6.01615e+06	
      4248.803	     6.02978e+06	
      4253.802	     6.04326e+06	
      4258.801	     6.05658e+06	
      4263.799	     6.06975e+06	
      4268.798	     6.08275e+06	
      4273.797	     6.09557e+06	
      4278.795	     6.10823e+06	
      4283.794	     6.12070e+06	
      4288.793	     6.13299e+06	
      4293.791	     6.14505e+06	
      4298.790	     6.15692e+06	
      4303.789	     6.16849e+06	
      4308.788	     6.17939e+06	
      4313.786	     6.19004e+06	
      4314.073	     6.19063e+06	
      4318.785	     6.20040e+06	
      4320.854	     6.20458e+06	
      4323.497	     6.20986e+06	
      4326.139	     6.21508e+06	
      4326.475	     6.21574e+06	
      4328.782	     6.22020e+06	
      4330.233	     6.22296e+06	
      4331.090	     6.22459e+06	
      4331.149	     6.22469e+06	
      4331.946	     6.22620e+06	
      4333.660	     6.22943e+06	
      4334.060	     6.23016e+06	
      4336.171	     6.23408e+06	
      4337.786	     6.23697e+06	
      4338.220	     6.23770e+06	
      4338.283	     6.23782e+06	
      4338.780	     6.23861e+06	
      4338.812	     6.23867e+06	
      4339.339	     6.23942e+06	
      4339.602	     6.23974e+06	
      4339.867	     6.23993e+06	
      4340.001	     6.23996e+06	
      4340.132	     6.23986e+06	
      4340.197	     6.23974e+06	
      4340.263	     6.23949e+06	
      4340.329	     6.23914e+06	
      4340.395	     6.23876e+06	
      4340.461	     6.23864e+06	
      4340.527	     6.23905e+06	
      4340.593	     6.23971e+06	
      4340.659	     6.24037e+06	
      4340.791	     6.24131e+06	
      4341.005	     6.24231e+06	
      4341.055	     6.24250e+06	
      4341.105	     6.24269e+06	
      4341.205	     6.24307e+06	
      4341.227	     6.24313e+06	
      4341.238	     6.24316e+06	
      4341.405	     6.24373e+06	
      4341.583	     6.24429e+06	
      4341.939	     6.24533e+06	
      4342.640	     6.24725e+06	
      4343.330	     6.24904e+06	
      4343.570	     6.24966e+06	
      4344.041	     6.25086e+06	
      4344.752	     6.25265e+06	
      4346.174	     6.25617e+06	
      4348.578	     6.26207e+06	
      4348.777	     6.26258e+06	
      4348.976	     6.26305e+06	
      4349.374	     6.26402e+06	
      4350.170	     6.26597e+06	
      4350.322	     6.26635e+06	
      4351.761	     6.26983e+06	
      4353.201	     6.27329e+06	
      4354.734	     6.27696e+06	
      4356.077	     6.28017e+06	
      4356.080	     6.28017e+06	
      4357.426	     6.28334e+06	
      4358.774	     6.28652e+06	
      4359.170	     6.28743e+06	
      4361.472	     6.29242e+06	
      4363.773	     6.29770e+06	
      4367.980	     6.30719e+06	
      4368.376	     6.30807e+06	
      4368.524	     6.30838e+06	
      4368.772	     6.30895e+06	
      4369.563	     6.31071e+06	
      4371.147	     6.31419e+06	
      4373.770	     6.31991e+06	
      4378.769	     6.33062e+06	
      4383.768	     6.34108e+06	
      4388.766	     6.35136e+06	
      4393.765	     6.36144e+06	
      4398.764	     6.37134e+06	
      4403.762	     6.37916e+06	
      4408.761	     6.38607e+06	
      4413.760	     6.39292e+06	
      4418.758	     6.39968e+06	
      4423.757	     6.40634e+06	
      4428.756	     6.41290e+06	
      4433.754	     6.41940e+06	
      4438.753	     6.42581e+06	
      4443.752	     6.43219e+06	
      4448.751	     6.43847e+06	
      4453.749	     6.44466e+06	
      4458.748	     6.45082e+06	
      4463.747	     6.45692e+06	
      4468.745	     6.46292e+06	
      4473.744	     6.46888e+06	
      4478.743	     6.47479e+06	
      4483.741	     6.48060e+06	
      4488.740	     6.48638e+06	
      4493.739	     6.49207e+06	
      4498.737	     6.49901e+06	
      4503.736	     6.50894e+06	
      4508.735	     6.51874e+06	
      4513.733	     6.52836e+06	
      4514.118	     6.52908e+06	
      4518.732	     6.53781e+06	
      4523.346	     6.54639e+06	
      4527.190	     6.55343e+06	
      4527.960	     6.55484e+06	
      4528.729	     6.55622e+06	
      4530.269	     6.55899e+06	
      4532.968	     6.56382e+06	
      4533.288	     6.56442e+06	
      4533.348	     6.56451e+06	
      4533.728	     6.56521e+06	
      4534.488	     6.56653e+06	
      4536.007	     6.56923e+06	
      4538.727	     6.57400e+06	
      4543.725	     6.58267e+06	
      4548.724	     6.59119e+06	
      4553.723	     6.59951e+06	
      4558.721	     6.60771e+06	
      4563.720	     6.61579e+06	
      4568.719	     6.62367e+06	
      4573.717	     6.63143e+06	
      4578.716	     6.63906e+06	
      4583.715	     6.64654e+06	
      4588.713	     6.65389e+06	
      4593.712	     6.66109e+06	
      4596.529	     6.66448e+06	
      4596.984	     6.66501e+06	
      4598.711	     6.66709e+06	
      4600.892	     6.66960e+06	
      4603.709	     6.67281e+06	
      4604.800	     6.67406e+06	
      4608.708	     6.67846e+06	
      4613.707	     6.68402e+06	
      4618.705	     6.68946e+06	
      4623.704	     6.69483e+06	
      4628.703	     6.70011e+06	
      4633.701	     6.70529e+06	
      4638.700	     6.71041e+06	
      4643.699	     6.71541e+06	
      4648.697	     6.72034e+06	
      4653.696	     6.72514e+06	
      4658.695	     6.72989e+06	
      4663.694	     6.73454e+06	
      4668.692	     6.73912e+06	
      4673.691	     6.74359e+06	
      4678.690	     6.74798e+06	
      4683.688	     6.75229e+06	
      4688.687	     6.75650e+06	
      4693.686	     6.76042e+06	
      4698.684	     6.76404e+06	
      4703.683	     6.76756e+06	
      4708.682	     6.77101e+06	
      4713.680	     6.77437e+06	
      4715.603	     6.77566e+06	
      4718.679	     6.77767e+06	
      4720.984	     6.77915e+06	
      4721.755	     6.77965e+06	
      4723.678	     6.78084e+06	
      4724.830	     6.78157e+06	
      4728.676	     6.78396e+06	
      4733.675	     6.78697e+06	
      4738.674	     6.78989e+06	
      4743.672	     6.79272e+06	
      4748.671	     6.79545e+06	
      4753.670	     6.79806e+06	
      4758.668	     6.80054e+06	
      4763.667	     6.80293e+06	
      4768.666	     6.80516e+06	
      4773.664	     6.80723e+06	
      4778.663	     6.80915e+06	
      4783.662	     6.81091e+06	
      4788.660	     6.81245e+06	
      4793.659	     6.81364e+06	
      4798.658	     6.81462e+06	
      4803.656	     6.81528e+06	
      4808.655	     6.81559e+06	
      4813.654	     6.81553e+06	
      4818.652	     6.81503e+06	
      4823.651	     6.81399e+06	
      4828.650	     6.81236e+06	
      4833.648	     6.81003e+06	
      4834.972	     6.80931e+06	
      4838.647	     6.80701e+06	
      4839.161	     6.80667e+06	
      4842.322	     6.80438e+06	
      4845.483	     6.80174e+06	
      4845.503	     6.80174e+06	
      4847.054	     6.80035e+06	
      4848.644	     6.79891e+06	
      4851.785	     6.79599e+06	
      4854.393	     6.79354e+06	
      4856.517	     6.79149e+06	
      4858.401	     6.78955e+06	
      4858.642	     6.78926e+06	
      4858.664	     6.78926e+06	
      4858.883	     6.78898e+06	
      4859.364	     6.78832e+06	
      4859.473	     6.78813e+06	
      4860.065	     6.78700e+06	
      4860.361	     6.78622e+06	
      4860.657	     6.78509e+06	
      4860.805	     6.78427e+06	
      4860.953	     6.78308e+06	
      4861.027	     6.78220e+06	
      4861.101	     6.78091e+06	
      4861.175	     6.77912e+06	
      4861.248	     6.77745e+06	
      4861.322	     6.77660e+06	
      4861.396	     6.77751e+06	
      4861.470	     6.77924e+06	
      4861.543	     6.78106e+06	
      4861.641	     6.78273e+06	
      4861.687	     6.78330e+06	
      4861.689	     6.78333e+06	
      4861.691	     6.78333e+06	
      4861.695	     6.78339e+06	
      4861.741	     6.78386e+06	
      4861.841	     6.78468e+06	
      4861.979	     6.78553e+06	
      4861.987	     6.78559e+06	
      4862.279	     6.78691e+06	
      4862.579	     6.78794e+06	
      4862.596	     6.78801e+06	
      4863.178	     6.78952e+06	
      4863.727	     6.79071e+06	
      4863.761	     6.79080e+06	
      4864.927	     6.79297e+06	
      4866.127	     6.79508e+06	
      4868.413	     6.79894e+06	
      4868.526	     6.79913e+06	
      4868.639	     6.79932e+06	
      4868.865	     6.79969e+06	
      4869.317	     6.80045e+06	
      4869.583	     6.80089e+06	
      4870.221	     6.80196e+06	
      4870.858	     6.80306e+06	
      4872.134	     6.80519e+06	
      4874.623	     6.80931e+06	
      4874.685	     6.80943e+06	
      4874.747	     6.80953e+06	
      4874.871	     6.80972e+06	
      4875.119	     6.81012e+06	
      4875.615	     6.81094e+06	
      4876.607	     6.81254e+06	
      4878.452	     6.81547e+06	
      4878.544	     6.81562e+06	
      4878.590	     6.81569e+06	
      4878.636	     6.81578e+06	
      4878.820	     6.81606e+06	
      4879.188	     6.81663e+06	
      4879.526	     6.81716e+06	
      4879.924	     6.81776e+06	
      4880.322	     6.81836e+06	
      4880.941	     6.81930e+06	
      4881.118	     6.81955e+06	
      4882.709	     6.82191e+06	
      4884.478	     6.82442e+06	
      4887.396	     6.82835e+06	
      4888.015	     6.82916e+06	
      4888.634	     6.82995e+06	
      4889.871	     6.83149e+06	
      4891.061	     6.83293e+06	
      4892.347	     6.83444e+06	
      4893.632	     6.83592e+06	
      4893.777	     6.83607e+06	
      4896.204	     6.83871e+06	
      4898.631	     6.84119e+06	
      4903.340	     6.84562e+06	
      4903.485	     6.84575e+06	
      4903.630	     6.84588e+06	
      4903.920	     6.84613e+06	
      4904.499	     6.84663e+06	
      4905.659	     6.84760e+06	
      4907.328	     6.84899e+06	
      4907.977	     6.84949e+06	
      4908.628	     6.85002e+06	
      4909.929	     6.85103e+06	
      4911.434	     6.85213e+06	
      4912.530	     6.85294e+06	
      4913.014	     6.85329e+06	
      4913.627	     6.85370e+06	
      4915.550	     6.85502e+06	
      4915.820	     6.85521e+06	
      4918.240	     6.85678e+06	
      4918.626	     6.85703e+06	
      4921.701	     6.85888e+06	
      4923.624	     6.85998e+06	
      4925.162	     6.86083e+06	
      4928.623	     6.86265e+06	
      4933.622	     6.86510e+06	
      4938.620	     6.86730e+06	
      4943.619	     6.86934e+06	
      4948.618	     6.87120e+06	
      4953.616	     6.87293e+06	
      4958.615	     6.87450e+06	
      4963.614	     6.87594e+06	
      4968.612	     6.87729e+06	
      4973.611	     6.87855e+06	
      4978.610	     6.87971e+06	
      4983.608	     6.88075e+06	
      4988.607	     6.88163e+06	
      4993.606	     6.88244e+06	
      4998.604	     6.88317e+06	
      5003.603	     6.88383e+06	
      5008.602	     6.88445e+06	
      5013.600	     6.88499e+06	
      5018.599	     6.88549e+06	
      5023.598	     6.88593e+06	
      5028.596	     6.88631e+06	
      5033.595	     6.88665e+06	
      5038.594	     6.88694e+06	
      5043.592	     6.88719e+06	
      5048.591	     6.88738e+06	
      5053.590	     6.88753e+06	
      5058.588	     6.88763e+06	
      5063.587	     6.88769e+06	
      5068.586	     6.88772e+06	
      5073.584	     6.88769e+06	
      5078.583	     6.88763e+06	
      5083.582	     6.88734e+06	
      5088.580	     6.88697e+06	
      5093.579	     6.88653e+06	
      5098.578	     6.88609e+06	
      5103.576	     6.88559e+06	
      5108.575	     6.88505e+06	
      5113.574	     6.88452e+06	
      5118.572	     6.88392e+06	
      5123.571	     6.88329e+06	
      5128.570	     6.88263e+06	
      5133.568	     6.88194e+06	
      5138.567	     6.88122e+06	
      5143.566	     6.88050e+06	
      5148.564	     6.87971e+06	
      5153.563	     6.87889e+06	
      5158.562	     6.87805e+06	
      5163.560	     6.87720e+06	
      5168.559	     6.87629e+06	
      5173.558	     6.87534e+06	
      5178.556	     6.87434e+06	
      5183.555	     6.87321e+06	
      5188.554	     6.87205e+06	
      5193.552	     6.87085e+06	
      5198.551	     6.86963e+06	
      5203.550	     6.86837e+06	
      5208.548	     6.86711e+06	
      5213.547	     6.86583e+06	
      5218.546	     6.86447e+06	
      5223.544	     6.86312e+06	
      5228.543	     6.86174e+06	
      5233.542	     6.86036e+06	
      5238.540	     6.85891e+06	
      5243.539	     6.85747e+06	
      5248.537	     6.85599e+06	
      5253.536	     6.85448e+06	
      5258.535	     6.85294e+06	
      5263.533	     6.85141e+06	
      5268.532	     6.84980e+06	
      5273.531	     6.84820e+06	
      5278.529	     6.84720e+06	
      5283.528	     6.84628e+06	
      5288.527	     6.84531e+06	
      5293.525	     6.84427e+06	
      5298.524	     6.84324e+06	
      5303.523	     6.84214e+06	
      5308.521	     6.84101e+06	
      5313.520	     6.83981e+06	
      5318.519	     6.83862e+06	
      5323.517	     6.83736e+06	
      5328.516	     6.83607e+06	
      5333.515	     6.83475e+06	
      5338.513	     6.83337e+06	
      5343.512	     6.83199e+06	
      5348.511	     6.83054e+06	
      5353.509	     6.82907e+06	
      5358.508	     6.82756e+06	
      5363.507	     6.82634e+06	
      5368.505	     6.82473e+06	
      5373.504	     6.82282e+06	
      5378.503	     6.82049e+06	
      5383.501	     6.81817e+06	
      5388.500	     6.81578e+06	
      5393.499	     6.81339e+06	
      5398.497	     6.81100e+06	
      5403.496	     6.80855e+06	
      5408.495	     6.80610e+06	
      5413.493	     6.80365e+06	
      5418.492	     6.80114e+06	
      5423.491	     6.79866e+06	
      5428.489	     6.79611e+06	
      5433.488	     6.79357e+06	
      5438.487	     6.79099e+06	
      5443.485	     6.78842e+06	
      5448.484	     6.78581e+06	
      5453.483	     6.78317e+06	
      5458.481	     6.78053e+06	
      5463.480	     6.77786e+06	
      5468.479	     6.77516e+06	
      5473.477	     6.77290e+06	
      5478.476	     6.77060e+06	
      5483.475	     6.76831e+06	
      5488.473	     6.76599e+06	
      5493.472	     6.76363e+06	
      5498.471	     6.76124e+06	
      5503.469	     6.75885e+06	
      5508.468	     6.75643e+06	
      5513.466	     6.75398e+06	
      5518.465	     6.75150e+06	
      5523.464	     6.74902e+06	
      5528.462	     6.74651e+06	
      5533.461	     6.74399e+06	
      5538.460	     6.74142e+06	
      5543.458	     6.73884e+06	
      5548.457	     6.73623e+06	
      5553.456	     6.73363e+06	
      5558.454	     6.73099e+06	
      5563.453	     6.72832e+06	
      5568.452	     6.72565e+06	
      5573.450	     6.72291e+06	
      5578.449	     6.72018e+06	
      5583.448	     6.71742e+06	
      5588.446	     6.71465e+06	
      5593.445	     6.71186e+06	
      5598.444	     6.70903e+06	
      5603.442	     6.70620e+06	
      5608.441	     6.70334e+06	
      5613.440	     6.70045e+06	
      5618.438	     6.69756e+06	
      5623.437	     6.69464e+06	
      5628.436	     6.69172e+06	
      5633.434	     6.68876e+06	
      5638.433	     6.68578e+06	
      5643.432	     6.68280e+06	
      5648.430	     6.67978e+06	
      5653.429	     6.67676e+06	
      5658.428	     6.67372e+06	
      5663.426	     6.67067e+06	
      5668.425	     6.66778e+06	
      5673.424	     6.66467e+06	
      5673.979	     6.66432e+06	
      5678.422	     6.66156e+06	
      5682.865	     6.65876e+06	
      5686.198	     6.65666e+06	
      5687.309	     6.65597e+06	
      5687.864	     6.65559e+06	
      5688.420	     6.65524e+06	
      5690.641	     6.65383e+06	
      5693.418	     6.65207e+06	
      5698.417	     6.64887e+06	
      5703.415	     6.64566e+06	
      5704.770	     6.64478e+06	
      5708.414	     6.64243e+06	
      5708.882	     6.64211e+06	
      5712.058	     6.64007e+06	
      5713.413	     6.63919e+06	
      5715.234	     6.63800e+06	
      5718.411	     6.63592e+06	
      5723.410	     6.63266e+06	
      5728.409	     6.62936e+06	
      5733.407	     6.62603e+06	
      5738.406	     6.62270e+06	
      5743.405	     6.61937e+06	
      5748.403	     6.61601e+06	
      5753.402	     6.61261e+06	
      5758.401	     6.60922e+06	
      5763.399	     6.60410e+06	
      5768.398	     6.60067e+06	
      5773.397	     6.59722e+06	
      5778.395	     6.59373e+06	
      5783.394	     6.59024e+06	
      5788.393	     6.58676e+06	
      5793.391	     6.58324e+06	
      5798.390	     6.57978e+06	
      5803.389	     6.57623e+06	
      5808.387	     6.57268e+06	
      5813.386	     6.56910e+06	
      5818.385	     6.56549e+06	
      5823.383	     6.56191e+06	
      5828.382	     6.55826e+06	
      5833.381	     6.55462e+06	
      5838.379	     6.55097e+06	
      5843.378	     6.54730e+06	
      5848.377	     6.54362e+06	
      5853.375	     6.53995e+06	
      5858.374	     6.53624e+06	
      5863.372	     6.53253e+06	
      5868.371	     6.52880e+06	
      5873.370	     6.52506e+06	
      5878.368	     6.52129e+06	
      5883.367	     6.51752e+06	
      5888.366	     6.51375e+06	
      5893.364	     6.50995e+06	
      5898.363	     6.50614e+06	
      5903.362	     6.50231e+06	
      5908.360	     6.49848e+06	
      5913.359	     6.49465e+06	
      5918.358	     6.49078e+06	
      5923.356	     6.48689e+06	
      5928.355	     6.48302e+06	
      5933.354	     6.47910e+06	
      5938.352	     6.47520e+06	
      5943.351	     6.47127e+06	
      5948.350	     6.46731e+06	
      5953.348	     6.46336e+06	
      5958.347	     6.45937e+06	
      5963.346	     6.45538e+06	
      5968.344	     6.45135e+06	
      5973.343	     6.44733e+06	
      5978.342	     6.44328e+06	
      5983.340	     6.43926e+06	
      5988.339	     6.43518e+06	
      5993.338	     6.43112e+06	
      5998.336	     6.42701e+06	
      6003.335	     6.42292e+06	
      6008.333	     6.41881e+06	
      6013.332	     6.41469e+06	
      6018.331	     6.41055e+06	
      6023.329	     6.40640e+06	
      6028.328	     6.40225e+06	
      6033.327	     6.39807e+06	
      6038.325	     6.39390e+06	
      6043.324	     6.38972e+06	
      6048.323	     6.38551e+06	
      6053.321	     6.38130e+06	
      6058.320	     6.37706e+06	
      6063.319	     6.37281e+06	
      6068.317	     6.36854e+06	
      6073.316	     6.36430e+06	
      6078.315	     6.36003e+06	
      6083.313	     6.35572e+06	
      6088.312	     6.35142e+06	
      6093.311	     6.34712e+06	
      6098.309	     6.34278e+06	
      6103.308	     6.33845e+06	
      6108.307	     6.33411e+06	
      6113.305	     6.32974e+06	
      6118.304	     6.32538e+06	
      6123.303	     6.32101e+06	
      6128.301	     6.31661e+06	
      6133.300	     6.31221e+06	
      6138.298	     6.30778e+06	
      6143.297	     6.30335e+06	
      6148.296	     6.29892e+06	
      6153.294	     6.29446e+06	
      6158.293	     6.29000e+06	
      6163.292	     6.28551e+06	
      6168.290	     6.28102e+06	
      6173.289	     6.27653e+06	
      6178.288	     6.27200e+06	
      6183.286	     6.26745e+06	
      6188.285	     6.26292e+06	
      6193.284	     6.25837e+06	
      6198.282	     6.25378e+06	
      6203.281	     6.24919e+06	
      6208.280	     6.24461e+06	
      6213.278	     6.23999e+06	
      6218.277	     6.23534e+06	
      6223.276	     6.23072e+06	
      6228.274	     6.22604e+06	
      6233.273	     6.22136e+06	
      6238.272	     6.21668e+06	
      6243.270	     6.21197e+06	
      6244.381	     6.21093e+06	
      6248.269	     6.20725e+06	
      6252.157	     6.20358e+06	
      6253.821	     6.20198e+06	
      6256.044	     6.19987e+06	
      6258.266	     6.19777e+06	
      6262.157	     6.19406e+06	
      6262.711	     6.19352e+06	
      6263.265	     6.19299e+06	
      6264.372	     6.19192e+06	
      6264.912	     6.19142e+06	
      6266.588	     6.18979e+06	
      6268.263	     6.18818e+06	
      6269.967	     6.18655e+06	
      6271.615	     6.18498e+06	
      6273.262	     6.18338e+06	
      6274.854	     6.18184e+06	
      6276.557	     6.18020e+06	
      6278.261	     6.17854e+06	
      6280.076	     6.17678e+06	
      6281.668	     6.17524e+06	
      6283.259	     6.17370e+06	
      6284.627	     6.17235e+06	
      6286.443	     6.17059e+06	
      6288.258	     6.16880e+06	
      6290.521	     6.16660e+06	
      6291.889	     6.16525e+06	
      6293.257	     6.16390e+06	
      6293.729	     6.16346e+06	
      6295.992	     6.16123e+06	
      6298.255	     6.15900e+06	
      6302.310	     6.15498e+06	
      6302.782	     6.15451e+06	
      6303.254	     6.15403e+06	
      6303.918	     6.15337e+06	
      6304.198	     6.15309e+06	
      6306.085	     6.15121e+06	
      6308.253	     6.14907e+06	
      6311.924	     6.14540e+06	
      6312.587	     6.14474e+06	
      6313.251	     6.14404e+06	
      6314.579	     6.14272e+06	
      6316.219	     6.14106e+06	
      6317.234	     6.14005e+06	
      6317.314	     6.13996e+06	
      6318.250	     6.13902e+06	
      6320.281	     6.13698e+06	
      6323.249	     6.13396e+06	
      6328.247	     6.12887e+06	
      6333.246	     6.12375e+06	
      6338.245	     6.11857e+06	
      6343.243	     6.11338e+06	
      6348.242	     6.10814e+06	
      6353.241	     6.10283e+06	
      6358.239	     6.09749e+06	
      6363.238	     6.09211e+06	
      6368.236	     6.08668e+06	
      6373.235	     6.08118e+06	
      6378.234	     6.07562e+06	
      6383.232	     6.07000e+06	
      6388.231	     6.06428e+06	
      6393.230	     6.05850e+06	
      6398.228	     6.05266e+06	
      6403.227	     6.04669e+06	
      6408.226	     6.04062e+06	
      6413.224	     6.03447e+06	
      6418.223	     6.02818e+06	
      6423.222	     6.02174e+06	
      6428.220	     6.01518e+06	
      6433.219	     6.00845e+06	
      6438.218	     6.00154e+06	
      6443.216	     5.99441e+06	
      6448.215	     5.98709e+06	
      6453.214	     5.97952e+06	
      6458.212	     5.97170e+06	
      6463.211	     5.96356e+06	
      6468.210	     5.95511e+06	
      6473.208	     5.94625e+06	
      6478.207	     5.93701e+06	
      6483.205	     5.92727e+06	
      6488.204	     5.91703e+06	
      6493.203	     5.90623e+06	
      6498.201	     5.89476e+06	
      6503.200	     5.88257e+06	
      6508.199	     5.86959e+06	
      6513.197	     5.85571e+06	
      6518.196	     5.84091e+06	
      6523.195	     5.82505e+06	
      6523.719	     5.82332e+06	
      6528.193	     5.80811e+06	
      6532.668	     5.79203e+06	
      6536.095	     5.77915e+06	
      6537.143	     5.77510e+06	
      6537.383	     5.77415e+06	
      6538.191	     5.77101e+06	
      6540.286	     5.76275e+06	
      6543.189	     5.75103e+06	
      6546.457	     5.73755e+06	
      6546.724	     5.73645e+06	
      6548.188	     5.73033e+06	
      6549.918	     5.72304e+06	
      6553.113	     5.70931e+06	
      6554.426	     5.70353e+06	
      6556.306	     5.69498e+06	
      6556.871	     5.69231e+06	
      6557.903	     5.68716e+06	
      6558.185	     5.68569e+06	
      6559.500	     5.67805e+06	
      6560.298	     5.67237e+06	
      6561.096	     5.66495e+06	
      6561.496	     5.65980e+06	
      6561.895	     5.65248e+06	
      6562.094	     5.64714e+06	
      6562.294	     5.64042e+06	
      6562.394	     5.63589e+06	
      6562.494	     5.62986e+06	
      6562.594	     5.62282e+06	
      6562.693	     5.61566e+06	
      6562.793	     5.61167e+06	
      6562.892	     5.61541e+06	
      6562.992	     5.62248e+06	
      6563.092	     5.62933e+06	
      6563.291	     5.63950e+06	
      6563.641	     5.64981e+06	
      6563.687	     5.65081e+06	
      6563.689	     5.65088e+06	
      6563.691	     5.65091e+06	
      6563.741	     5.65191e+06	
      6563.841	     5.65377e+06	
      6564.041	     5.65685e+06	
      6564.294	     5.65999e+06	
      6564.392	     5.66102e+06	
      6564.441	     5.66150e+06	
      6564.490	     5.66197e+06	
      6564.685	     5.66373e+06	
      6565.077	     5.66665e+06	
      6565.636	     5.67001e+06	
      6565.861	     5.67117e+06	
      6566.086	     5.67227e+06	
      6566.536	     5.67425e+06	
      6566.689	     5.67488e+06	
      6567.085	     5.67642e+06	
      6567.436	     5.67771e+06	
      6568.183	     5.68022e+06	
      6569.280	     5.68355e+06	
      6570.478	     5.68694e+06	
      6571.476	     5.68961e+06	
      6572.473	     5.69219e+06	
      6573.270	     5.69423e+06	
      6574.469	     5.69722e+06	
      6575.667	     5.70017e+06	
      6577.950	     5.70567e+06	
      6578.065	     5.70595e+06	
      6578.180	     5.70620e+06	
      6578.410	     5.70677e+06	
      6578.870	     5.70783e+06	
      6579.789	     5.71000e+06	
      6580.079	     5.71066e+06	
      6581.629	     5.71421e+06	
      6583.178	     5.71770e+06	
      6584.378	     5.72034e+06	
      6586.278	     5.72442e+06	
      6587.911	     5.72781e+06	
      6588.177	     5.72835e+06	
      6588.443	     5.72891e+06	
      6588.975	     5.72998e+06	
      6590.039	     5.73209e+06	
      6591.023	     5.73397e+06	
      6592.166	     5.73614e+06	
      6593.014	     5.73768e+06	
      6593.309	     5.73821e+06	
      6595.594	     5.74223e+06	
      6598.174	     5.74648e+06	
      6603.335	     5.75402e+06	
      6613.656	     5.76558e+06	
      6634.299	     5.77701e+06	
      6654.941	     5.77745e+06	
      6675.584	     5.77098e+06	
      6680.975	     5.76850e+06	
      6696.226	     5.76014e+06	
      6711.477	     5.75028e+06	
      6741.979	     5.72756e+06	
      6781.185	     5.69467e+06	
      6802.982	     5.67529e+06	
      6824.779	     5.65537e+06	
      6868.373	     5.61472e+06	
      6955.562	     5.53087e+06	
      6976.354	     5.51057e+06	
      7042.750	     5.44526e+06	
      7109.146	     5.37947e+06	
      7175.542	     5.31394e+06	
      7241.938	     5.24828e+06	
      7308.334	     5.18256e+06	
      7355.946	     5.13547e+06	
      7374.730	     5.11772e+06	
      7393.514	     5.09909e+06	
      7431.082	     5.06224e+06	
      7506.218	     4.98866e+06	
      7581.353	     4.91537e+06	
      7635.097	     4.86315e+06	
      7656.489	     4.84242e+06	
      7677.881	     4.82172e+06	
      7720.666	     4.78081e+06	
      7806.234	     4.69935e+06	
      7821.358	     4.68503e+06	
      7891.803	     4.61855e+06	
      7962.248	     4.55254e+06	
      7982.837	     4.53344e+06	
      8032.693	     4.48739e+06	
      8082.550	     4.44162e+06	
      8161.675	     4.36977e+06	
      8182.262	     4.35117e+06	
      8200.850	     4.33442e+06	
      8202.850	     4.33263e+06	
      8204.849	     4.33084e+06	
      8208.848	     4.32726e+06	
      8216.846	     4.32010e+06	
      8232.842	     4.30584e+06	
      8264.833	     4.27734e+06	
      8289.715	     4.25529e+06	
      8328.816	     4.22076e+06	
      8343.441	     4.20791e+06	
      8367.916	     4.18642e+06	
      8371.465	     4.18334e+06	
      8388.684	     4.16836e+06	
      8392.391	     4.16512e+06	
      8408.650	     4.15102e+06	
      8413.318	     4.14700e+06	
      8432.024	     4.13079e+06	
      8437.951	     4.12570e+06	
      8467.252	     4.10044e+06	
      8473.978	     4.09466e+06	
      8502.481	     4.07025e+06	
      8516.584	     4.05822e+06	
      8530.983	     4.04593e+06	
      8545.382	     4.03377e+06	
      8549.972	     4.02988e+06	
      8574.180	     4.00952e+06	
      8598.388	     3.98919e+06	
      8628.597	     3.96397e+06	
      8646.805	     3.94879e+06	
      8652.391	     3.94418e+06	
      8665.013	     3.93368e+06	
      8685.587	     3.91665e+06	
      8701.429	     3.90359e+06	
      8750.468	     3.86334e+06	
      8767.917	     3.84911e+06	
      8815.350	     3.81059e+06	
      8862.782	     3.77268e+06	
      8900.383	     3.74286e+06	
      8957.646	     3.69778e+06	
      9014.908	     3.65314e+06	
      9044.624	     3.63014e+06	
      9072.171	     3.60894e+06	
      9099.717	     3.58782e+06	
      9154.810	     3.54629e+06	
      9190.798	     3.51937e+06	
      9209.903	     3.50514e+06	
      9229.009	     3.49097e+06	
      9267.221	     3.46276e+06	
      9303.204	     3.43637e+06	
      9343.644	     3.40693e+06	
      9384.084	     3.37771e+06	
      9464.964	     3.32041e+06	
      9545.723	     3.26405e+06	
      9545.844	     3.26396e+06	
      9545.965	     3.26389e+06	
      9546.207	     3.26371e+06	
      9546.691	     3.26339e+06	
      9546.866	     3.26327e+06	
      9547.658	     3.26273e+06	
      9549.594	     3.26138e+06	
      9553.465	     3.25871e+06	
      9561.207	     3.25334e+06	
      9576.691	     3.24269e+06	
      9607.658	     3.22142e+06	
      9668.451	     3.18008e+06	
      9729.243	     3.13952e+06	
      9790.036	     3.09945e+06	
      9850.828	     3.05986e+06	
      9870.422	     3.04720e+06	
      9911.620	     3.02074e+06	
      9952.819	     2.99450e+06	
     10021.070	     2.95185e+06	
     10035.217	     2.94308e+06	
     10049.364	     2.93432e+06	
     10077.658	     2.91692e+06	
     10134.247	     2.88239e+06	
     10144.484	     2.87619e+06	
     10190.835	     2.84826e+06	
     10237.187	     2.82058e+06	
     10329.890	     2.76713e+06	
     10422.592	     2.71464e+06	
     10515.295	     2.66312e+06	
     10607.998	     2.61255e+06	
     10700.701	     2.56292e+06	
     10793.403	     2.51424e+06	
     10834.127	     2.49315e+06	
     10886.106	     2.46648e+06	
     10938.085	     2.44007e+06	
     10990.064	     2.41403e+06	
     11042.043	     2.38824e+06	
     11094.022	     2.36274e+06	
     11146.000	     2.33751e+06	
     11197.979	     2.31256e+06	
     11239.008	     2.29306e+06	
     11249.958	     2.28788e+06	
     11260.908	     2.28272e+06	
     11282.808	     2.27279e+06	
     11326.608	     2.25304e+06	
     11414.209	     2.21408e+06	
     11501.809	     2.17580e+06	
     11589.411	     2.13820e+06	
     11677.011	     2.10126e+06	
     11764.612	     2.06500e+06	
     11852.212	     2.02938e+06	
     11939.813	     1.99441e+06	
     12027.413	     1.96006e+06	
     12115.014	     1.92635e+06	
     12120.600	     1.92422e+06	
     12202.614	     1.89326e+06	
     12284.629	     1.86282e+06	
     12366.644	     1.83412e+06	
     12448.658	     1.80587e+06	
     12530.673	     1.77807e+06	
     12612.688	     1.75070e+06	
     12694.701	     1.72374e+06	
     12735.367	     1.71052e+06	
     12776.716	     1.69719e+06	
     12818.066	     1.68393e+06	
     12900.764	     1.65804e+06	
     12983.464	     1.63253e+06	
     13066.162	     1.60740e+06	
     13148.861	     1.58268e+06	
     13154.771	     1.58093e+06	
     13231.560	     1.55836e+06	
     13308.350	     1.53613e+06	
     13385.140	     1.51533e+06	
     13461.929	     1.49482e+06	
     13538.719	     1.47459e+06	
     13615.509	     1.45465e+06	
     13692.299	     1.43501e+06	
     13769.088	     1.41562e+06	
     13845.878	     1.39652e+06	
     13922.668	     1.37768e+06	
     13999.458	     1.35912e+06	
     14076.247	     1.34082e+06	
     14153.038	     1.32279e+06	
     14229.828	     1.30502e+06	
     14281.164	     1.29328e+06	
     14306.618	     1.28750e+06	
     14332.071	     1.28175e+06	
     14382.978	     1.27068e+06	
     14410.128	     1.26482e+06	
     14427.096	     1.26117e+06	
     14433.884	     1.25971e+06	
     14457.640	     1.25463e+06	
     14505.152	     1.24459e+06	
     14581.211	     1.22871e+06	
     14583.210	     1.22829e+06	
     14585.210	     1.22788e+06	
     14589.208	     1.22707e+06	
     14597.206	     1.22545e+06	
     14613.202	     1.22223e+06	
     14645.193	     1.21581e+06	
     14709.176	     1.20307e+06	
     14773.158	     1.19046e+06	
     14837.141	     1.17797e+06	
     14901.123	     1.16563e+06	
     14965.106	     1.15341e+06	
     15029.088	     1.14132e+06	
     15093.071	     1.12936e+06	
     15157.054	     1.11753e+06	
     15221.036	     1.10582e+06	
     15285.019	     1.09424e+06	
     15349.001	     1.08279e+06	
     15412.984	     1.07146e+06	
     15471.572	     1.06120e+06	
     15476.966	     1.06026e+06	
     15482.361	     1.05932e+06	
     15493.150	     1.05739e+06	
     15514.728	     1.05355e+06	
     15557.884	     1.04590e+06	
     15644.197	     1.03079e+06	
     15730.509	     1.01590e+06	
     15816.821	     1.00125e+06	
     15903.134	     9.86828e+05	
     15989.446	     9.72631e+05	
     16075.759	     9.58651e+05	
     16162.071	     9.44891e+05	
     16248.384	     9.31347e+05	
     16289.880	     9.24910e+05	
     16334.696	     9.18014e+05	
     16379.512	     9.11175e+05	
     16469.143	     8.95514e+05	
     16558.775	     8.80177e+05	
     16648.406	     8.65160e+05	
     16738.038	     8.50454e+05	
     16827.669	     8.36050e+05	
     16917.301	     8.21944e+05	
     17006.933	     8.08128e+05	
     17096.564	     7.94594e+05	
     17186.196	     7.81333e+05	
     17275.827	     7.68346e+05	
     17327.685	     7.60950e+05	
     17365.459	     7.55619e+05	
     17403.232	     7.50332e+05	
     17478.780	     7.39886e+05	
     17554.327	     7.29619e+05	
     17629.874	     7.19525e+05	
     17705.422	     7.09604e+05	
     17780.969	     6.99846e+05	
     17856.517	     6.90252e+05	
     17932.064	     6.80821e+05	
     18007.611	     6.71060e+05	
     18083.159	     6.61871e+05	
     18158.706	     6.52817e+05	
     18234.253	     6.43891e+05	
     18309.801	     6.35082e+05	
     18343.743	     6.31162e+05	
     18385.348	     6.26386e+05	
     18426.953	     6.21640e+05	
     18510.162	     6.12230e+05	
     18593.371	     6.02934e+05	
     18602.053	     6.01973e+05	
     18676.581	     5.93792e+05	
     18751.108	     5.85772e+05	
     18825.636	     5.78455e+05	
     18900.163	     5.71270e+05	
     18974.691	     5.64180e+05	
     19049.219	     5.57152e+05	
     19123.746	     5.50184e+05	
     19198.274	     5.43282e+05	
     19272.802	     5.36455e+05	
     19347.329	     5.29710e+05	
     19393.041	     5.25614e+05	
     19421.857	     5.23050e+05	
     19450.673	     5.20499e+05	
     19508.305	     5.15438e+05	
     19565.938	     5.10697e+05	
     19623.570	     5.05715e+05	
     19681.202	     5.00792e+05	
     19738.834	     4.95929e+05	
     19796.467	     4.91122e+05	
     19854.099	     4.86375e+05	
     19911.731	     4.81682e+05	
     19969.363	     4.77045e+05	
     20026.996	     4.72464e+05	
     20084.628	     4.67934e+05	
     20142.260	     4.63460e+05	
     20199.892	     4.59037e+05	
     20257.525	     4.54667e+05	
     20315.157	     4.50347e+05	
     20372.789	     4.46078e+05	
     20386.449	     4.45073e+05	
     20430.421	     4.41859e+05	
     20474.393	     4.38673e+05	
     20562.337	     4.32387e+05	
     20650.280	     4.26210e+05	
     20738.224	     4.20144e+05	
     20826.167	     4.14181e+05	
     20914.111	     4.08322e+05	
     21002.055	     4.02567e+05	
     21089.998	     3.96912e+05	
     21177.942	     3.91351e+05	
     21265.885	     3.85888e+05	
     21353.829	     3.80519e+05	
     21441.773	     3.75241e+05	
     21529.716	     3.70054e+05	
     21604.704	     3.65700e+05	
     21617.660	     3.64953e+05	
     21630.617	     3.64211e+05	
     21656.529	     3.62728e+05	
     21708.356	     3.59788e+05	
     21760.182	     3.56872e+05	
     21812.008	     3.53992e+05	
     21863.835	     3.51136e+05	
     21915.661	     3.48308e+05	
     21967.487	     3.45512e+05	
     22019.313	     3.42741e+05	
     22071.139	     3.39996e+05	
     22122.966	     3.37281e+05	
     22174.792	     3.34592e+05	
     22226.619	     3.31928e+05	
     22278.445	     3.29292e+05	
     22330.271	     3.26679e+05	
     22382.097	     3.24093e+05	
     22433.923	     3.21533e+05	
     22485.750	     3.18997e+05	
     22537.576	     3.16487e+05	
     22589.403	     3.14000e+05	
     22641.228	     3.11538e+05	
     22693.054	     3.09099e+05	
     22702.925	     3.08637e+05	
     22744.881	     3.06684e+05	
     22784.838	     3.04837e+05	
     22786.838	     3.04745e+05	
     22788.837	     3.04653e+05	
     22792.836	     3.04469e+05	
     22800.834	     3.04102e+05	
     22816.829	     3.03369e+05	
     22848.821	     3.01911e+05	
     22912.803	     2.99018e+05	
     22976.786	     2.96160e+05	
     23040.768	     2.93336e+05	
     23104.751	     2.90544e+05	
     23168.733	     2.87786e+05	
     23232.716	     2.85060e+05	
     23296.698	     2.82365e+05	
     23360.681	     2.79702e+05	
     23424.663	     2.77070e+05	
     23488.646	     2.74469e+05	
     23552.628	     2.71897e+05	
     23616.611	     2.69355e+05	
     23680.593	     2.66843e+05	
     23744.576	     2.64360e+05	
     23808.558	     2.61905e+05	
     23872.541	     2.59478e+05	
     23936.523	     2.57079e+05	
     24000.506	     2.54707e+05	
     24064.488	     2.52362e+05	
     24128.471	     2.50044e+05	
     24192.453	     2.47752e+05	
     24256.436	     2.45486e+05	
     24320.419	     2.43245e+05	
     24384.401	     2.41030e+05	
     24448.384	     2.38840e+05	
     24512.366	     2.36674e+05	
     24576.349	     2.34532e+05	
     24640.331	     2.32415e+05	
     24704.314	     2.30321e+05	
     24768.296	     2.28250e+05	
     24832.279	     2.26203e+05	
     24896.261	     2.24177e+05	
     24960.244	     2.22175e+05	
     25004.437	     2.20804e+05	
     25024.226	     2.20194e+05	
     25044.016	     2.19586e+05	
     25083.595	     2.18377e+05	
     25162.753	     2.15982e+05	
     25241.912	     2.13620e+05	
     25321.070	     2.11290e+05	
     25400.228	     2.08991e+05	
     25479.387	     2.06723e+05	
     25558.545	     2.04485e+05	
     25637.703	     2.02277e+05	
     25716.862	     2.00099e+05	
     25796.020	     1.97950e+05	
     25875.179	     1.95829e+05	
     25954.337	     1.93736e+05	
     26033.495	     1.91671e+05	
     26112.654	     1.89633e+05	
     26191.812	     1.87622e+05	
     26270.970	     1.85637e+05	
     26350.129	     1.83678e+05	
     26429.287	     1.81744e+05	
     26508.445	     1.79836e+05	
     26587.604	     1.77952e+05	
     26666.762	     1.76093e+05	
     26745.921	     1.74258e+05	
     26825.079	     1.72447e+05	
     26904.237	     1.70658e+05	
     26983.396	     1.68893e+05	
     27062.554	     1.67150e+05	
     27141.712	     1.65430e+05	
     27142.547	     1.65412e+05	
     27220.871	     1.63731e+05	
     27299.194	     1.62072e+05	
     27377.518	     1.60434e+05	
     27455.842	     1.58816e+05	
     27534.165	     1.57218e+05	
     27612.489	     1.55641e+05	
     27690.812	     1.54083e+05	
     27769.136	     1.52544e+05	
     27847.459	     1.51025e+05	
     27925.783	     1.49523e+05	
     28004.107	     1.48041e+05	
     28082.430	     1.46577e+05	
     28160.754	     1.45130e+05	
     28239.077	     1.43701e+05	
     28317.401	     1.42290e+05	
     28395.725	     1.40895e+05	
     28474.048	     1.39518e+05	
     28552.372	     1.38158e+05	
     28630.695	     1.36813e+05	
     28709.019	     1.35485e+05	
     28787.343	     1.34173e+05	
     28865.666	     1.32876e+05	
     28943.990	     1.31595e+05	
     29022.313	     1.30330e+05	
     29100.637	     1.29079e+05	
     29178.961	     1.27843e+05	
     29257.284	     1.26622e+05	
     29335.608	     1.25415e+05	
     29413.931	     1.24223e+05	
     29492.255	     1.23044e+05	
     29570.578	     1.21880e+05	
     29648.902	     1.20729e+05	
     29727.226	     1.19591e+05	
     29805.549	     1.18467e+05	
     29883.873	     1.17356e+05	
     29932.600	     1.16671e+05	
     29962.196	     1.16257e+05	
     29991.792	     1.15846e+05	
#time:0.038000
