# Koester WD models
# teff = 5000 K (value for the effective temperature for the model. Temperatures are given in K)
# logg = 9 log(cm/s2) (value for Log(G) for the model.)
#
#   WAVELENGTH	#           FLUX	
#   (ANGSTROM)	#  (ERG/CM2/S/A)	
##############	################	
       899.230	     9.87619e-05	
       900.318	     1.02860e-04	
       901.407	     1.07118e-04	
       902.495	     1.11539e-04	
       902.932	     1.13362e-04	
       903.583	     1.16131e-04	
       904.235	     1.18964e-04	
       905.539	     1.24825e-04	
       906.841	     1.30954e-04	
       907.048	     1.31952e-04	
       908.145	     1.37365e-04	
       908.450	     1.38910e-04	
       909.241	     1.42985e-04	
       910.032	     1.47172e-04	
       911.193	     1.53527e-04	
       911.613	     1.55891e-04	
       912.034	     1.58289e-04	
       912.465	     1.60785e-04	
       912.875	     1.63188e-04	
       913.037	     1.64149e-04	
       913.241	     1.65367e-04	
       913.284	     1.65625e-04	
       913.478	     1.66793e-04	
       913.531	     1.67113e-04	
       913.755	     1.68467e-04	
       913.822	     1.68876e-04	
       914.080	     1.70459e-04	
       914.165	     1.70983e-04	
       914.499	     1.73059e-04	
       914.575	     1.73535e-04	
       915.071	     1.76663e-04	
       915.540	     1.79675e-04	
       915.609	     1.80116e-04	
       915.643	     1.80336e-04	
       915.677	     1.80557e-04	
       915.741	     1.80974e-04	
       915.813	     1.81444e-04	
       916.085	     1.83229e-04	
       916.429	     1.85510e-04	
       916.858	     1.88385e-04	
       917.118	     1.90152e-04	
       917.196	     1.90685e-04	
       917.378	     1.91934e-04	
       917.899	     1.95546e-04	
       917.952	     1.95918e-04	
       918.287	     1.98282e-04	
       918.602	     2.00523e-04	
       919.251	     2.05229e-04	
       920.215	     2.12402e-04	
       921.882	     2.25360e-04	
       921.999	     2.26298e-04	
       922.143	     2.27457e-04	
       922.405	     2.29573e-04	
       922.810	     2.32891e-04	
       923.621	     2.39663e-04	
       925.001	     2.51617e-04	
       925.242	     2.53763e-04	
       925.484	     2.55925e-04	
       925.564	     2.56647e-04	
       925.966	     2.60302e-04	
       926.164	     2.62120e-04	
       926.369	     2.64006e-04	
       927.173	     2.71562e-04	
       927.276	     2.72535e-04	
       928.182	     2.81320e-04	
       928.917	     2.88630e-04	
       928.980	     2.89266e-04	
       929.089	     2.90369e-04	
       929.261	     2.92118e-04	
       929.317	     2.92679e-04	
       929.543	     2.94995e-04	
       929.655	     2.96149e-04	
       929.769	     2.97328e-04	
       929.827	     2.97930e-04	
       929.883	     2.98512e-04	
       929.910	     2.98793e-04	
       929.939	     2.99095e-04	
       929.954	     2.99251e-04	
       929.968	     2.99397e-04	
       929.982	     2.99543e-04	
       929.996	     2.99689e-04	
       930.010	     2.99835e-04	
       930.024	     2.99982e-04	
       930.038	     3.00128e-04	
       930.052	     3.00275e-04	
       930.081	     3.00578e-04	
       930.137	     3.01165e-04	
       930.201	     3.01837e-04	
       930.247	     3.02320e-04	
       930.249	     3.02342e-04	
       930.251	     3.02363e-04	
       930.301	     3.02889e-04	
       930.326	     3.03143e-04	
       930.329	     3.03174e-04	
       930.402	     3.03945e-04	
       930.478	     3.04751e-04	
       930.630	     3.06366e-04	
       930.931	     3.09590e-04	
       931.229	     3.12812e-04	
       931.490	     3.15648e-04	
       931.534	     3.16132e-04	
       931.838	     3.19484e-04	
       932.447	     3.26286e-04	
       933.265	     3.35651e-04	
       933.403	     3.37256e-04	
       933.432	     3.37583e-04	
       933.542	     3.38868e-04	
       933.652	     3.40159e-04	
       933.872	     3.42751e-04	
       933.973	     3.43948e-04	
       934.073	     3.45139e-04	
       934.312	     3.47994e-04	
       934.316	     3.48044e-04	
       934.652	     3.52085e-04	
       935.230	     3.59166e-04	
       935.688	     3.64861e-04	
       936.144	     3.70626e-04	
       936.372	     3.73539e-04	
       936.601	     3.76473e-04	
       936.714	     3.77937e-04	
       936.829	     3.79429e-04	
       936.887	     3.80183e-04	
       936.944	     3.80928e-04	
       936.973	     3.81308e-04	
       937.001	     3.81672e-04	
       937.015	     3.81857e-04	
       937.029	     3.82040e-04	
       937.043	     3.82222e-04	
       937.058	     3.82420e-04	
       937.072	     3.82602e-04	
       937.086	     3.82787e-04	
       937.101	     3.82982e-04	
       937.115	     3.83167e-04	
       937.143	     3.83535e-04	
       937.200	     3.84286e-04	
       937.314	     3.85788e-04	
       937.493	     3.88159e-04	
       937.542	     3.88813e-04	
       937.593	     3.89492e-04	
       937.694	     3.90827e-04	
       937.788	     3.92086e-04	
       937.894	     3.93510e-04	
       938.000	     3.94939e-04	
       938.212	     3.97810e-04	
       938.359	     3.99812e-04	
       938.556	     4.02501e-04	
       938.636	     4.03600e-04	
       938.914	     4.07417e-04	
       939.231	     4.11822e-04	
       939.271	     4.12381e-04	
       939.986	     4.22469e-04	
       940.740	     4.33361e-04	
       941.452	     4.43863e-04	
       942.250	     4.55920e-04	
       943.048	     4.68298e-04	
       943.978	     4.82954e-04	
       944.643	     4.93805e-04	
       945.308	     5.05008e-04	
       946.115	     5.19123e-04	
       946.233	     5.21228e-04	
       946.637	     5.28532e-04	
       947.158	     5.38105e-04	
       947.621	     5.46647e-04	
       948.083	     5.55189e-04	
       948.314	     5.59493e-04	
       948.546	     5.63825e-04	
       948.661	     5.65992e-04	
       948.777	     5.68188e-04	
       948.835	     5.69288e-04	
       948.893	     5.70391e-04	
       948.922	     5.70944e-04	
       948.951	     5.71497e-04	
       948.966	     5.71782e-04	
       948.980	     5.72049e-04	
       948.994	     5.72316e-04	
       949.009	     5.72602e-04	
       949.023	     5.72869e-04	
       949.037	     5.73140e-04	
       949.052	     5.73425e-04	
       949.066	     5.73693e-04	
       949.095	     5.74249e-04	
       949.153	     5.75361e-04	
       949.230	     5.76837e-04	
       949.258	     5.77378e-04	
       949.269	     5.77588e-04	
       949.280	     5.77799e-04	
       949.330	     5.78763e-04	
       949.360	     5.79344e-04	
       949.430	     5.80695e-04	
       949.500	     5.82052e-04	
       949.640	     5.84773e-04	
       949.795	     5.87779e-04	
       949.879	     5.89422e-04	
       949.921	     5.90249e-04	
       949.963	     5.91072e-04	
       950.047	     5.92727e-04	
       950.131	     5.94383e-04	
       950.467	     6.01015e-04	
       950.718	     6.05957e-04	
       950.888	     6.09280e-04	
       951.728	     6.25900e-04	
       952.738	     6.46722e-04	
       953.502	     6.63310e-04	
       953.748	     6.68735e-04	
       954.758	     6.91615e-04	
       956.014	     7.21266e-04	
       957.270	     7.51965e-04	
       957.764	     7.64280e-04	
       958.148	     7.74060e-04	
       958.526	     7.83733e-04	
       959.289	     8.03491e-04	
       960.430	     8.33565e-04	
       961.192	     8.53348e-04	
       962.712	     8.94735e-04	
       964.231	     9.38014e-04	
       965.750	     9.83450e-04	
       966.507	     1.00682e-03	
       966.767	     1.01500e-03	
       967.269	     1.03095e-03	
       968.032	     1.05565e-03	
       968.668	     1.07656e-03	
       968.979	     1.08694e-03	
       969.297	     1.09766e-03	
       969.927	     1.11917e-03	
       970.401	     1.13578e-03	
       970.874	     1.15341e-03	
       971.110	     1.16348e-03	
       971.348	     1.17661e-03	
       971.467	     1.18466e-03	
       971.585	     1.19076e-03	
       971.644	     1.19260e-03	
       971.703	     1.19518e-03	
       971.732	     1.19722e-03	
       971.762	     1.19897e-03	
       971.778	     1.19963e-03	
       971.792	     1.20017e-03	
       971.806	     1.20070e-03	
       971.821	     1.20127e-03	
       971.827	     1.20150e-03	
       971.833	     1.20173e-03	
       971.836	     1.20184e-03	
       971.839	     1.20196e-03	
       971.851	     1.20242e-03	
       971.866	     1.20299e-03	
       971.880	     1.20352e-03	
       971.910	     1.20464e-03	
       971.969	     1.20552e-03	
       972.037	     1.20756e-03	
       972.087	     1.20977e-03	
       972.137	     1.21141e-03	
       972.150	     1.21174e-03	
       972.199	     1.21254e-03	
       972.237	     1.21273e-03	
       972.324	     1.21300e-03	
       972.499	     1.21407e-03	
       972.798	     1.22020e-03	
       973.047	     1.22789e-03	
       973.097	     1.22955e-03	
       973.248	     1.23469e-03	
       973.396	     1.23987e-03	
       973.746	     1.25248e-03	
       974.444	     1.27810e-03	
       975.640	     1.32459e-03	
       976.759	     1.36981e-03	
       976.836	     1.37297e-03	
       978.032	     1.42302e-03	
       979.305	     1.47821e-03	
       979.778	     1.49919e-03	
       980.578	     1.53529e-03	
       981.851	     1.59451e-03	
       983.923	     1.69567e-03	
       985.373	     1.76944e-03	
       985.996	     1.80208e-03	
       986.414	     1.82436e-03	
       986.618	     1.83534e-03	
       987.863	     1.90150e-03	
       989.312	     1.98409e-03	
       990.541	     2.05753e-03	
       990.761	     2.07100e-03	
       992.210	     2.16192e-03	
       993.880	     2.27154e-03	
       995.549	     2.38661e-03	
       995.989	     2.41789e-03	
       997.218	     2.50731e-03	
       997.574	     2.53382e-03	
       997.806	     2.55124e-03	
       998.447	     2.59988e-03	
       999.319	     2.66759e-03	
       999.435	     2.67671e-03	
      1001.064	     2.80782e-03	
      1002.694	     2.94508e-03	
      1004.323	     3.08877e-03	
      1005.836	     3.22821e-03	
      1005.952	     3.23914e-03	
      1007.581	     3.39647e-03	
      1009.326	     3.57309e-03	
      1011.071	     3.75926e-03	
      1011.303	     3.78471e-03	
      1012.816	     3.95467e-03	
      1014.329	     4.13192e-03	
      1015.378	     4.25912e-03	
      1015.842	     4.31655e-03	
      1017.355	     4.50900e-03	
      1017.620	     4.54290e-03	
      1019.332	     4.77164e-03	
      1021.044	     5.01282e-03	
      1022.470	     5.22915e-03	
      1022.756	     5.27605e-03	
      1023.043	     5.32566e-03	
      1023.189	     5.35208e-03	
      1023.615	     5.43935e-03	
      1023.828	     5.49056e-03	
      1024.041	     5.55352e-03	
      1024.254	     5.62835e-03	
      1024.394	     5.68594e-03	
      1024.467	     5.71914e-03	
      1024.540	     5.75468e-03	
      1024.582	     5.77453e-03	
      1024.687	     5.81958e-03	
      1024.791	     5.84603e-03	
      1024.852	     5.85445e-03	
      1024.875	     5.85778e-03	
      1024.895	     5.86215e-03	
      1024.915	     5.86721e-03	
      1024.947	     5.87679e-03	
      1024.978	     5.88445e-03	
      1024.993	     5.88722e-03	
      1025.009	     5.88992e-03	
      1025.025	     5.89259e-03	
      1025.040	     5.89507e-03	
      1025.056	     5.89774e-03	
      1025.072	     5.90041e-03	
      1025.087	     5.90290e-03	
      1025.103	     5.90557e-03	
      1025.134	     5.91072e-03	
      1025.196	     5.91675e-03	
      1025.271	     5.92366e-03	
      1025.320	     5.93368e-03	
      1025.371	     5.94235e-03	
      1025.471	     5.94427e-03	
      1025.521	     5.93840e-03	
      1025.571	     5.93064e-03	
      1025.621	     5.92259e-03	
      1025.721	     5.90676e-03	
      1025.772	     5.90139e-03	
      1025.921	     5.88926e-03	
      1026.070	     5.88474e-03	
      1026.369	     5.89287e-03	
      1026.667	     5.91945e-03	
      1026.861	     5.94113e-03	
      1026.965	     5.95470e-03	
      1027.069	     5.96877e-03	
      1027.277	     5.99802e-03	
      1027.693	     6.06070e-03	
      1027.985	     6.10685e-03	
      1028.526	     6.19604e-03	
      1028.796	     6.24175e-03	
      1029.067	     6.28827e-03	
      1029.338	     6.33527e-03	
      1029.881	     6.43093e-03	
      1030.965	     6.62719e-03	
      1033.082	     7.02900e-03	
      1033.135	     7.03918e-03	
      1033.187	     7.04936e-03	
      1033.230	     7.05778e-03	
      1033.291	     7.06978e-03	
      1033.499	     7.11078e-03	
      1033.915	     7.19349e-03	
      1034.747	     7.36163e-03	
      1036.265	     7.67761e-03	
      1037.783	     8.00638e-03	
      1039.172	     8.31872e-03	
      1039.258	     8.33845e-03	
      1039.301	     8.34834e-03	
      1039.344	     8.35824e-03	
      1039.504	     8.39537e-03	
      1039.516	     8.39814e-03	
      1039.860	     8.47853e-03	
      1040.549	     8.64145e-03	
      1041.925	     8.97613e-03	
      1044.347	     9.59424e-03	
      1046.768	     1.02516e-02	
      1049.029	     1.09032e-02	
      1049.189	     1.09508e-02	
      1049.349	     1.09985e-02	
      1049.670	     1.10941e-02	
      1050.310	     1.12874e-02	
      1051.591	     1.16835e-02	
      1053.952	     1.24479e-02	
      1054.152	     1.25148e-02	
      1054.352	     1.25820e-02	
      1054.752	     1.27174e-02	
      1054.952	     1.27856e-02	
      1055.553	     1.29922e-02	
      1057.153	     1.35586e-02	
      1059.355	     1.43747e-02	
      1061.556	     1.52415e-02	
      1063.156	     1.59018e-02	
      1063.757	     1.61561e-02	
      1064.357	     1.64142e-02	
      1065.558	     1.69419e-02	
      1066.558	     1.73936e-02	
      1067.959	     1.80446e-02	
      1069.359	     1.87180e-02	
      1069.960	     1.90112e-02	
      1072.161	     2.01228e-02	
      1074.362	     2.12942e-02	
      1076.563	     2.25281e-02	
      1078.163	     2.34665e-02	
      1078.687	     2.37814e-02	
      1078.764	     2.38277e-02	
      1078.980	     2.39590e-02	
      1079.364	     2.41940e-02	
      1080.565	     2.49484e-02	
      1080.712	     2.50419e-02	
      1082.442	     2.61718e-02	
      1084.173	     2.73484e-02	
      1085.905	     2.85736e-02	
      1087.637	     2.98493e-02	
      1089.318	     3.11389e-02	
      1089.367	     3.11772e-02	
      1089.418	     3.12168e-02	
      1089.518	     3.12948e-02	
      1089.718	     3.14511e-02	
      1090.119	     3.17659e-02	
      1090.669	     3.22035e-02	
      1090.919	     3.24043e-02	
      1092.520	     3.37165e-02	
      1094.370	     3.52949e-02	
      1096.221	     3.69407e-02	
      1096.771	     3.74434e-02	
      1098.072	     3.86570e-02	
      1099.372	     3.99064e-02	
      1099.573	     4.01031e-02	
      1101.974	     4.25356e-02	
      1104.374	     4.51026e-02	
      1106.775	     4.78106e-02	
      1108.976	     5.04235e-02	
      1109.176	     5.06673e-02	
      1109.376	     5.09123e-02	
      1109.777	     5.13983e-02	
      1109.977	     5.16431e-02	
      1110.577	     5.23832e-02	
      1112.177	     5.44048e-02	
      1114.378	     5.73017e-02	
      1116.579	     6.03393e-02	
      1118.180	     6.26402e-02	
      1118.684	     6.33816e-02	
      1118.780	     6.35236e-02	
      1119.380	     6.44187e-02	
      1120.076	     6.54711e-02	
      1121.469	     6.76234e-02	
      1123.778	     7.13355e-02	
      1124.254	     7.21291e-02	
      1124.730	     7.29358e-02	
      1125.682	     7.45742e-02	
      1125.790	     7.47621e-02	
      1127.075	     7.70300e-02	
      1127.587	     7.79520e-02	
      1129.384	     8.12655e-02	
      1131.692	     8.57111e-02	
      1132.463	     8.72430e-02	
      1134.001	     9.03795e-02	
      1135.540	     9.36195e-02	
      1137.846	     9.86825e-02	
      1138.617	     1.00429e-01	
      1139.387	     1.02207e-01	
      1140.927	     1.05854e-01	
      1143.628	     1.12557e-01	
      1143.948	     1.13380e-01	
      1144.008	     1.13535e-01	
      1144.388	     1.14520e-01	
      1145.149	     1.16512e-01	
      1146.669	     1.20610e-01	
      1149.390	     1.28310e-01	
      1149.830	     1.29609e-01	
      1152.111	     1.36532e-01	
      1154.391	     1.43837e-01	
      1156.672	     1.51507e-01	
      1158.513	     1.57984e-01	
      1158.953	     1.59577e-01	
      1159.393	     1.61183e-01	
      1159.673	     1.62214e-01	
      1160.273	     1.64440e-01	
      1162.034	     1.71084e-01	
      1164.394	     1.80296e-01	
      1166.755	     1.89889e-01	
      1168.835	     1.98567e-01	
      1169.115	     1.99757e-01	
      1169.395	     2.00953e-01	
      1169.956	     2.03352e-01	
      1171.076	     2.08218e-01	
      1172.236	     2.13319e-01	
      1173.317	     2.18179e-01	
      1173.717	     2.19998e-01	
      1174.397	     2.23144e-01	
      1176.557	     2.33436e-01	
      1177.860	     2.39910e-01	
      1179.398	     2.47771e-01	
      1180.936	     2.55882e-01	
      1182.858	     2.66323e-01	
      1184.013	     2.72773e-01	
      1185.168	     2.79359e-01	
      1185.558	     2.81607e-01	
      1187.479	     2.92943e-01	
      1189.400	     3.04685e-01	
      1191.322	     3.16848e-01	
      1192.085	     3.21803e-01	
      1193.243	     3.29456e-01	
      1194.034	     3.34771e-01	
      1194.402	     3.37272e-01	
      1196.718	     3.53410e-01	
      1199.403	     3.72976e-01	
      1199.771	     3.75734e-01	
      1202.087	     3.93528e-01	
      1204.404	     4.12086e-01	
      1206.720	     4.31422e-01	
      1208.669	     4.48318e-01	
      1209.037	     4.51576e-01	
      1209.405	     4.54855e-01	
      1209.957	     4.59816e-01	
      1210.141	     4.61481e-01	
      1210.167	     4.61717e-01	
      1210.325	     4.63149e-01	
      1210.693	     4.66505e-01	
      1211.429	     4.73284e-01	
      1211.508	     4.74016e-01	
      1212.691	     4.85112e-01	
      1213.283	     4.90745e-01	
      1213.875	     4.96444e-01	
      1214.171	     4.99315e-01	
      1214.467	     5.02206e-01	
      1214.615	     5.03654e-01	
      1214.763	     5.05108e-01	
      1214.837	     5.05834e-01	
      1214.911	     5.06563e-01	
      1214.948	     5.06931e-01	
      1214.985	     5.07295e-01	
      1215.004	     5.07483e-01	
      1215.022	     5.07659e-01	
      1215.040	     5.07838e-01	
      1215.059	     5.08027e-01	
      1215.077	     5.08203e-01	
      1215.095	     5.08382e-01	
      1215.114	     5.08570e-01	
      1215.132	     5.08746e-01	
      1215.169	     5.09114e-01	
      1215.243	     5.09846e-01	
      1215.391	     5.11316e-01	
      1215.637	     5.13767e-01	
      1215.687	     5.14266e-01	
      1215.737	     5.14766e-01	
      1215.795	     5.15347e-01	
      1215.837	     5.15768e-01	
      1216.037	     5.17775e-01	
      1216.064	     5.18049e-01	
      1216.279	     5.20213e-01	
      1216.763	     5.25123e-01	
      1217.462	     5.32286e-01	
      1218.315	     5.41136e-01	
      1218.861	     5.46879e-01	
      1218.985	     5.48192e-01	
      1219.407	     5.52675e-01	
      1219.829	     5.57196e-01	
      1220.104	     5.60159e-01	
      1220.673	     5.66332e-01	
      1222.361	     5.85012e-01	
      1224.619	     6.10820e-01	
      1226.876	     6.37583e-01	
      1228.858	     6.61921e-01	
      1229.134	     6.65367e-01	
      1229.409	     6.68826e-01	
      1229.740	     6.73017e-01	
      1229.959	     6.75804e-01	
      1230.178	     6.78603e-01	
      1230.616	     6.84236e-01	
      1231.492	     6.95618e-01	
      1231.694	     6.98269e-01	
      1233.244	     7.18906e-01	
      1234.794	     7.40118e-01	
      1236.380	     7.62399e-01	
      1237.895	     7.84245e-01	
      1239.410	     8.06654e-01	
      1240.470	     8.22673e-01	
      1242.441	     8.53250e-01	
      1244.411	     8.84867e-01	
      1247.291	     9.33022e-01	
      1248.352	     9.51328e-01	
      1248.652	     9.56568e-01	
      1249.412	     9.69964e-01	
      1251.532	     1.00824e+00	
      1254.413	     1.06240e+00	
      1255.173	     1.07712e+00	
      1257.293	     1.11915e+00	
      1259.413	     1.16265e+00	
      1261.534	     1.20766e+00	
      1262.894	     1.23733e+00	
      1263.654	     1.25416e+00	
      1264.414	     1.27125e+00	
      1265.934	     1.30609e+00	
      1268.534	     1.36779e+00	
      1268.975	     1.37849e+00	
      1269.415	     1.38926e+00	
      1269.695	     1.39615e+00	
      1270.295	     1.41102e+00	
      1272.055	     1.45546e+00	
      1274.415	     1.51720e+00	
      1276.775	     1.58117e+00	
      1278.856	     1.63966e+00	
      1279.136	     1.64767e+00	
      1279.416	     1.65573e+00	
      1279.976	     1.67194e+00	
      1281.096	     1.70477e+00	
      1282.256	     1.73937e+00	
      1283.336	     1.77215e+00	
      1283.736	     1.78442e+00	
      1284.416	     1.80547e+00	
      1286.577	     1.87365e+00	
      1286.917	     1.88458e+00	
      1289.417	     1.96690e+00	
      1291.917	     2.05243e+00	
      1294.417	     2.14125e+00	
      1296.918	     2.23346e+00	
      1299.418	     2.32921e+00	
      1301.918	     2.42861e+00	
      1304.418	     2.53174e+00	
      1306.919	     2.63878e+00	
      1309.419	     2.74999e+00	
      1311.919	     2.86537e+00	
      1314.419	     2.98509e+00	
      1316.919	     3.10927e+00	
      1319.420	     3.23801e+00	
      1321.920	     3.37140e+00	
      1324.420	     3.50963e+00	
      1326.920	     3.65286e+00	
      1329.420	     3.80126e+00	
      1331.920	     3.95511e+00	
      1334.421	     4.11454e+00	
      1336.921	     4.27976e+00	
      1339.421	     4.45110e+00	
      1341.921	     4.62854e+00	
      1344.421	     4.81223e+00	
      1346.921	     5.00208e+00	
      1349.421	     5.19858e+00	
      1351.921	     5.40169e+00	
      1354.422	     5.61167e+00	
      1356.922	     5.82888e+00	
      1359.422	     6.05284e+00	
      1361.922	     6.28611e+00	
      1364.422	     6.52873e+00	
      1365.191	     6.60473e+00	
      1369.422	     7.03707e+00	
      1373.653	     7.49396e+00	
      1376.346	     7.79784e+00	
      1377.884	     7.97622e+00	
      1379.422	     8.15777e+00	
      1380.574	     8.29616e+00	
      1382.499	     8.53187e+00	
      1384.423	     8.77353e+00	
      1387.119	     9.12287e+00	
      1388.271	     9.27584e+00	
      1389.031	     9.37803e+00	
      1389.423	     9.43109e+00	
      1391.727	     9.74852e+00	
      1394.423	     1.01327e+01	
      1399.423	     1.08838e+01	
      1404.423	     1.16833e+01	
      1409.423	     1.25337e+01	
      1414.423	     1.34359e+01	
      1419.423	     1.43915e+01	
      1424.423	     1.54085e+01	
      1429.423	     1.64903e+01	
      1434.423	     1.76438e+01	
      1439.423	     1.88708e+01	
      1444.422	     2.01739e+01	
      1449.422	     2.15511e+01	
      1454.422	     2.30041e+01	
      1459.422	     2.45414e+01	
      1464.422	     2.61640e+01	
      1465.960	     2.66806e+01	
      1469.422	     2.78771e+01	
      1472.884	     2.91243e+01	
      1473.268	     2.92664e+01	
      1474.422	     2.96970e+01	
      1476.345	     3.04271e+01	
      1479.421	     3.16324e+01	
      1484.421	     3.36810e+01	
      1489.421	     3.58462e+01	
      1494.421	     3.81311e+01	
      1499.420	     4.05366e+01	
      1504.420	     4.30678e+01	
      1509.420	     4.57331e+01	
      1514.420	     4.85404e+01	
      1519.419	     5.14935e+01	
      1524.419	     5.45937e+01	
      1529.419	     5.78433e+01	
      1534.418	     6.12683e+01	
      1539.418	     6.48921e+01	
      1544.418	     6.87091e+01	
      1549.417	     7.27257e+01	
      1554.417	     7.69558e+01	
      1559.417	     8.13955e+01	
      1564.416	     8.60394e+01	
      1566.724	     8.82539e+01	
      1569.416	     9.08970e+01	
      1570.186	     9.16670e+01	
      1572.107	     9.36116e+01	
      1574.415	     9.59895e+01	
      1574.800	     9.63913e+01	
      1579.415	     1.01321e+02	
      1584.414	     1.06905e+02	
      1589.414	     1.12756e+02	
      1594.413	     1.18884e+02	
      1599.413	     1.25299e+02	
      1604.413	     1.32011e+02	
      1609.412	     1.39046e+02	
      1614.412	     1.46401e+02	
      1619.411	     1.54106e+02	
      1624.410	     1.62140e+02	
      1629.410	     1.70497e+02	
      1634.409	     1.79089e+02	
      1639.409	     1.87808e+02	
      1644.408	     1.96540e+02	
      1649.408	     2.05243e+02	
      1654.407	     2.13844e+02	
      1659.407	     2.22496e+02	
      1664.406	     2.31193e+02	
      1665.560	     2.33226e+02	
      1669.405	     2.40060e+02	
      1670.174	     2.41449e+02	
      1673.251	     2.47061e+02	
      1674.405	     2.49214e+02	
      1676.328	     2.52864e+02	
      1679.404	     2.58804e+02	
      1684.404	     2.68777e+02	
      1689.403	     2.79098e+02	
      1694.402	     2.89809e+02	
      1699.402	     3.01116e+02	
      1704.401	     3.13217e+02	
      1709.400	     3.26110e+02	
      1714.400	     3.39864e+02	
      1719.399	     3.54381e+02	
      1724.398	     3.69206e+02	
      1729.398	     3.85015e+02	
      1734.397	     4.01612e+02	
      1739.396	     4.18862e+02	
      1744.396	     4.36948e+02	
      1749.395	     4.55949e+02	
      1754.394	     4.75709e+02	
      1759.393	     4.96227e+02	
      1764.393	     5.17502e+02	
      1767.084	     5.29277e+02	
      1767.854	     5.32688e+02	
      1769.392	     5.39556e+02	
      1771.700	     5.49986e+02	
      1774.391	     5.62355e+02	
      1775.545	     5.67727e+02	
      1779.391	     5.85960e+02	
      1784.390	     6.10323e+02	
      1789.389	     6.35532e+02	
      1794.388	     6.61541e+02	
      1799.387	     6.88559e+02	
      1804.387	     7.16610e+02	
      1809.386	     7.45651e+02	
      1814.385	     7.75722e+02	
      1819.384	     8.06833e+02	
      1823.999	     8.36493e+02	
      1824.384	     8.39009e+02	
      1829.383	     8.72263e+02	
      1834.767	     9.09331e+02	
      1840.151	     9.47727e+02	
      1845.535	     9.87481e+02	
      1850.919	     1.02861e+03	
      1856.303	     1.07090e+03	
      1861.687	     1.11474e+03	
      1863.998	     1.13407e+03	
      1867.072	     1.16023e+03	
      1870.145	     1.18691e+03	
      1876.292	     1.24188e+03	
      1882.439	     1.29903e+03	
      1888.586	     1.35843e+03	
      1894.733	     1.42013e+03	
      1900.880	     1.48417e+03	
      1906.980	     1.55012e+03	
      1907.027	     1.55063e+03	
      1913.174	     1.61961e+03	
      1919.368	     1.69174e+03	
      1925.561	     1.76639e+03	
      1931.755	     1.84386e+03	
      1937.949	     1.92506e+03	
      1944.143	     2.00829e+03	
      1944.472	     2.01279e+03	
      1950.337	     2.09593e+03	
      1956.531	     2.18470e+03	
      1962.560	     2.27408e+03	
      1968.590	     2.36658e+03	
      1974.620	     2.46223e+03	
      1980.648	     2.56106e+03	
      1986.678	     2.66306e+03	
      1992.707	     2.76845e+03	
      2004.766	     2.98964e+03	
      2015.838	     3.20530e+03	
      2016.825	     3.22513e+03	
      2017.811	     3.24508e+03	
      2019.785	     3.28529e+03	
      2023.732	     3.36728e+03	
      2031.627	     3.53608e+03	
      2039.521	     3.71075e+03	
      2047.416	     3.89237e+03	
      2055.310	     4.08124e+03	
      2059.377	     4.18143e+03	
      2063.205	     4.27750e+03	
      2067.032	     4.37536e+03	
      2074.686	     4.57686e+03	
      2082.341	     4.78593e+03	
      2089.995	     5.00179e+03	
      2094.355	     5.12812e+03	
      2097.650	     5.22529e+03	
      2105.304	     5.45692e+03	
      2116.253	     5.80290e+03	
      2127.202	     6.16651e+03	
      2138.151	     6.55006e+03	
      2149.099	     6.95071e+03	
      2154.622	     7.15997e+03	
      2160.048	     7.37040e+03	
      2165.474	     7.58578e+03	
      2176.326	     8.03239e+03	
      2181.364	     8.24671e+03	
      2187.177	     8.49964e+03	
      2189.697	     8.61111e+03	
      2198.029	     8.98810e+03	
      2206.362	     9.37816e+03	
      2214.695	     9.78154e+03	
      2231.360	     1.06183e+04	
      2232.137	     1.06585e+04	
      2248.025	     1.15048e+04	
      2263.914	     1.23917e+04	
      2279.803	     1.33377e+04	
      2295.691	     1.43319e+04	
      2310.025	     1.52848e+04	
      2311.580	     1.53918e+04	
      2313.134	     1.54994e+04	
      2316.244	     1.57147e+04	
      2322.462	     1.61522e+04	
      2334.899	     1.70630e+04	
      2347.337	     1.80338e+04	
      2357.193	     1.88335e+04	
      2359.774	     1.90474e+04	
      2362.354	     1.92665e+04	
      2367.515	     1.97192e+04	
      2377.837	     2.06517e+04	
      2387.688	     2.15755e+04	
      2388.159	     2.16204e+04	
      2398.481	     2.26536e+04	
      2409.274	     2.37986e+04	
      2420.066	     2.49965e+04	
      2430.860	     2.62925e+04	
      2441.652	     2.76643e+04	
      2448.697	     2.85941e+04	
      2451.595	     2.89852e+04	
      2452.445	     2.91009e+04	
      2456.194	     2.96162e+04	
      2460.793	     3.02991e+04	
      2469.991	     3.17062e+04	
      2479.189	     3.31740e+04	
      2488.387	     3.47023e+04	
      2497.585	     3.63265e+04	
      2503.552	     3.74186e+04	
      2506.782	     3.80189e+04	
      2510.013	     3.86215e+04	
      2516.473	     3.98228e+04	
      2522.934	     4.09560e+04	
      2529.394	     4.21954e+04	
      2535.855	     4.34844e+04	
      2542.315	     4.47988e+04	
      2548.776	     4.61412e+04	
      2551.240	     4.66608e+04	
      2555.236	     4.75109e+04	
      2559.232	     4.83708e+04	
      2567.224	     5.01675e+04	
      2583.209	     5.39132e+04	
      2599.193	     5.78747e+04	
      2615.177	     6.20776e+04	
      2631.161	     6.65584e+04	
      2636.621	     6.81600e+04	
      2647.145	     7.13720e+04	
      2657.670	     7.47526e+04	
      2668.194	     7.81562e+04	
      2678.719	     8.17194e+04	
      2689.243	     8.54655e+04	
      2699.768	     8.93764e+04	
      2710.292	     9.34825e+04	
      2720.817	     9.78022e+04	
      2731.341	     1.02268e+05	
      2741.866	     1.06946e+05	
      2748.672	     1.10067e+05	
      2752.390	     1.11805e+05	
      2756.108	     1.13569e+05	
      2763.545	     1.17214e+05	
      2778.417	     1.24778e+05	
      2793.289	     1.32788e+05	
      2808.162	     1.41219e+05	
      2823.034	     1.49979e+05	
      2837.906	     1.59101e+05	
      2851.011	     1.67446e+05	
      2852.779	     1.68590e+05	
      2854.546	     1.69738e+05	
      2858.081	     1.72166e+05	
      2865.152	     1.77092e+05	
      2879.292	     1.87251e+05	
      2893.433	     1.97833e+05	
      2907.573	     2.08798e+05	
      2918.726	     2.17761e+05	
      2921.714	     2.20230e+05	
      2935.854	     2.32161e+05	
      2952.983	     2.47192e+05	
      2970.112	     2.62314e+05	
      2987.241	     2.77995e+05	
      3004.369	     2.94342e+05	
      3021.498	     3.11301e+05	
      3025.833	     3.15667e+05	
      3038.627	     3.28771e+05	
      3045.023	     3.35447e+05	
      3051.421	     3.42198e+05	
      3057.818	     3.49816e+05	
      3064.214	     3.57551e+05	
      3070.612	     3.65408e+05	
      3077.008	     3.73425e+05	
      3089.802	     3.89831e+05	
      3102.596	     4.06736e+05	
      3115.390	     4.24197e+05	
      3128.183	     4.42280e+05	
      3132.097	     4.47906e+05	
      3140.977	     4.60847e+05	
      3149.857	     4.74035e+05	
      3158.737	     4.88907e+05	
      3167.616	     5.04157e+05	
      3185.376	     5.35645e+05	
      3193.495	     5.50482e+05	
      3203.135	     5.68578e+05	
      3220.894	     6.02900e+05	
      3234.595	     6.30200e+05	
      3241.444	     6.44124e+05	
      3248.294	     6.58198e+05	
      3255.144	     6.69175e+05	
      3261.994	     6.80252e+05	
      3268.844	     6.91427e+05	
      3275.694	     7.02708e+05	
      3282.543	     7.14084e+05	
      3296.244	     7.37140e+05	
      3300.556	     7.44479e+05	
      3323.643	     7.84562e+05	
      3346.730	     8.25802e+05	
      3369.817	     8.69728e+05	
      3392.904	     9.15102e+05	
      3415.990	     9.61557e+05	
      3432.989	     9.96457e+05	
      3439.077	     1.00910e+06	
      3445.167	     1.02180e+06	
      3457.345	     1.04765e+06	
      3481.701	     1.10024e+06	
      3517.228	     1.17916e+06	
      3530.415	     1.20914e+06	
      3543.602	     1.23946e+06	
      3548.671	     1.25137e+06	
      3569.977	     1.30203e+06	
      3591.283	     1.35378e+06	
      3628.828	     1.44776e+06	
      3633.895	     1.46061e+06	
      3635.884	     1.46566e+06	
      3638.963	     1.47350e+06	
      3642.042	     1.48155e+06	
      3643.122	     1.48437e+06	
      3645.121	     1.48961e+06	
      3645.281	     1.49003e+06	
      3647.121	     1.49485e+06	
      3648.960	     1.49968e+06	
      3651.320	     1.50588e+06	
      3652.639	     1.50934e+06	
      3653.959	     1.51282e+06	
      3654.239	     1.51355e+06	
      3656.598	     1.51976e+06	
      3658.958	     1.52598e+06	
      3663.397	     1.53770e+06	
      3663.676	     1.53844e+06	
      3663.956	     1.53918e+06	
      3664.516	     1.54066e+06	
      3665.636	     1.54362e+06	
      3666.796	     1.54669e+06	
      3667.875	     1.54955e+06	
      3668.275	     1.55061e+06	
      3668.955	     1.55241e+06	
      3671.115	     1.55814e+06	
      3673.954	     1.56567e+06	
      3675.202	     1.56899e+06	
      3678.952	     1.57896e+06	
      3682.583	     1.58862e+06	
      3682.703	     1.58894e+06	
      3682.822	     1.58926e+06	
      3683.062	     1.58989e+06	
      3683.178	     1.59021e+06	
      3683.542	     1.59117e+06	
      3684.502	     1.59373e+06	
      3684.819	     1.59458e+06	
      3685.826	     1.59726e+06	
      3686.832	     1.59994e+06	
      3688.742	     1.60504e+06	
      3688.846	     1.60531e+06	
      3688.939	     1.60556e+06	
      3688.950	     1.60559e+06	
      3689.158	     1.60615e+06	
      3689.377	     1.60673e+06	
      3689.730	     1.60767e+06	
      3689.815	     1.60790e+06	
      3689.900	     1.60813e+06	
      3690.070	     1.60858e+06	
      3690.410	     1.60949e+06	
      3690.624	     1.61006e+06	
      3691.089	     1.61130e+06	
      3691.469	     1.61232e+06	
      3691.554	     1.61254e+06	
      3691.700	     1.61294e+06	
      3692.484	     1.61503e+06	
      3693.499	     1.61774e+06	
      3694.397	     1.62015e+06	
      3695.297	     1.62256e+06	
      3695.808	     1.62392e+06	
      3696.197	     1.62496e+06	
      3696.525	     1.62584e+06	
      3696.586	     1.62601e+06	
      3696.647	     1.62617e+06	
      3696.666	     1.62622e+06	
      3696.759	     1.62647e+06	
      3696.769	     1.62649e+06	
      3696.872	     1.62677e+06	
      3696.929	     1.62692e+06	
      3696.985	     1.62707e+06	
      3697.041	     1.62722e+06	
      3697.097	     1.62737e+06	
      3697.153	     1.62752e+06	
      3697.209	     1.62767e+06	
      3697.265	     1.62782e+06	
      3697.322	     1.62798e+06	
      3697.347	     1.62804e+06	
      3697.405	     1.62820e+06	
      3697.434	     1.62827e+06	
      3697.463	     1.62835e+06	
      3697.499	     1.62845e+06	
      3697.529	     1.62853e+06	
      3697.579	     1.62866e+06	
      3697.659	     1.62888e+06	
      3697.819	     1.62931e+06	
      3698.109	     1.63008e+06	
      3698.429	     1.63094e+06	
      3698.688	     1.63164e+06	
      3698.886	     1.63217e+06	
      3698.947	     1.63233e+06	
      3699.008	     1.63249e+06	
      3699.130	     1.63282e+06	
      3699.374	     1.63347e+06	
      3699.533	     1.63390e+06	
      3699.862	     1.63478e+06	
      3699.879	     1.63483e+06	
      3700.191	     1.63566e+06	
      3700.198	     1.63568e+06	
      3700.503	     1.63650e+06	
      3700.808	     1.63732e+06	
      3700.842	     1.63741e+06	
      3701.092	     1.63808e+06	
      3701.418	     1.63895e+06	
      3701.994	     1.64050e+06	
      3702.444	     1.64171e+06	
      3702.895	     1.64291e+06	
      3703.121	     1.64352e+06	
      3703.346	     1.64412e+06	
      3703.458	     1.64443e+06	
      3703.571	     1.64473e+06	
      3703.628	     1.64488e+06	
      3703.684	     1.64503e+06	
      3703.740	     1.64518e+06	
      3703.797	     1.64533e+06	
      3703.853	     1.64548e+06	
      3703.909	     1.64564e+06	
      3703.966	     1.64579e+06	
      3704.022	     1.64594e+06	
      3704.085	     1.64611e+06	
      3704.134	     1.64624e+06	
      3704.185	     1.64637e+06	
      3704.210	     1.64644e+06	
      3704.222	     1.64647e+06	
      3704.285	     1.64664e+06	
      3704.314	     1.64672e+06	
      3704.360	     1.64684e+06	
      3704.406	     1.64697e+06	
      3704.491	     1.64719e+06	
      3704.567	     1.64740e+06	
      3704.590	     1.64746e+06	
      3704.689	     1.64773e+06	
      3704.811	     1.64805e+06	
      3705.055	     1.64871e+06	
      3705.373	     1.64956e+06	
      3705.543	     1.65002e+06	
      3705.713	     1.65047e+06	
      3706.052	     1.65139e+06	
      3706.073	     1.65144e+06	
      3706.732	     1.65321e+06	
      3707.267	     1.65465e+06	
      3707.391	     1.65498e+06	
      3707.515	     1.65531e+06	
      3707.614	     1.65558e+06	
      3707.763	     1.65598e+06	
      3707.912	     1.65638e+06	
      3708.118	     1.65693e+06	
      3708.210	     1.65718e+06	
      3708.302	     1.65743e+06	
      3708.486	     1.65792e+06	
      3708.763	     1.65866e+06	
      3708.854	     1.65891e+06	
      3708.873	     1.65896e+06	
      3708.945	     1.65915e+06	
      3709.127	     1.65964e+06	
      3709.206	     1.65985e+06	
      3709.491	     1.66062e+06	
      3710.108	     1.66228e+06	
      3710.902	     1.66442e+06	
      3711.011	     1.66471e+06	
      3711.120	     1.66500e+06	
      3711.213	     1.66525e+06	
      3711.323	     1.66555e+06	
      3711.338	     1.66559e+06	
      3711.463	     1.66592e+06	
      3711.517	     1.66607e+06	
      3711.576	     1.66623e+06	
      3711.603	     1.66630e+06	
      3711.689	     1.66653e+06	
      3711.746	     1.66668e+06	
      3711.802	     1.66683e+06	
      3711.858	     1.66699e+06	
      3711.915	     1.66714e+06	
      3711.971	     1.66729e+06	
      3712.027	     1.66744e+06	
      3712.084	     1.66759e+06	
      3712.140	     1.66774e+06	
      3712.203	     1.66791e+06	
      3712.252	     1.66804e+06	
      3712.303	     1.66818e+06	
      3712.327	     1.66825e+06	
      3712.331	     1.66826e+06	
      3712.403	     1.66845e+06	
      3712.479	     1.66865e+06	
      3712.631	     1.66907e+06	
      3712.931	     1.66987e+06	
      3713.228	     1.67067e+06	
      3713.531	     1.67148e+06	
      3713.833	     1.67230e+06	
      3714.242	     1.67340e+06	
      3714.420	     1.67388e+06	
      3714.439	     1.67393e+06	
      3714.636	     1.67446e+06	
      3715.030	     1.67552e+06	
      3715.640	     1.67716e+06	
      3716.765	     1.68019e+06	
      3716.790	     1.68026e+06	
      3716.860	     1.68045e+06	
      3716.955	     1.68070e+06	
      3717.145	     1.68122e+06	
      3717.524	     1.68224e+06	
      3718.189	     1.68403e+06	
      3718.259	     1.68422e+06	
      3718.329	     1.68441e+06	
      3718.469	     1.68479e+06	
      3718.556	     1.68502e+06	
      3718.631	     1.68522e+06	
      3718.734	     1.68550e+06	
      3718.749	     1.68554e+06	
      3718.942	     1.68606e+06	
      3719.253	     1.68690e+06	
      3719.474	     1.68749e+06	
      3719.772	     1.68830e+06	
      3720.070	     1.68910e+06	
      3720.356	     1.68979e+06	
      3720.523	     1.69019e+06	
      3720.666	     1.69054e+06	
      3720.976	     1.69129e+06	
      3721.202	     1.69180e+06	
      3721.428	     1.69231e+06	
      3721.542	     1.69257e+06	
      3721.655	     1.69283e+06	
      3721.711	     1.69295e+06	
      3721.768	     1.69308e+06	
      3721.825	     1.69321e+06	
      3721.881	     1.69334e+06	
      3721.938	     1.69347e+06	
      3721.995	     1.69360e+06	
      3722.051	     1.69372e+06	
      3722.108	     1.69386e+06	
      3722.221	     1.69411e+06	
      3722.398	     1.69451e+06	
      3722.447	     1.69462e+06	
      3722.498	     1.69474e+06	
      3722.598	     1.69496e+06	
      3722.695	     1.69518e+06	
      3722.798	     1.69542e+06	
      3722.901	     1.69565e+06	
      3723.107	     1.69612e+06	
      3723.231	     1.69640e+06	
      3723.519	     1.69705e+06	
      3723.807	     1.69771e+06	
      3724.383	     1.69901e+06	
      3725.451	     1.70144e+06	
      3725.534	     1.70163e+06	
      3725.617	     1.70182e+06	
      3725.751	     1.70212e+06	
      3725.783	     1.70219e+06	
      3725.916	     1.70250e+06	
      3725.931	     1.70253e+06	
      3726.115	     1.70295e+06	
      3726.479	     1.70377e+06	
      3727.042	     1.70505e+06	
      3727.366	     1.70579e+06	
      3728.153	     1.70757e+06	
      3728.639	     1.70868e+06	
      3728.940	     1.70936e+06	
      3729.009	     1.70952e+06	
      3729.240	     1.71004e+06	
      3729.842	     1.71141e+06	
      3730.676	     1.71331e+06	
      3732.194	     1.71675e+06	
      3732.344	     1.71709e+06	
      3732.494	     1.71743e+06	
      3732.794	     1.71812e+06	
      3733.352	     1.71938e+06	
      3733.384	     1.71946e+06	
      3733.393	     1.71948e+06	
      3733.402	     1.71950e+06	
      3733.452	     1.71961e+06	
      3733.552	     1.71984e+06	
      3733.648	     1.72006e+06	
      3733.752	     1.72030e+06	
      3733.856	     1.72053e+06	
      3734.004	     1.72087e+06	
      3734.044	     1.72096e+06	
      3734.064	     1.72100e+06	
      3734.084	     1.72105e+06	
      3734.131	     1.72116e+06	
      3734.140	     1.72117e+06	
      3734.164	     1.72123e+06	
      3734.197	     1.72131e+06	
      3734.254	     1.72144e+06	
      3734.311	     1.72156e+06	
      3734.368	     1.72169e+06	
      3734.425	     1.72182e+06	
      3734.482	     1.72195e+06	
      3734.539	     1.72208e+06	
      3734.652	     1.72234e+06	
      3734.829	     1.72274e+06	
      3734.878	     1.72285e+06	
      3734.929	     1.72297e+06	
      3735.029	     1.72319e+06	
      3735.124	     1.72341e+06	
      3735.173	     1.72352e+06	
      3735.229	     1.72365e+06	
      3735.334	     1.72389e+06	
      3735.391	     1.72402e+06	
      3735.495	     1.72425e+06	
      3735.817	     1.72499e+06	
      3736.000	     1.72540e+06	
      3736.243	     1.72596e+06	
      3736.486	     1.72651e+06	
      3736.971	     1.72761e+06	
      3737.826	     1.72956e+06	
      3737.943	     1.72982e+06	
      3738.060	     1.73009e+06	
      3738.294	     1.73062e+06	
      3738.587	     1.73128e+06	
      3738.762	     1.73168e+06	
      3738.937	     1.73208e+06	
      3739.287	     1.73288e+06	
      3739.498	     1.73336e+06	
      3739.987	     1.73447e+06	
      3740.476	     1.73558e+06	
      3741.212	     1.73726e+06	
      3741.453	     1.73781e+06	
      3741.694	     1.73835e+06	
      3742.092	     1.73926e+06	
      3742.176	     1.73945e+06	
      3742.260	     1.73964e+06	
      3742.428	     1.74002e+06	
      3742.671	     1.74058e+06	
      3742.733	     1.74072e+06	
      3742.764	     1.74079e+06	
      3742.795	     1.74086e+06	
      3742.864	     1.74102e+06	
      3742.919	     1.74114e+06	
      3743.167	     1.74171e+06	
      3743.663	     1.74283e+06	
      3744.620	     1.74501e+06	
      3744.654	     1.74509e+06	
      3746.445	     1.74917e+06	
      3747.605	     1.75181e+06	
      3748.269	     1.75333e+06	
      3748.844	     1.75464e+06	
      3748.904	     1.75477e+06	
      3748.934	     1.75484e+06	
      3748.964	     1.75491e+06	
      3748.986	     1.75496e+06	
      3749.084	     1.75518e+06	
      3749.118	     1.75526e+06	
      3749.182	     1.75541e+06	
      3749.378	     1.75585e+06	
      3749.409	     1.75592e+06	
      3749.638	     1.75645e+06	
      3749.753	     1.75671e+06	
      3749.867	     1.75697e+06	
      3749.924	     1.75710e+06	
      3749.981	     1.75723e+06	
      3750.038	     1.75736e+06	
      3750.095	     1.75749e+06	
      3750.152	     1.75762e+06	
      3750.209	     1.75775e+06	
      3750.266	     1.75788e+06	
      3750.323	     1.75801e+06	
      3750.437	     1.75826e+06	
      3750.616	     1.75867e+06	
      3750.665	     1.75879e+06	
      3750.716	     1.75890e+06	
      3750.816	     1.75913e+06	
      3750.910	     1.75935e+06	
      3751.016	     1.75958e+06	
      3751.122	     1.75983e+06	
      3751.334	     1.76031e+06	
      3751.481	     1.76065e+06	
      3751.758	     1.76128e+06	
      3752.035	     1.76191e+06	
      3752.588	     1.76317e+06	
      3753.533	     1.76532e+06	
      3753.696	     1.76570e+06	
      3753.782	     1.76589e+06	
      3753.859	     1.76607e+06	
      3754.185	     1.76681e+06	
      3754.274	     1.76701e+06	
      3754.837	     1.76830e+06	
      3755.892	     1.77070e+06	
      3756.086	     1.77115e+06	
      3757.473	     1.77431e+06	
      3757.509	     1.77439e+06	
      3757.548	     1.77448e+06	
      3758.932	     1.77764e+06	
      3760.390	     1.78097e+06	
      3761.656	     1.78386e+06	
      3762.717	     1.78628e+06	
      3763.233	     1.78746e+06	
      3764.809	     1.79106e+06	
      3765.066	     1.79164e+06	
      3766.902	     1.79584e+06	
      3768.545	     1.79960e+06	
      3768.737	     1.80003e+06	
      3768.929	     1.80047e+06	
      3768.971	     1.80057e+06	
      3769.196	     1.80108e+06	
      3769.313	     1.80135e+06	
      3769.655	     1.80213e+06	
      3769.885	     1.80266e+06	
      3770.114	     1.80318e+06	
      3770.228	     1.80344e+06	
      3770.343	     1.80370e+06	
      3770.401	     1.80384e+06	
      3770.458	     1.80397e+06	
      3770.515	     1.80410e+06	
      3770.573	     1.80423e+06	
      3770.630	     1.80436e+06	
      3770.687	     1.80449e+06	
      3770.745	     1.80462e+06	
      3770.802	     1.80475e+06	
      3770.867	     1.80490e+06	
      3770.916	     1.80501e+06	
      3770.967	     1.80513e+06	
      3770.988	     1.80518e+06	
      3771.003	     1.80521e+06	
      3771.067	     1.80536e+06	
      3771.146	     1.80554e+06	
      3771.304	     1.80590e+06	
      3771.604	     1.80659e+06	
      3771.890	     1.80724e+06	
      3771.951	     1.80738e+06	
      3772.206	     1.80796e+06	
      3772.522	     1.80869e+06	
      3773.154	     1.81013e+06	
      3774.357	     1.81288e+06	
      3775.497	     1.81549e+06	
      3776.762	     1.81839e+06	
      3777.127	     1.81922e+06	
      3778.027	     1.82128e+06	
      3778.399	     1.82213e+06	
      3778.927	     1.82333e+06	
      3780.726	     1.82745e+06	
      3781.844	     1.83001e+06	
      3783.053	     1.83278e+06	
      3783.159	     1.83302e+06	
      3784.263	     1.83554e+06	
      3785.367	     1.83807e+06	
      3786.225	     1.84003e+06	
      3787.401	     1.84273e+06	
      3787.574	     1.84313e+06	
      3788.924	     1.84622e+06	
      3790.447	     1.84970e+06	
      3792.841	     1.85519e+06	
      3793.492	     1.85668e+06	
      3794.143	     1.85817e+06	
      3794.897	     1.85990e+06	
      3795.066	     1.86028e+06	
      3795.444	     1.86115e+06	
      3795.991	     1.86240e+06	
      3796.454	     1.86346e+06	
      3796.916	     1.86452e+06	
      3797.147	     1.86505e+06	
      3797.378	     1.86558e+06	
      3797.494	     1.86585e+06	
      3797.609	     1.86611e+06	
      3797.666	     1.86624e+06	
      3797.724	     1.86637e+06	
      3797.782	     1.86651e+06	
      3797.840	     1.86664e+06	
      3797.898	     1.86677e+06	
      3797.956	     1.86690e+06	
      3798.014	     1.86704e+06	
      3798.072	     1.86717e+06	
      3798.187	     1.86743e+06	
      3798.367	     1.86785e+06	
      3798.416	     1.86796e+06	
      3798.467	     1.86808e+06	
      3798.567	     1.86831e+06	
      3798.655	     1.86851e+06	
      3798.753	     1.86873e+06	
      3798.767	     1.86877e+06	
      3798.837	     1.86893e+06	
      3798.879	     1.86902e+06	
      3798.921	     1.86912e+06	
      3799.046	     1.86940e+06	
      3799.089	     1.86950e+06	
      3799.425	     1.87027e+06	
      3799.471	     1.87038e+06	
      3799.804	     1.87114e+06	
      3800.562	     1.87288e+06	
      3801.653	     1.87538e+06	
      3802.319	     1.87691e+06	
      3803.834	     1.88038e+06	
      3805.349	     1.88385e+06	
      3807.837	     1.88956e+06	
      3808.378	     1.89080e+06	
      3808.919	     1.89204e+06	
      3810.000	     1.89452e+06	
      3811.586	     1.89816e+06	
      3812.164	     1.89948e+06	
      3812.742	     1.90081e+06	
      3813.897	     1.90346e+06	
      3815.777	     1.90777e+06	
      3816.093	     1.90850e+06	
      3816.209	     1.90876e+06	
      3816.641	     1.90975e+06	
      3817.439	     1.91164e+06	
      3817.504	     1.91179e+06	
      3818.916	     1.91513e+06	
      3820.393	     1.91868e+06	
      3822.566	     1.92391e+06	
      3823.346	     1.92579e+06	
      3823.512	     1.92619e+06	
      3824.126	     1.92767e+06	
      3825.685	     1.93142e+06	
      3826.804	     1.93411e+06	
      3827.859	     1.93665e+06	
      3828.914	     1.93919e+06	
      3830.454	     1.94290e+06	
      3831.023	     1.94427e+06	
      3831.592	     1.94564e+06	
      3832.001	     1.94662e+06	
      3832.525	     1.94788e+06	
      3832.730	     1.94837e+06	
      3833.458	     1.95013e+06	
      3833.925	     1.95125e+06	
      3834.392	     1.95238e+06	
      3834.626	     1.95294e+06	
      3834.859	     1.95350e+06	
      3834.975	     1.95378e+06	
      3835.092	     1.95406e+06	
      3835.151	     1.95420e+06	
      3835.209	     1.95434e+06	
      3835.267	     1.95448e+06	
      3835.326	     1.95462e+06	
      3835.384	     1.95476e+06	
      3835.442	     1.95490e+06	
      3835.501	     1.95504e+06	
      3835.559	     1.95518e+06	
      3835.626	     1.95535e+06	
      3835.675	     1.95546e+06	
      3835.726	     1.95559e+06	
      3835.743	     1.95563e+06	
      3835.774	     1.95570e+06	
      3835.826	     1.95583e+06	
      3835.909	     1.95603e+06	
      3836.075	     1.95643e+06	
      3836.376	     1.95715e+06	
      3836.646	     1.95781e+06	
      3836.977	     1.95860e+06	
      3837.029	     1.95873e+06	
      3837.308	     1.95940e+06	
      3837.970	     1.96099e+06	
      3838.647	     1.96262e+06	
      3838.911	     1.96326e+06	
      3839.175	     1.96389e+06	
      3839.703	     1.96516e+06	
      3840.758	     1.96771e+06	
      3842.753	     1.97251e+06	
      3842.831	     1.97269e+06	
      3842.870	     1.97279e+06	
      3842.909	     1.97288e+06	
      3843.065	     1.97326e+06	
      3843.377	     1.97401e+06	
      3844.001	     1.97551e+06	
      3844.588	     1.97693e+06	
      3845.248	     1.97852e+06	
      3845.547	     1.97923e+06	
      3845.908	     1.98011e+06	
      3847.228	     1.98328e+06	
      3847.442	     1.98380e+06	
      3848.908	     1.98733e+06	
      3850.375	     1.99086e+06	
      3851.976	     1.99471e+06	
      3853.308	     1.99792e+06	
      3854.640	     2.00113e+06	
      3855.701	     2.00368e+06	
      3857.303	     2.00754e+06	
      3858.906	     2.01140e+06	
      3862.006	     2.01886e+06	
      3862.111	     2.01911e+06	
      3862.216	     2.01936e+06	
      3862.426	     2.01987e+06	
      3862.846	     2.02088e+06	
      3863.685	     2.02290e+06	
      3865.170	     2.02647e+06	
      3865.365	     2.02694e+06	
      3865.560	     2.02741e+06	
      3865.950	     2.02834e+06	
      3866.730	     2.03022e+06	
      3867.675	     2.03249e+06	
      3868.289	     2.03397e+06	
      3868.903	     2.03545e+06	
      3870.131	     2.03840e+06	
      3871.324	     2.04127e+06	
      3872.586	     2.04431e+06	
      3873.848	     2.04734e+06	
      3876.324	     2.05330e+06	
      3876.368	     2.05340e+06	
      3876.371	     2.05341e+06	
      3876.374	     2.05342e+06	
      3876.424	     2.05354e+06	
      3876.524	     2.05378e+06	
      3876.724	     2.05426e+06	
      3876.947	     2.05480e+06	
      3877.124	     2.05522e+06	
      3877.924	     2.05714e+06	
      3878.900	     2.05949e+06	
      3880.290	     2.06283e+06	
      3880.854	     2.06419e+06	
      3881.418	     2.06554e+06	
      3882.546	     2.06825e+06	
      3884.398	     2.07270e+06	
      3884.801	     2.07367e+06	
      3884.923	     2.07396e+06	
      3885.204	     2.07464e+06	
      3886.010	     2.07657e+06	
      3886.151	     2.07691e+06	
      3887.096	     2.07918e+06	
      3887.568	     2.08032e+06	
      3888.042	     2.08145e+06	
      3888.280	     2.08202e+06	
      3888.516	     2.08259e+06	
      3888.633	     2.08287e+06	
      3888.752	     2.08316e+06	
      3888.844	     2.08338e+06	
      3888.866	     2.08343e+06	
      3888.871	     2.08344e+06	
      3888.898	     2.08350e+06	
      3888.930	     2.08358e+06	
      3888.989	     2.08372e+06	
      3889.048	     2.08386e+06	
      3889.107	     2.08400e+06	
      3889.166	     2.08415e+06	
      3889.225	     2.08429e+06	
      3889.294	     2.08446e+06	
      3889.343	     2.08458e+06	
      3889.394	     2.08470e+06	
      3889.408	     2.08473e+06	
      3889.450	     2.08483e+06	
      3889.494	     2.08494e+06	
      3889.580	     2.08514e+06	
      3889.752	     2.08556e+06	
      3890.054	     2.08628e+06	
      3890.315	     2.08691e+06	
      3890.474	     2.08730e+06	
      3890.657	     2.08774e+06	
      3890.999	     2.08856e+06	
      3891.683	     2.09020e+06	
      3892.892	     2.09310e+06	
      3893.942	     2.09562e+06	
      3894.458	     2.09686e+06	
      3895.309	     2.09890e+06	
      3896.219	     2.10109e+06	
      3896.677	     2.10219e+06	
      3898.895	     2.10751e+06	
      3899.603	     2.10921e+06	
      3901.572	     2.11393e+06	
      3903.894	     2.11950e+06	
      3904.248	     2.12035e+06	
      3908.893	     2.13148e+06	
      3913.891	     2.14345e+06	
      3918.890	     2.15638e+06	
      3923.889	     2.16945e+06	
      3928.216	     2.18075e+06	
      3928.353	     2.18111e+06	
      3928.887	     2.18251e+06	
      3929.559	     2.18426e+06	
      3930.903	     2.18777e+06	
      3933.453	     2.19442e+06	
      3935.810	     2.20057e+06	
      3937.347	     2.20458e+06	
      3938.885	     2.20858e+06	
      3940.036	     2.21158e+06	
      3941.960	     2.21659e+06	
      3943.883	     2.22160e+06	
      3946.579	     2.22860e+06	
      3947.730	     2.23160e+06	
      3948.882	     2.23460e+06	
      3950.653	     2.23920e+06	
      3951.015	     2.24014e+06	
      3951.186	     2.24058e+06	
      3951.718	     2.24197e+06	
      3952.784	     2.24473e+06	
      3954.554	     2.24933e+06	
      3957.306	     2.25647e+06	
      3958.093	     2.25851e+06	
      3958.624	     2.25989e+06	
      3958.880	     2.26055e+06	
      3960.453	     2.26463e+06	
      3962.283	     2.26937e+06	
      3965.737	     2.27831e+06	
      3965.942	     2.27884e+06	
      3966.147	     2.27937e+06	
      3966.557	     2.28043e+06	
      3966.675	     2.28073e+06	
      3967.279	     2.28230e+06	
      3967.376	     2.28255e+06	
      3968.078	     2.28437e+06	
      3968.709	     2.28599e+06	
      3968.877	     2.28643e+06	
      3969.045	     2.28686e+06	
      3969.234	     2.28735e+06	
      3969.287	     2.28748e+06	
      3969.381	     2.28773e+06	
      3969.528	     2.28811e+06	
      3969.648	     2.28841e+06	
      3969.769	     2.28873e+06	
      3969.830	     2.28888e+06	
      3969.890	     2.28903e+06	
      3969.950	     2.28918e+06	
      3970.011	     2.28934e+06	
      3970.071	     2.28950e+06	
      3970.131	     2.28965e+06	
      3970.192	     2.28981e+06	
      3970.252	     2.28997e+06	
      3970.323	     2.29016e+06	
      3970.372	     2.29028e+06	
      3970.423	     2.29042e+06	
      3970.432	     2.29044e+06	
      3970.495	     2.29060e+06	
      3970.523	     2.29068e+06	
      3970.613	     2.29091e+06	
      3970.795	     2.29138e+06	
      3971.096	     2.29216e+06	
      3971.333	     2.29278e+06	
      3971.591	     2.29344e+06	
      3971.698	     2.29372e+06	
      3972.063	     2.29466e+06	
      3972.793	     2.29655e+06	
      3973.995	     2.29966e+06	
      3974.936	     2.30208e+06	
      3976.398	     2.30586e+06	
      3976.845	     2.30701e+06	
      3977.860	     2.30963e+06	
      3978.874	     2.31225e+06	
      3979.577	     2.31406e+06	
      3980.904	     2.31748e+06	
      3982.230	     2.32090e+06	
      3984.180	     2.32591e+06	
      3984.884	     2.32773e+06	
      3985.119	     2.32833e+06	
      3985.588	     2.32954e+06	
      3986.995	     2.33316e+06	
      3988.872	     2.33798e+06	
      3991.379	     2.34442e+06	
      3992.625	     2.34762e+06	
      3993.854	     2.35078e+06	
      3993.870	     2.35082e+06	
      3996.362	     2.35721e+06	
      3998.869	     2.36364e+06	
      4003.868	     2.37643e+06	
      4008.866	     2.38920e+06	
      4013.865	     2.40215e+06	
      4018.864	     2.41536e+06	
      4023.863	     2.42855e+06	
      4025.341	     2.43243e+06	
      4028.861	     2.44170e+06	
      4032.381	     2.45094e+06	
      4032.946	     2.45242e+06	
      4033.860	     2.45482e+06	
      4035.902	     2.46018e+06	
      4038.859	     2.46792e+06	
      4043.857	     2.48097e+06	
      4048.856	     2.49398e+06	
      4053.855	     2.50697e+06	
      4058.853	     2.51993e+06	
      4063.852	     2.53286e+06	
      4068.851	     2.54575e+06	
      4073.849	     2.55861e+06	
      4075.421	     2.56264e+06	
      4078.848	     2.57143e+06	
      4082.275	     2.58021e+06	
      4082.559	     2.58093e+06	
      4084.004	     2.58462e+06	
      4085.702	     2.58896e+06	
      4088.845	     2.59698e+06	
      4089.695	     2.59914e+06	
      4093.687	     2.60929e+06	
      4096.515	     2.61647e+06	
      4097.679	     2.61942e+06	
      4098.010	     2.62026e+06	
      4098.678	     2.62195e+06	
      4098.843	     2.62237e+06	
      4099.676	     2.62447e+06	
      4100.174	     2.62573e+06	
      4100.673	     2.62699e+06	
      4100.922	     2.62762e+06	
      4101.172	     2.62824e+06	
      4101.297	     2.62855e+06	
      4101.422	     2.62887e+06	
      4101.485	     2.62902e+06	
      4101.547	     2.62917e+06	
      4101.609	     2.62932e+06	
      4101.672	     2.62948e+06	
      4101.734	     2.62963e+06	
      4101.797	     2.62979e+06	
      4101.859	     2.62996e+06	
      4101.922	     2.63012e+06	
      4102.047	     2.63045e+06	
      4102.296	     2.63109e+06	
      4102.745	     2.63223e+06	
      4102.794	     2.63235e+06	
      4102.845	     2.63248e+06	
      4102.945	     2.63274e+06	
      4103.145	     2.63325e+06	
      4103.296	     2.63363e+06	
      4103.545	     2.63426e+06	
      4103.794	     2.63489e+06	
      4104.291	     2.63615e+06	
      4104.785	     2.63740e+06	
      4105.287	     2.63867e+06	
      4105.789	     2.63994e+06	
      4106.793	     2.64247e+06	
      4108.680	     2.64723e+06	
      4108.760	     2.64744e+06	
      4108.800	     2.64754e+06	
      4108.840	     2.64764e+06	
      4108.859	     2.64769e+06	
      4109.000	     2.64807e+06	
      4109.320	     2.64893e+06	
      4109.781	     2.65017e+06	
      4110.703	     2.65265e+06	
      4111.319	     2.65431e+06	
      4112.546	     2.65761e+06	
      4113.774	     2.66091e+06	
      4114.693	     2.66337e+06	
      4116.229	     2.66751e+06	
      4116.694	     2.66876e+06	
      4117.766	     2.67164e+06	
      4118.126	     2.67261e+06	
      4118.838	     2.67452e+06	
      4120.981	     2.68027e+06	
      4123.836	     2.68792e+06	
      4126.144	     2.69409e+06	
      4128.835	     2.70128e+06	
      4129.605	     2.70334e+06	
      4131.526	     2.70846e+06	
      4133.834	     2.71460e+06	
      4134.219	     2.71562e+06	
      4138.832	     2.72786e+06	
      4143.831	     2.74108e+06	
      4148.830	     2.75425e+06	
      4153.828	     2.76737e+06	
      4158.827	     2.78044e+06	
      4163.826	     2.79345e+06	
      4168.824	     2.80642e+06	
      4173.823	     2.81933e+06	
      4178.822	     2.83219e+06	
      4183.820	     2.84500e+06	
      4188.819	     2.85780e+06	
      4193.818	     2.87058e+06	
      4198.817	     2.88329e+06	
      4203.815	     2.89595e+06	
      4208.814	     2.90873e+06	
      4213.813	     2.92157e+06	
      4216.525	     2.92851e+06	
      4217.242	     2.93035e+06	
      4218.811	     2.93436e+06	
      4221.098	     2.94018e+06	
      4223.810	     2.94707e+06	
      4224.954	     2.94997e+06	
      4228.809	     2.95971e+06	
      4233.807	     2.97227e+06	
      4238.806	     2.98477e+06	
      4243.805	     2.99718e+06	
      4248.803	     3.00953e+06	
      4253.802	     3.02179e+06	
      4258.801	     3.03398e+06	
      4263.799	     3.04609e+06	
      4268.798	     3.05812e+06	
      4273.797	     3.07008e+06	
      4278.795	     3.08195e+06	
      4283.794	     3.09375e+06	
      4288.793	     3.10547e+06	
      4293.791	     3.11711e+06	
      4298.790	     3.12867e+06	
      4303.789	     3.14009e+06	
      4308.788	     3.15102e+06	
      4313.786	     3.16189e+06	
      4314.073	     3.16252e+06	
      4318.785	     3.17269e+06	
      4320.854	     3.17712e+06	
      4323.497	     3.18278e+06	
      4326.139	     3.18843e+06	
      4326.475	     3.18916e+06	
      4328.782	     3.19406e+06	
      4330.233	     3.19714e+06	
      4331.090	     3.19896e+06	
      4331.149	     3.19908e+06	
      4331.946	     3.20075e+06	
      4333.660	     3.20436e+06	
      4334.060	     3.20521e+06	
      4336.171	     3.20964e+06	
      4337.786	     3.21303e+06	
      4338.220	     3.21394e+06	
      4338.283	     3.21407e+06	
      4338.780	     3.21511e+06	
      4338.812	     3.21517e+06	
      4339.339	     3.21624e+06	
      4339.602	     3.21680e+06	
      4339.867	     3.21734e+06	
      4340.001	     3.21759e+06	
      4340.132	     3.21784e+06	
      4340.197	     3.21796e+06	
      4340.263	     3.21809e+06	
      4340.329	     3.21818e+06	
      4340.395	     3.21831e+06	
      4340.461	     3.21844e+06	
      4340.527	     3.21859e+06	
      4340.593	     3.21875e+06	
      4340.659	     3.21891e+06	
      4340.791	     3.21922e+06	
      4341.005	     3.21969e+06	
      4341.055	     3.21982e+06	
      4341.105	     3.21991e+06	
      4341.205	     3.22013e+06	
      4341.227	     3.22020e+06	
      4341.238	     3.22023e+06	
      4341.405	     3.22057e+06	
      4341.583	     3.22095e+06	
      4341.939	     3.22170e+06	
      4342.640	     3.22321e+06	
      4343.330	     3.22466e+06	
      4343.570	     3.22516e+06	
      4344.041	     3.22616e+06	
      4344.752	     3.22764e+06	
      4346.174	     3.23063e+06	
      4348.578	     3.23565e+06	
      4348.777	     3.23606e+06	
      4348.976	     3.23647e+06	
      4349.374	     3.23732e+06	
      4350.170	     3.23895e+06	
      4350.322	     3.23926e+06	
      4351.761	     3.24228e+06	
      4353.201	     3.24527e+06	
      4354.734	     3.24841e+06	
      4356.077	     3.25120e+06	
      4356.080	     3.25120e+06	
      4357.426	     3.25397e+06	
      4358.774	     3.25673e+06	
      4359.170	     3.25755e+06	
      4361.472	     3.26217e+06	
      4363.773	     3.26688e+06	
      4367.980	     3.27542e+06	
      4368.376	     3.27624e+06	
      4368.524	     3.27652e+06	
      4368.772	     3.27703e+06	
      4369.563	     3.27863e+06	
      4371.147	     3.28183e+06	
      4373.770	     3.28711e+06	
      4378.769	     3.29710e+06	
      4383.768	     3.30703e+06	
      4388.766	     3.31689e+06	
      4393.765	     3.32666e+06	
      4398.764	     3.33637e+06	
      4403.762	     3.34429e+06	
      4408.761	     3.35151e+06	
      4413.760	     3.35865e+06	
      4418.758	     3.36578e+06	
      4423.757	     3.37288e+06	
      4428.756	     3.37991e+06	
      4433.754	     3.38692e+06	
      4438.753	     3.39389e+06	
      4443.752	     3.40084e+06	
      4448.751	     3.40772e+06	
      4453.749	     3.41460e+06	
      4458.748	     3.42141e+06	
      4463.747	     3.42820e+06	
      4468.745	     3.43495e+06	
      4473.744	     3.44168e+06	
      4478.743	     3.44834e+06	
      4483.741	     3.45500e+06	
      4488.740	     3.46160e+06	
      4493.739	     3.46816e+06	
      4498.737	     3.47580e+06	
      4503.736	     3.48607e+06	
      4508.735	     3.49622e+06	
      4513.733	     3.50627e+06	
      4514.118	     3.50702e+06	
      4518.732	     3.51620e+06	
      4523.346	     3.52528e+06	
      4527.190	     3.53275e+06	
      4527.960	     3.53423e+06	
      4528.729	     3.53574e+06	
      4530.269	     3.53869e+06	
      4532.968	     3.54387e+06	
      4533.288	     3.54447e+06	
      4533.348	     3.54460e+06	
      4533.728	     3.54532e+06	
      4534.488	     3.54676e+06	
      4536.007	     3.54965e+06	
      4538.727	     3.55481e+06	
      4543.725	     3.56420e+06	
      4548.724	     3.57347e+06	
      4553.723	     3.58264e+06	
      4558.721	     3.59169e+06	
      4563.720	     3.60064e+06	
      4568.719	     3.60950e+06	
      4573.717	     3.61824e+06	
      4578.716	     3.62687e+06	
      4583.715	     3.63542e+06	
      4588.713	     3.64384e+06	
      4593.712	     3.65216e+06	
      4596.529	     3.65622e+06	
      4596.984	     3.65685e+06	
      4598.711	     3.65933e+06	
      4600.892	     3.66234e+06	
      4603.709	     3.66621e+06	
      4604.800	     3.66772e+06	
      4608.708	     3.67306e+06	
      4613.707	     3.67984e+06	
      4618.705	     3.68653e+06	
      4623.704	     3.69319e+06	
      4628.703	     3.69979e+06	
      4633.701	     3.70629e+06	
      4638.700	     3.71277e+06	
      4643.699	     3.71917e+06	
      4648.697	     3.72552e+06	
      4653.696	     3.73180e+06	
      4658.695	     3.73802e+06	
      4663.694	     3.74418e+06	
      4668.692	     3.75028e+06	
      4673.691	     3.75631e+06	
      4678.690	     3.76228e+06	
      4683.688	     3.76818e+06	
      4688.687	     3.77406e+06	
      4693.686	     3.77968e+06	
      4698.684	     3.78505e+06	
      4703.683	     3.79036e+06	
      4708.682	     3.79564e+06	
      4713.680	     3.80086e+06	
      4715.603	     3.80284e+06	
      4718.679	     3.80601e+06	
      4720.984	     3.80840e+06	
      4721.755	     3.80918e+06	
      4723.678	     3.81113e+06	
      4724.830	     3.81229e+06	
      4728.676	     3.81619e+06	
      4733.675	     3.82121e+06	
      4738.674	     3.82618e+06	
      4743.672	     3.83111e+06	
      4748.671	     3.83595e+06	
      4753.670	     3.84079e+06	
      4758.668	     3.84553e+06	
      4763.667	     3.85024e+06	
      4768.666	     3.85489e+06	
      4773.664	     3.85951e+06	
      4778.663	     3.86406e+06	
      4783.662	     3.86856e+06	
      4788.660	     3.87302e+06	
      4793.659	     3.87732e+06	
      4798.658	     3.88156e+06	
      4803.656	     3.88574e+06	
      4808.655	     3.88989e+06	
      4813.654	     3.89397e+06	
      4818.652	     3.89799e+06	
      4823.651	     3.90198e+06	
      4828.650	     3.90594e+06	
      4833.648	     3.90984e+06	
      4834.972	     3.91087e+06	
      4838.647	     3.91370e+06	
      4839.161	     3.91408e+06	
      4842.322	     3.91650e+06	
      4845.483	     3.91892e+06	
      4845.503	     3.91892e+06	
      4847.054	     3.92011e+06	
      4848.644	     3.92130e+06	
      4851.785	     3.92366e+06	
      4854.393	     3.92558e+06	
      4856.517	     3.92715e+06	
      4858.401	     3.92853e+06	
      4858.642	     3.92869e+06	
      4858.664	     3.92872e+06	
      4858.883	     3.92888e+06	
      4859.364	     3.92919e+06	
      4859.473	     3.92928e+06	
      4860.065	     3.92966e+06	
      4860.361	     3.92985e+06	
      4860.657	     3.93001e+06	
      4860.805	     3.93007e+06	
      4860.953	     3.93010e+06	
      4861.027	     3.93013e+06	
      4861.101	     3.93010e+06	
      4861.175	     3.93007e+06	
      4861.248	     3.93004e+06	
      4861.322	     3.93004e+06	
      4861.396	     3.93013e+06	
      4861.470	     3.93029e+06	
      4861.543	     3.93045e+06	
      4861.641	     3.93060e+06	
      4861.687	     3.93067e+06	
      4861.689	     3.93070e+06	
      4861.691	     3.93070e+06	
      4861.695	     3.93070e+06	
      4861.741	     3.93076e+06	
      4861.841	     3.93089e+06	
      4861.979	     3.93104e+06	
      4861.987	     3.93104e+06	
      4862.279	     3.93133e+06	
      4862.579	     3.93161e+06	
      4862.596	     3.93164e+06	
      4863.178	     3.93214e+06	
      4863.727	     3.93261e+06	
      4863.761	     3.93265e+06	
      4864.927	     3.93362e+06	
      4866.127	     3.93462e+06	
      4868.413	     3.93648e+06	
      4868.526	     3.93657e+06	
      4868.639	     3.93667e+06	
      4868.865	     3.93686e+06	
      4869.317	     3.93723e+06	
      4869.583	     3.93742e+06	
      4870.221	     3.93795e+06	
      4870.858	     3.93846e+06	
      4872.134	     3.93949e+06	
      4874.623	     3.94147e+06	
      4874.685	     3.94154e+06	
      4874.747	     3.94160e+06	
      4874.871	     3.94169e+06	
      4875.119	     3.94188e+06	
      4875.615	     3.94229e+06	
      4876.607	     3.94308e+06	
      4878.452	     3.94455e+06	
      4878.544	     3.94462e+06	
      4878.590	     3.94465e+06	
      4878.636	     3.94468e+06	
      4878.820	     3.94484e+06	
      4879.188	     3.94512e+06	
      4879.526	     3.94540e+06	
      4879.924	     3.94571e+06	
      4880.322	     3.94603e+06	
      4880.941	     3.94653e+06	
      4881.118	     3.94666e+06	
      4882.709	     3.94791e+06	
      4884.478	     3.94930e+06	
      4887.396	     3.95159e+06	
      4888.015	     3.95206e+06	
      4888.634	     3.95253e+06	
      4889.871	     3.95347e+06	
      4891.061	     3.95439e+06	
      4892.347	     3.95536e+06	
      4893.632	     3.95636e+06	
      4893.777	     3.95646e+06	
      4896.204	     3.95831e+06	
      4898.631	     3.96013e+06	
      4903.340	     3.96365e+06	
      4903.485	     3.96378e+06	
      4903.630	     3.96387e+06	
      4903.920	     3.96409e+06	
      4904.499	     3.96453e+06	
      4905.659	     3.96538e+06	
      4907.328	     3.96661e+06	
      4907.977	     3.96711e+06	
      4908.628	     3.96758e+06	
      4909.929	     3.96852e+06	
      4911.434	     3.96962e+06	
      4912.530	     3.97044e+06	
      4913.014	     3.97078e+06	
      4913.627	     3.97122e+06	
      4915.550	     3.97261e+06	
      4915.820	     3.97280e+06	
      4918.240	     3.97455e+06	
      4918.626	     3.97484e+06	
      4921.701	     3.97704e+06	
      4923.624	     3.97839e+06	
      4925.162	     3.97949e+06	
      4928.623	     3.98191e+06	
      4933.622	     3.98536e+06	
      4938.620	     3.98879e+06	
      4943.619	     3.99218e+06	
      4948.618	     3.99551e+06	
      4953.616	     3.99881e+06	
      4958.615	     4.00207e+06	
      4963.614	     4.00528e+06	
      4968.612	     4.00845e+06	
      4973.611	     4.01159e+06	
      4978.610	     4.01470e+06	
      4983.608	     4.01775e+06	
      4988.607	     4.02064e+06	
      4993.606	     4.02350e+06	
      4998.604	     4.02636e+06	
      5003.603	     4.02916e+06	
      5008.602	     4.03192e+06	
      5013.600	     4.03465e+06	
      5018.599	     4.03735e+06	
      5023.598	     4.04003e+06	
      5028.596	     4.04270e+06	
      5033.595	     4.04530e+06	
      5038.594	     4.04788e+06	
      5043.592	     4.05042e+06	
      5048.591	     4.05294e+06	
      5053.590	     4.05542e+06	
      5058.588	     4.05787e+06	
      5063.587	     4.06029e+06	
      5068.586	     4.06271e+06	
      5073.584	     4.06506e+06	
      5078.583	     4.06742e+06	
      5083.582	     4.06956e+06	
      5088.580	     4.07160e+06	
      5093.579	     4.07361e+06	
      5098.578	     4.07559e+06	
      5103.576	     4.07757e+06	
      5108.575	     4.07952e+06	
      5113.574	     4.08143e+06	
      5118.572	     4.08335e+06	
      5123.571	     4.08520e+06	
      5128.570	     4.08705e+06	
      5133.568	     4.08888e+06	
      5138.567	     4.09070e+06	
      5143.566	     4.09249e+06	
      5148.564	     4.09425e+06	
      5153.563	     4.09598e+06	
      5158.562	     4.09767e+06	
      5163.560	     4.09937e+06	
      5168.559	     4.10104e+06	
      5173.558	     4.10270e+06	
      5178.556	     4.10424e+06	
      5183.555	     4.10559e+06	
      5188.554	     4.10691e+06	
      5193.552	     4.10823e+06	
      5198.551	     4.10955e+06	
      5203.550	     4.11081e+06	
      5208.548	     4.11206e+06	
      5213.547	     4.11329e+06	
      5218.546	     4.11451e+06	
      5223.544	     4.11571e+06	
      5228.543	     4.11690e+06	
      5233.542	     4.11806e+06	
      5238.540	     4.11919e+06	
      5243.539	     4.12029e+06	
      5248.537	     4.12139e+06	
      5253.536	     4.12249e+06	
      5258.535	     4.12356e+06	
      5263.533	     4.12460e+06	
      5268.532	     4.12563e+06	
      5273.531	     4.12664e+06	
      5278.529	     4.12840e+06	
      5283.528	     4.13025e+06	
      5288.527	     4.13207e+06	
      5293.525	     4.13386e+06	
      5298.524	     4.13562e+06	
      5303.523	     4.13732e+06	
      5308.521	     4.13899e+06	
      5313.520	     4.14062e+06	
      5318.519	     4.14222e+06	
      5323.517	     4.14379e+06	
      5328.516	     4.14533e+06	
      5333.515	     4.14684e+06	
      5338.513	     4.14828e+06	
      5343.512	     4.14973e+06	
      5348.511	     4.15111e+06	
      5353.509	     4.15246e+06	
      5358.508	     4.15381e+06	
      5363.507	     4.15523e+06	
      5368.505	     4.15648e+06	
      5373.504	     4.15733e+06	
      5378.503	     4.15771e+06	
      5383.501	     4.15805e+06	
      5388.500	     4.15840e+06	
      5393.499	     4.15871e+06	
      5398.497	     4.15903e+06	
      5403.496	     4.15931e+06	
      5408.495	     4.15959e+06	
      5413.493	     4.15985e+06	
      5418.492	     4.16007e+06	
      5423.491	     4.16029e+06	
      5428.489	     4.16051e+06	
      5433.488	     4.16069e+06	
      5438.487	     4.16085e+06	
      5443.485	     4.16101e+06	
      5448.484	     4.16117e+06	
      5453.483	     4.16129e+06	
      5458.481	     4.16139e+06	
      5463.480	     4.16148e+06	
      5468.479	     4.16154e+06	
      5473.477	     4.16217e+06	
      5478.476	     4.16277e+06	
      5483.475	     4.16333e+06	
      5488.473	     4.16390e+06	
      5493.472	     4.16443e+06	
      5498.471	     4.16494e+06	
      5503.469	     4.16544e+06	
      5508.468	     4.16591e+06	
      5513.466	     4.16635e+06	
      5518.465	     4.16679e+06	
      5523.464	     4.16720e+06	
      5528.462	     4.16757e+06	
      5533.461	     4.16795e+06	
      5538.460	     4.16830e+06	
      5543.458	     4.16864e+06	
      5548.457	     4.16892e+06	
      5553.456	     4.16924e+06	
      5558.454	     4.16949e+06	
      5563.453	     4.16974e+06	
      5568.452	     4.16999e+06	
      5573.450	     4.17018e+06	
      5578.449	     4.17037e+06	
      5583.448	     4.17053e+06	
      5588.446	     4.17065e+06	
      5593.445	     4.17078e+06	
      5598.444	     4.17090e+06	
      5603.442	     4.17097e+06	
      5608.441	     4.17106e+06	
      5613.440	     4.17109e+06	
      5618.438	     4.17112e+06	
      5623.437	     4.17116e+06	
      5628.436	     4.17116e+06	
      5633.434	     4.17112e+06	
      5638.433	     4.17109e+06	
      5643.432	     4.17103e+06	
      5648.430	     4.17097e+06	
      5653.429	     4.17087e+06	
      5658.428	     4.17078e+06	
      5663.426	     4.17065e+06	
      5668.425	     4.17056e+06	
      5673.424	     4.17037e+06	
      5673.979	     4.17037e+06	
      5678.422	     4.17018e+06	
      5682.865	     4.17002e+06	
      5686.198	     4.16987e+06	
      5687.309	     4.16984e+06	
      5687.864	     4.16980e+06	
      5688.420	     4.16977e+06	
      5690.641	     4.16968e+06	
      5693.418	     4.16955e+06	
      5698.417	     4.16930e+06	
      5703.415	     4.16902e+06	
      5704.770	     4.16896e+06	
      5708.414	     4.16874e+06	
      5708.882	     4.16870e+06	
      5712.058	     4.16852e+06	
      5713.413	     4.16845e+06	
      5715.234	     4.16833e+06	
      5718.411	     4.16814e+06	
      5723.410	     4.16779e+06	
      5728.409	     4.16745e+06	
      5733.407	     4.16710e+06	
      5738.406	     4.16673e+06	
      5743.405	     4.16635e+06	
      5748.403	     4.16594e+06	
      5753.402	     4.16550e+06	
      5758.401	     4.16506e+06	
      5763.399	     4.16377e+06	
      5768.398	     4.16330e+06	
      5773.397	     4.16280e+06	
      5778.395	     4.16230e+06	
      5783.394	     4.16179e+06	
      5788.393	     4.16126e+06	
      5793.391	     4.16069e+06	
      5798.390	     4.16013e+06	
      5803.389	     4.15956e+06	
      5808.387	     4.15897e+06	
      5813.386	     4.15834e+06	
      5818.385	     4.15771e+06	
      5823.383	     4.15708e+06	
      5828.382	     4.15642e+06	
      5833.381	     4.15576e+06	
      5838.379	     4.15507e+06	
      5843.378	     4.15438e+06	
      5848.377	     4.15369e+06	
      5853.375	     4.15297e+06	
      5858.374	     4.15221e+06	
      5863.372	     4.15149e+06	
      5868.371	     4.15074e+06	
      5873.370	     4.14995e+06	
      5878.368	     4.14916e+06	
      5883.367	     4.14838e+06	
      5888.366	     4.14756e+06	
      5893.364	     4.14675e+06	
      5898.363	     4.14590e+06	
      5903.362	     4.14505e+06	
      5908.360	     4.14420e+06	
      5913.359	     4.14332e+06	
      5918.358	     4.14241e+06	
      5923.356	     4.14150e+06	
      5928.355	     4.14059e+06	
      5933.354	     4.13968e+06	
      5938.352	     4.13873e+06	
      5943.351	     4.13776e+06	
      5948.350	     4.13679e+06	
      5953.348	     4.13581e+06	
      5958.347	     4.13481e+06	
      5963.346	     4.13377e+06	
      5968.344	     4.13273e+06	
      5973.343	     4.13170e+06	
      5978.342	     4.13063e+06	
      5983.340	     4.12953e+06	
      5988.339	     4.12846e+06	
      5993.338	     4.12736e+06	
      5998.336	     4.12623e+06	
      6003.335	     4.12513e+06	
      6008.333	     4.12397e+06	
      6013.332	     4.12284e+06	
      6018.331	     4.12168e+06	
      6023.329	     4.12051e+06	
      6028.328	     4.11932e+06	
      6033.327	     4.11813e+06	
      6038.325	     4.11690e+06	
      6043.324	     4.11571e+06	
      6048.323	     4.11445e+06	
      6053.321	     4.11322e+06	
      6058.320	     4.11197e+06	
      6063.319	     4.11071e+06	
      6068.317	     4.10942e+06	
      6073.316	     4.10814e+06	
      6078.315	     4.10682e+06	
      6083.313	     4.10553e+06	
      6088.312	     4.10418e+06	
      6093.311	     4.10286e+06	
      6098.309	     4.10151e+06	
      6103.308	     4.10016e+06	
      6108.307	     4.09877e+06	
      6113.305	     4.09739e+06	
      6118.304	     4.09601e+06	
      6123.303	     4.09463e+06	
      6128.301	     4.09321e+06	
      6133.300	     4.09177e+06	
      6138.298	     4.09035e+06	
      6143.297	     4.08888e+06	
      6148.296	     4.08743e+06	
      6153.294	     4.08596e+06	
      6158.293	     4.08448e+06	
      6163.292	     4.08297e+06	
      6168.290	     4.08146e+06	
      6173.289	     4.07995e+06	
      6178.288	     4.07842e+06	
      6183.286	     4.07688e+06	
      6188.285	     4.07531e+06	
      6193.284	     4.07377e+06	
      6198.282	     4.07216e+06	
      6203.281	     4.07059e+06	
      6208.280	     4.06899e+06	
      6213.278	     4.06739e+06	
      6218.277	     4.06575e+06	
      6223.276	     4.06412e+06	
      6228.274	     4.06249e+06	
      6233.273	     4.06085e+06	
      6238.272	     4.05916e+06	
      6243.270	     4.05749e+06	
      6244.381	     4.05712e+06	
      6248.269	     4.05580e+06	
      6252.157	     4.05448e+06	
      6253.821	     4.05391e+06	
      6256.044	     4.05316e+06	
      6258.266	     4.05240e+06	
      6262.157	     4.05105e+06	
      6262.711	     4.05086e+06	
      6263.265	     4.05068e+06	
      6264.372	     4.05030e+06	
      6264.912	     4.05011e+06	
      6266.588	     4.04951e+06	
      6268.263	     4.04895e+06	
      6269.967	     4.04835e+06	
      6271.615	     4.04775e+06	
      6273.262	     4.04719e+06	
      6274.854	     4.04662e+06	
      6276.557	     4.04603e+06	
      6278.261	     4.04543e+06	
      6280.076	     4.04477e+06	
      6281.668	     4.04420e+06	
      6283.259	     4.04364e+06	
      6284.627	     4.04317e+06	
      6286.443	     4.04251e+06	
      6288.258	     4.04188e+06	
      6290.521	     4.04106e+06	
      6291.889	     4.04056e+06	
      6293.257	     4.04006e+06	
      6293.729	     4.03990e+06	
      6295.992	     4.03908e+06	
      6298.255	     4.03827e+06	
      6302.310	     4.03679e+06	
      6302.782	     4.03660e+06	
      6303.254	     4.03644e+06	
      6303.918	     4.03619e+06	
      6304.198	     4.03610e+06	
      6306.085	     4.03541e+06	
      6308.253	     4.03459e+06	
      6311.924	     4.03324e+06	
      6312.587	     4.03299e+06	
      6313.251	     4.03274e+06	
      6314.579	     4.03227e+06	
      6316.219	     4.03164e+06	
      6317.234	     4.03126e+06	
      6317.314	     4.03123e+06	
      6318.250	     4.03088e+06	
      6320.281	     4.03013e+06	
      6323.249	     4.02900e+06	
      6328.247	     4.02711e+06	
      6333.246	     4.02520e+06	
      6338.245	     4.02328e+06	
      6343.243	     4.02133e+06	
      6348.242	     4.01939e+06	
      6353.241	     4.01741e+06	
      6358.239	     4.01543e+06	
      6363.238	     4.01342e+06	
      6368.236	     4.01141e+06	
      6373.235	     4.00936e+06	
      6378.234	     4.00732e+06	
      6383.232	     4.00525e+06	
      6388.231	     4.00314e+06	
      6393.230	     4.00104e+06	
      6398.228	     3.99890e+06	
      6403.227	     3.99677e+06	
      6408.226	     3.99457e+06	
      6413.224	     3.99240e+06	
      6418.223	     3.99017e+06	
      6423.222	     3.98794e+06	
      6428.220	     3.98568e+06	
      6433.219	     3.98338e+06	
      6438.218	     3.98106e+06	
      6443.216	     3.97873e+06	
      6448.215	     3.97635e+06	
      6453.214	     3.97396e+06	
      6458.212	     3.97154e+06	
      6463.211	     3.96909e+06	
      6468.210	     3.96661e+06	
      6473.208	     3.96409e+06	
      6478.207	     3.96158e+06	
      6483.205	     3.95900e+06	
      6488.204	     3.95640e+06	
      6493.203	     3.95379e+06	
      6498.201	     3.95115e+06	
      6503.200	     3.94848e+06	
      6508.199	     3.94578e+06	
      6513.197	     3.94308e+06	
      6518.196	     3.94034e+06	
      6523.195	     3.93761e+06	
      6523.719	     3.93730e+06	
      6528.193	     3.93484e+06	
      6532.668	     3.93239e+06	
      6536.095	     3.93051e+06	
      6537.143	     3.92991e+06	
      6537.383	     3.92979e+06	
      6538.191	     3.92935e+06	
      6540.286	     3.92818e+06	
      6543.189	     3.92658e+06	
      6546.457	     3.92479e+06	
      6546.724	     3.92463e+06	
      6548.188	     3.92385e+06	
      6549.918	     3.92288e+06	
      6553.113	     3.92108e+06	
      6554.426	     3.92033e+06	
      6556.306	     3.91923e+06	
      6556.871	     3.91892e+06	
      6557.903	     3.91829e+06	
      6558.185	     3.91810e+06	
      6559.500	     3.91722e+06	
      6560.298	     3.91665e+06	
      6561.096	     3.91596e+06	
      6561.496	     3.91552e+06	
      6561.895	     3.91499e+06	
      6562.094	     3.91461e+06	
      6562.294	     3.91414e+06	
      6562.394	     3.91380e+06	
      6562.494	     3.91339e+06	
      6562.594	     3.91285e+06	
      6562.693	     3.91235e+06	
      6562.793	     3.91207e+06	
      6562.892	     3.91229e+06	
      6562.992	     3.91270e+06	
      6563.092	     3.91314e+06	
      6563.291	     3.91373e+06	
      6563.641	     3.91420e+06	
      6563.687	     3.91427e+06	
      6563.689	     3.91427e+06	
      6563.691	     3.91427e+06	
      6563.741	     3.91430e+06	
      6563.841	     3.91436e+06	
      6564.041	     3.91446e+06	
      6564.294	     3.91455e+06	
      6564.392	     3.91458e+06	
      6564.441	     3.91458e+06	
      6564.490	     3.91458e+06	
      6564.685	     3.91461e+06	
      6565.077	     3.91464e+06	
      6565.636	     3.91461e+06	
      6565.861	     3.91458e+06	
      6566.086	     3.91458e+06	
      6566.536	     3.91452e+06	
      6566.689	     3.91449e+06	
      6567.085	     3.91442e+06	
      6567.436	     3.91436e+06	
      6568.183	     3.91424e+06	
      6569.280	     3.91402e+06	
      6570.478	     3.91373e+06	
      6571.476	     3.91351e+06	
      6572.473	     3.91326e+06	
      6573.270	     3.91307e+06	
      6574.469	     3.91276e+06	
      6575.667	     3.91248e+06	
      6577.950	     3.91188e+06	
      6578.065	     3.91185e+06	
      6578.180	     3.91182e+06	
      6578.410	     3.91179e+06	
      6578.870	     3.91166e+06	
      6579.789	     3.91141e+06	
      6580.079	     3.91135e+06	
      6581.629	     3.91094e+06	
      6583.178	     3.91053e+06	
      6584.378	     3.91021e+06	
      6586.278	     3.90974e+06	
      6587.911	     3.90930e+06	
      6588.177	     3.90924e+06	
      6588.443	     3.90918e+06	
      6588.975	     3.90902e+06	
      6590.039	     3.90877e+06	
      6591.023	     3.90849e+06	
      6592.166	     3.90820e+06	
      6593.014	     3.90798e+06	
      6593.309	     3.90789e+06	
      6595.594	     3.90729e+06	
      6598.174	     3.90663e+06	
      6603.335	     3.90528e+06	
      6613.656	     3.90252e+06	
      6634.299	     3.89674e+06	
      6639.690	     3.89514e+06	
      6675.584	     3.88367e+06	
      6711.477	     3.87076e+06	
      6741.748	     3.85907e+06	
      6783.263	     3.84204e+06	
      6824.779	     3.82414e+06	
      6907.811	     3.78666e+06	
      6990.842	     3.74735e+06	
      7038.601	     3.72411e+06	
      7073.874	     3.70670e+06	
      7109.146	     3.68908e+06	
      7179.691	     3.65367e+06	
      7250.236	     3.61761e+06	
      7320.781	     3.58101e+06	
      7389.137	     3.54554e+06	
      7391.326	     3.54438e+06	
      7393.514	     3.54321e+06	
      7397.891	     3.54092e+06	
      7406.645	     3.53633e+06	
      7424.152	     3.52713e+06	
      7459.167	     3.50862e+06	
      7529.196	     3.47143e+06	
      7599.225	     3.43392e+06	
      7660.626	     3.40084e+06	
      7669.254	     3.39619e+06	
      7677.881	     3.39151e+06	
      7695.137	     3.38227e+06	
      7729.647	     3.36377e+06	
      7798.668	     3.32666e+06	
      7867.690	     3.28940e+06	
      7911.174	     3.26591e+06	
      7936.711	     3.25208e+06	
      7962.248	     3.23826e+06	
      8013.322	     3.21086e+06	
      8046.242	     3.19315e+06	
      8064.396	     3.18338e+06	
      8082.550	     3.17361e+06	
      8118.857	     3.15416e+06	
      8180.092	     3.12138e+06	
      8191.471	     3.11528e+06	
      8200.850	     3.11027e+06	
      8202.850	     3.10920e+06	
      8204.849	     3.10813e+06	
      8208.848	     3.10600e+06	
      8216.846	     3.10174e+06	
      8232.842	     3.09323e+06	
      8264.833	     3.07622e+06	
      8289.715	     3.06300e+06	
      8328.816	     3.04225e+06	
      8343.441	     3.03449e+06	
      8367.916	     3.02152e+06	
      8371.465	     3.01965e+06	
      8388.684	     3.01059e+06	
      8392.391	     3.00864e+06	
      8408.650	     3.00009e+06	
      8413.318	     2.99763e+06	
      8432.024	     2.98781e+06	
      8437.951	     2.98469e+06	
      8467.252	     2.96932e+06	
      8473.978	     2.96580e+06	
      8502.481	     2.95087e+06	
      8516.584	     2.94349e+06	
      8530.983	     2.93597e+06	
      8545.382	     2.92850e+06	
      8549.972	     2.92613e+06	
      8574.180	     2.91360e+06	
      8598.388	     2.90109e+06	
      8628.597	     2.88551e+06	
      8646.805	     2.87613e+06	
      8652.391	     2.87325e+06	
      8665.013	     2.86676e+06	
      8685.587	     2.85619e+06	
      8701.429	     2.84807e+06	
      8750.468	     2.82298e+06	
      8767.917	     2.81407e+06	
      8815.350	     2.78993e+06	
      8862.782	     2.76611e+06	
      8900.383	     2.74730e+06	
      8957.646	     2.71878e+06	
      9014.908	     2.69042e+06	
      9044.624	     2.67576e+06	
      9072.171	     2.66221e+06	
      9099.717	     2.64871e+06	
      9154.810	     2.62207e+06	
      9190.798	     2.60476e+06	
      9209.903	     2.59559e+06	
      9229.009	     2.58644e+06	
      9267.221	     2.56821e+06	
      9303.204	     2.55112e+06	
      9343.644	     2.53200e+06	
      9384.084	     2.51297e+06	
      9464.964	     2.47554e+06	
      9545.723	     2.43855e+06	
      9545.844	     2.43849e+06	
      9545.965	     2.43844e+06	
      9546.207	     2.43833e+06	
      9546.691	     2.43811e+06	
      9546.866	     2.43803e+06	
      9547.658	     2.43767e+06	
      9549.594	     2.43679e+06	
      9553.465	     2.43502e+06	
      9561.207	     2.43150e+06	
      9576.691	     2.42447e+06	
      9607.658	     2.41044e+06	
      9668.451	     2.38308e+06	
      9729.243	     2.35619e+06	
      9790.036	     2.32953e+06	
      9850.828	     2.30310e+06	
      9870.422	     2.29463e+06	
      9911.620	     2.27690e+06	
      9952.819	     2.25927e+06	
     10021.070	     2.23058e+06	
     10035.217	     2.22467e+06	
     10049.364	     2.21877e+06	
     10077.658	     2.20700e+06	
     10134.247	     2.18363e+06	
     10144.484	     2.17942e+06	
     10190.835	     2.16046e+06	
     10237.187	     2.14163e+06	
     10329.890	     2.10524e+06	
     10422.592	     2.06935e+06	
     10515.295	     2.03397e+06	
     10607.998	     1.99910e+06	
     10700.701	     1.96475e+06	
     10793.403	     1.93091e+06	
     10834.127	     1.91621e+06	
     10886.106	     1.89759e+06	
     10938.085	     1.87914e+06	
     10990.064	     1.86085e+06	
     11042.043	     1.84273e+06	
     11094.022	     1.82477e+06	
     11146.000	     1.80697e+06	
     11197.979	     1.78933e+06	
     11239.008	     1.77553e+06	
     11249.958	     1.77186e+06	
     11260.908	     1.76820e+06	
     11282.808	     1.76119e+06	
     11326.608	     1.74724e+06	
     11414.209	     1.71964e+06	
     11501.809	     1.69245e+06	
     11589.411	     1.66564e+06	
     11677.011	     1.63924e+06	
     11764.612	     1.61323e+06	
     11852.212	     1.58762e+06	
     11939.813	     1.56240e+06	
     12027.413	     1.53757e+06	
     12115.014	     1.51313e+06	
     12120.600	     1.51158e+06	
     12202.614	     1.48907e+06	
     12284.629	     1.46689e+06	
     12366.644	     1.44608e+06	
     12448.658	     1.42555e+06	
     12530.673	     1.40529e+06	
     12612.688	     1.38531e+06	
     12694.701	     1.36561e+06	
     12735.367	     1.35594e+06	
     12776.716	     1.34618e+06	
     12818.066	     1.33648e+06	
     12900.764	     1.31731e+06	
     12983.464	     1.29841e+06	
     13066.162	     1.27979e+06	
     13148.861	     1.26143e+06	
     13154.771	     1.26013e+06	
     13231.560	     1.24334e+06	
     13308.350	     1.22678e+06	
     13385.140	     1.21144e+06	
     13461.929	     1.19628e+06	
     13538.719	     1.18130e+06	
     13615.509	     1.16650e+06	
     13692.299	     1.15187e+06	
     13769.088	     1.13742e+06	
     13845.878	     1.12315e+06	
     13922.668	     1.10905e+06	
     13999.458	     1.09513e+06	
     14076.247	     1.08138e+06	
     14153.038	     1.06780e+06	
     14229.828	     1.05439e+06	
     14281.164	     1.04553e+06	
     14306.618	     1.04116e+06	
     14332.071	     1.03681e+06	
     14382.978	     1.02851e+06	
     14410.128	     1.02410e+06	
     14427.096	     1.02136e+06	
     14433.884	     1.02027e+06	
     14457.640	     1.01644e+06	
     14505.152	     1.00891e+06	
     14581.211	     9.96969e+05	
     14583.210	     9.96655e+05	
     14585.210	     9.96344e+05	
     14589.208	     9.95747e+05	
     14597.206	     9.94550e+05	
     14613.202	     9.92159e+05	
     14645.193	     9.87396e+05	
     14709.176	     9.77928e+05	
     14773.158	     9.68531e+05	
     14837.141	     9.59213e+05	
     14901.123	     9.49974e+05	
     14965.106	     9.40813e+05	
     15029.088	     9.31727e+05	
     15093.071	     9.22720e+05	
     15157.054	     9.13789e+05	
     15221.036	     9.04939e+05	
     15285.019	     8.96168e+05	
     15349.001	     8.87472e+05	
     15412.984	     8.78857e+05	
     15471.572	     8.71032e+05	
     15476.966	     8.70315e+05	
     15482.361	     8.69599e+05	
     15493.150	     8.68151e+05	
     15514.728	     8.65261e+05	
     15557.884	     8.59508e+05	
     15644.197	     8.48111e+05	
     15730.509	     8.36851e+05	
     15816.821	     8.25736e+05	
     15903.134	     8.14753e+05	
     15989.446	     8.03915e+05	
     16075.759	     7.93221e+05	
     16162.071	     7.82665e+05	
     16248.384	     7.72244e+05	
     16289.880	     7.67284e+05	
     16334.696	     7.61962e+05	
     16379.512	     7.56675e+05	
     16469.143	     7.44136e+05	
     16558.775	     7.31847e+05	
     16648.406	     7.19802e+05	
     16738.038	     7.07996e+05	
     16827.669	     6.96422e+05	
     16917.301	     6.85078e+05	
     17006.933	     6.73956e+05	
     17096.564	     6.63052e+05	
     17186.196	     6.52361e+05	
     17275.827	     6.41878e+05	
     17327.685	     6.35909e+05	
     17365.459	     6.31598e+05	
     17403.232	     6.27329e+05	
     17478.780	     6.18881e+05	
     17554.327	     6.10569e+05	
     17629.874	     6.02394e+05	
     17705.422	     5.94352e+05	
     17780.969	     5.86438e+05	
     17856.517	     5.78653e+05	
     17932.064	     5.70994e+05	
     18007.611	     5.63338e+05	
     18083.159	     5.55914e+05	
     18158.706	     5.48607e+05	
     18234.253	     5.41416e+05	
     18309.801	     5.34338e+05	
     18343.743	     5.31196e+05	
     18385.348	     5.27373e+05	
     18426.953	     5.23584e+05	
     18510.162	     5.16107e+05	
     18593.371	     5.08762e+05	
     18602.053	     5.08005e+05	
     18676.581	     5.01546e+05	
     18751.108	     4.95190e+05	
     18825.636	     4.88948e+05	
     18900.163	     4.82803e+05	
     18974.691	     4.76756e+05	
     19049.219	     4.70799e+05	
     19123.746	     4.64934e+05	
     19198.274	     4.59156e+05	
     19272.802	     4.53467e+05	
     19347.329	     4.47859e+05	
     19393.041	     4.44463e+05	
     19421.857	     4.42339e+05	
     19450.673	     4.40225e+05	
     19508.305	     4.36037e+05	
     19565.938	     4.31969e+05	
     19623.570	     4.27872e+05	
     19681.202	     4.23820e+05	
     19738.834	     4.19817e+05	
     19796.467	     4.15859e+05	
     19854.099	     4.11948e+05	
     19911.731	     4.08080e+05	
     19969.363	     4.04257e+05	
     20026.996	     4.00478e+05	
     20084.628	     3.96742e+05	
     20142.260	     3.93048e+05	
     20199.892	     3.89397e+05	
     20257.525	     3.85788e+05	
     20315.157	     3.82219e+05	
     20372.789	     3.78691e+05	
     20386.449	     3.77858e+05	
     20430.421	     3.75200e+05	
     20474.393	     3.72565e+05	
     20562.337	     3.67365e+05	
     20650.280	     3.62251e+05	
     20738.224	     3.57227e+05	
     20826.167	     3.52286e+05	
     20914.111	     3.47429e+05	
     21002.055	     3.42654e+05	
     21089.998	     3.37957e+05	
     21177.942	     3.33342e+05	
     21265.885	     3.28802e+05	
     21353.829	     3.24338e+05	
     21441.773	     3.19949e+05	
     21529.716	     3.15633e+05	
     21604.704	     3.12009e+05	
     21617.660	     3.11388e+05	
     21630.617	     3.10768e+05	
     21656.529	     3.09534e+05	
     21708.356	     3.07084e+05	
     21760.182	     3.04657e+05	
     21812.008	     3.02254e+05	
     21863.835	     2.99874e+05	
     21915.661	     2.97518e+05	
     21967.487	     2.95184e+05	
     22019.313	     2.92872e+05	
     22071.139	     2.90583e+05	
     22122.966	     2.88315e+05	
     22174.792	     2.86069e+05	
     22226.619	     2.83845e+05	
     22278.445	     2.81642e+05	
     22330.271	     2.79459e+05	
     22382.097	     2.77298e+05	
     22433.923	     2.75157e+05	
     22485.750	     2.73036e+05	
     22537.576	     2.70936e+05	
     22589.403	     2.68855e+05	
     22641.228	     2.66794e+05	
     22693.054	     2.64752e+05	
     22702.925	     2.64366e+05	
     22744.881	     2.62730e+05	
     22784.838	     2.61184e+05	
     22786.838	     2.61107e+05	
     22788.837	     2.61030e+05	
     22792.836	     2.60876e+05	
     22800.834	     2.60568e+05	
     22816.829	     2.59954e+05	
     22848.821	     2.58732e+05	
     22912.803	     2.56308e+05	
     22976.786	     2.53912e+05	
     23040.768	     2.51544e+05	
     23104.751	     2.49203e+05	
     23168.733	     2.46889e+05	
     23232.716	     2.44601e+05	
     23296.698	     2.42339e+05	
     23360.681	     2.40103e+05	
     23424.663	     2.37892e+05	
     23488.646	     2.35706e+05	
     23552.628	     2.33545e+05	
     23616.611	     2.31408e+05	
     23680.593	     2.29295e+05	
     23744.576	     2.27207e+05	
     23808.558	     2.25141e+05	
     23872.541	     2.23098e+05	
     23936.523	     2.21079e+05	
     24000.506	     2.19081e+05	
     24064.488	     2.17106e+05	
     24128.471	     2.15153e+05	
     24192.453	     2.13222e+05	
     24256.436	     2.11312e+05	
     24320.419	     2.09422e+05	
     24384.401	     2.07554e+05	
     24448.384	     2.05706e+05	
     24512.366	     2.03879e+05	
     24576.349	     2.02071e+05	
     24640.331	     2.00283e+05	
     24704.314	     1.98515e+05	
     24768.296	     1.96765e+05	
     24832.279	     1.95035e+05	
     24896.261	     1.93324e+05	
     24960.244	     1.91631e+05	
     25004.437	     1.90472e+05	
     25024.226	     1.89955e+05	
     25044.016	     1.89441e+05	
     25083.595	     1.88418e+05	
     25162.753	     1.86392e+05	
     25241.912	     1.84393e+05	
     25321.070	     1.82421e+05	
     25400.228	     1.80474e+05	
     25479.387	     1.78553e+05	
     25558.545	     1.76657e+05	
     25637.703	     1.74786e+05	
     25716.862	     1.72939e+05	
     25796.020	     1.71117e+05	
     25875.179	     1.69317e+05	
     25954.337	     1.67542e+05	
     26033.495	     1.65789e+05	
     26112.654	     1.64059e+05	
     26191.812	     1.62351e+05	
     26270.970	     1.60665e+05	
     26350.129	     1.59001e+05	
     26429.287	     1.57358e+05	
     26508.445	     1.55735e+05	
     26587.604	     1.54134e+05	
     26666.762	     1.52553e+05	
     26745.921	     1.50991e+05	
     26825.079	     1.49450e+05	
     26904.237	     1.47928e+05	
     26983.396	     1.46425e+05	
     27062.554	     1.44940e+05	
     27141.712	     1.43475e+05	
     27142.547	     1.43459e+05	
     27220.871	     1.42027e+05	
     27299.194	     1.40613e+05	
     27377.518	     1.39217e+05	
     27455.842	     1.37837e+05	
     27534.165	     1.36475e+05	
     27612.489	     1.35129e+05	
     27690.812	     1.33799e+05	
     27769.136	     1.32486e+05	
     27847.459	     1.31189e+05	
     27925.783	     1.29907e+05	
     28004.107	     1.28641e+05	
     28082.430	     1.27390e+05	
     28160.754	     1.26154e+05	
     28239.077	     1.24933e+05	
     28317.401	     1.23726e+05	
     28395.725	     1.22534e+05	
     28474.048	     1.21356e+05	
     28552.372	     1.20192e+05	
     28630.695	     1.19041e+05	
     28709.019	     1.17905e+05	
     28787.343	     1.16781e+05	
     28865.666	     1.15671e+05	
     28943.990	     1.14574e+05	
     29022.313	     1.13490e+05	
     29100.637	     1.12418e+05	
     29178.961	     1.11359e+05	
     29257.284	     1.10313e+05	
     29335.608	     1.09278e+05	
     29413.931	     1.08256e+05	
     29492.255	     1.07245e+05	
     29570.578	     1.06246e+05	
     29648.902	     1.05258e+05	
     29727.226	     1.04282e+05	
     29805.549	     1.03317e+05	
     29883.873	     1.02363e+05	
     29932.600	     1.01775e+05	
     29962.196	     1.01420e+05	
     29991.792	     1.01067e+05	
#time:0.047859
