# Koester WD models
# teff = 5250 K (value for the effective temperature for the model. Temperatures are given in K)
# logg = 8.75 log(cm/s2) (value for Log(G) for the model.)
#
#   WAVELENGTH	#           FLUX	
#   (ANGSTROM)	#  (ERG/CM2/S/A)	
##############	################	
       899.230	     6.99488e-04	
       900.360	     7.27866e-04	
       901.490	     7.57319e-04	
       902.621	     7.87877e-04	
       903.267	     8.05869e-04	
       903.752	     8.19579e-04	
       904.235	     8.33509e-04	
       905.203	     8.62028e-04	
       907.138	     9.21819e-04	
       908.905	     9.79784e-04	
       909.074	     9.85452e-04	
       909.120	     9.87035e-04	
       909.241	     9.91147e-04	
       909.576	     1.00263e-03	
       909.852	     1.01222e-03	
       910.032	     1.01846e-03	
       910.783	     1.04507e-03	
       910.944	     1.05081e-03	
       912.034	     1.09076e-03	
       913.037	     1.12875e-03	
       913.241	     1.13663e-03	
       913.284	     1.13830e-03	
       913.478	     1.14586e-03	
       913.531	     1.14793e-03	
       913.755	     1.15669e-03	
       913.822	     1.15933e-03	
       914.080	     1.16956e-03	
       914.165	     1.17295e-03	
       914.499	     1.18636e-03	
       914.575	     1.18943e-03	
       915.071	     1.20961e-03	
       915.540	     1.22902e-03	
       915.609	     1.23186e-03	
       915.643	     1.23328e-03	
       915.677	     1.23471e-03	
       915.741	     1.23739e-03	
       915.813	     1.24041e-03	
       916.085	     1.25191e-03	
       916.429	     1.26658e-03	
       916.858	     1.28506e-03	
       917.118	     1.29640e-03	
       917.196	     1.29982e-03	
       917.378	     1.30785e-03	
       917.899	     1.33101e-03	
       917.952	     1.33339e-03	
       918.287	     1.34854e-03	
       918.602	     1.36289e-03	
       919.251	     1.39299e-03	
       920.215	     1.43879e-03	
       921.882	     1.52130e-03	
       921.999	     1.52727e-03	
       922.143	     1.53463e-03	
       922.405	     1.54807e-03	
       922.810	     1.56913e-03	
       923.621	     1.61205e-03	
       925.001	     1.68766e-03	
       925.242	     1.70122e-03	
       925.484	     1.71487e-03	
       925.564	     1.71942e-03	
       925.966	     1.74245e-03	
       926.164	     1.75384e-03	
       926.369	     1.76561e-03	
       927.173	     1.81275e-03	
       927.276	     1.81879e-03	
       928.182	     1.87340e-03	
       928.917	     1.91926e-03	
       928.980	     1.92331e-03	
       929.089	     1.93037e-03	
       929.261	     1.94171e-03	
       929.317	     1.94533e-03	
       929.543	     1.96026e-03	
       929.655	     1.96755e-03	
       929.769	     1.97493e-03	
       929.827	     1.97870e-03	
       929.883	     1.98234e-03	
       929.910	     1.98409e-03	
       929.939	     1.98598e-03	
       929.954	     1.98696e-03	
       929.968	     1.98787e-03	
       929.982	     1.98879e-03	
       929.996	     1.98970e-03	
       930.010	     1.99061e-03	
       930.024	     1.99153e-03	
       930.038	     1.99244e-03	
       930.052	     1.99336e-03	
       930.081	     1.99525e-03	
       930.137	     1.99892e-03	
       930.201	     2.00312e-03	
       930.247	     2.00614e-03	
       930.249	     2.00627e-03	
       930.251	     2.00641e-03	
       930.301	     2.00970e-03	
       930.326	     2.01128e-03	
       930.329	     2.01148e-03	
       930.402	     2.01627e-03	
       930.478	     2.02122e-03	
       930.630	     2.03085e-03	
       930.931	     2.04930e-03	
       931.229	     2.06746e-03	
       931.490	     2.08367e-03	
       931.534	     2.08640e-03	
       931.838	     2.10561e-03	
       932.447	     2.14276e-03	
       933.265	     2.19365e-03	
       933.403	     2.20251e-03	
       933.432	     2.20439e-03	
       933.542	     2.21182e-03	
       933.652	     2.21930e-03	
       933.872	     2.23422e-03	
       933.973	     2.24117e-03	
       934.073	     2.24812e-03	
       934.312	     2.26498e-03	
       934.316	     2.26526e-03	
       934.652	     2.28980e-03	
       934.773	     2.29910e-03	
       935.230	     2.33574e-03	
       935.687	     2.37699e-03	
       936.144	     2.42299e-03	
       936.372	     2.44584e-03	
       936.601	     2.46621e-03	
       936.714	     2.47541e-03	
       936.829	     2.48463e-03	
       936.887	     2.48928e-03	
       936.944	     2.49387e-03	
       936.973	     2.49620e-03	
       937.001	     2.49846e-03	
       937.015	     2.49959e-03	
       937.029	     2.50072e-03	
       937.043	     2.50185e-03	
       937.058	     2.50306e-03	
       937.072	     2.50419e-03	
       937.086	     2.50532e-03	
       937.101	     2.50654e-03	
       937.115	     2.50767e-03	
       937.143	     2.50993e-03	
       937.200	     2.51455e-03	
       937.314	     2.52382e-03	
       937.493	     2.53836e-03	
       937.542	     2.54224e-03	
       937.593	     2.54618e-03	
       937.694	     2.55327e-03	
       937.788	     2.55933e-03	
       937.894	     2.56528e-03	
       938.000	     2.57066e-03	
       938.212	     2.58039e-03	
       938.359	     2.58694e-03	
       938.556	     2.59584e-03	
       938.636	     2.60004e-03	
       938.914	     2.61439e-03	
       939.271	     2.63525e-03	
       939.986	     2.68478e-03	
       940.580	     2.73072e-03	
       940.660	     2.73725e-03	
       940.675	     2.73848e-03	
       940.700	     2.74050e-03	
       940.740	     2.74371e-03	
       940.901	     2.75665e-03	
       941.221	     2.78337e-03	
       941.861	     2.83924e-03	
       943.048	     2.94888e-03	
       943.160	     2.96020e-03	
       943.457	     2.99065e-03	
       944.234	     3.06927e-03	
       944.382	     3.08442e-03	
       945.308	     3.18011e-03	
       945.770	     3.23056e-03	
       946.233	     3.28444e-03	
       946.696	     3.34196e-03	
       947.158	     3.40671e-03	
       947.621	     3.47671e-03	
       948.083	     3.54767e-03	
       948.314	     3.57953e-03	
       948.546	     3.60749e-03	
       948.661	     3.62059e-03	
       948.777	     3.63382e-03	
       948.835	     3.64045e-03	
       948.893	     3.64707e-03	
       948.922	     3.65040e-03	
       948.951	     3.65374e-03	
       948.966	     3.65546e-03	
       948.980	     3.65707e-03	
       948.994	     3.65867e-03	
       949.009	     3.66040e-03	
       949.023	     3.66200e-03	
       949.037	     3.66360e-03	
       949.052	     3.66533e-03	
       949.066	     3.66693e-03	
       949.095	     3.67029e-03	
       949.153	     3.67698e-03	
       949.230	     3.68587e-03	
       949.258	     3.68911e-03	
       949.269	     3.69037e-03	
       949.280	     3.69165e-03	
       949.330	     3.69747e-03	
       949.360	     3.70092e-03	
       949.430	     3.70906e-03	
       949.500	     3.71716e-03	
       949.640	     3.73284e-03	
       949.795	     3.74849e-03	
       949.879	     3.75612e-03	
       949.921	     3.75958e-03	
       949.963	     3.76316e-03	
       950.047	     3.76979e-03	
       950.131	     3.77607e-03	
       950.467	     3.79919e-03	
       950.888	     3.82900e-03	
       951.308	     3.86306e-03	
       951.728	     3.90431e-03	
       952.149	     3.95008e-03	
       952.400	     3.98002e-03	
       952.569	     4.00135e-03	
       952.738	     4.02312e-03	
       953.076	     4.06786e-03	
       953.753	     4.16264e-03	
       954.198	     4.22811e-03	
       954.430	     4.26358e-03	
       955.106	     4.36864e-03	
       956.014	     4.51196e-03	
       956.370	     4.57042e-03	
       957.830	     4.81091e-03	
       958.148	     4.86375e-03	
       959.289	     5.05765e-03	
       960.430	     5.25821e-03	
       961.192	     5.39616e-03	
       962.712	     5.67177e-03	
       964.231	     5.95498e-03	
       965.750	     6.24960e-03	
       966.507	     6.39873e-03	
       966.767	     6.45073e-03	
       967.269	     6.55229e-03	
       968.032	     6.70875e-03	
       968.668	     6.84079e-03	
       968.979	     6.90591e-03	
       969.297	     6.97258e-03	
       969.927	     7.10324e-03	
       970.401	     7.19648e-03	
       970.638	     7.23826e-03	
       970.874	     7.27147e-03	
       970.992	     7.28064e-03	
       971.110	     7.28174e-03	
       971.230	     7.26905e-03	
       971.348	     7.23349e-03	
       971.535	     7.16038e-03	
       971.567	     7.15680e-03	
       971.584	     7.16019e-03	
       971.635	     7.18979e-03	
       971.644	     7.19883e-03	
       971.703	     7.27618e-03	
       971.732	     7.31407e-03	
       971.762	     7.33741e-03	
       971.778	     7.34288e-03	
       971.792	     7.34611e-03	
       971.806	     7.34916e-03	
       971.821	     7.35246e-03	
       971.827	     7.35378e-03	
       971.833	     7.35510e-03	
       971.836	     7.35576e-03	
       971.839	     7.35642e-03	
       971.851	     7.35902e-03	
       971.866	     7.36232e-03	
       971.880	     7.36540e-03	
       971.910	     7.37099e-03	
       971.969	     7.34112e-03	
       972.037	     7.28133e-03	
       972.087	     7.26952e-03	
       972.137	     7.28746e-03	
       972.150	     7.29550e-03	
       972.237	     7.36622e-03	
       972.324	     7.44388e-03	
       972.499	     7.56807e-03	
       972.548	     7.59483e-03	
       972.673	     7.65169e-03	
       972.798	     7.69869e-03	
       972.851	     7.71638e-03	
       973.048	     7.77598e-03	
       973.298	     7.84578e-03	
       973.640	     7.93293e-03	
       973.746	     7.95922e-03	
       974.640	     8.17980e-03	
       975.640	     8.42993e-03	
       975.974	     8.51497e-03	
       977.640	     8.94958e-03	
       979.305	     9.40062e-03	
       980.970	     9.87004e-03	
       981.347	     9.97924e-03	
       982.635	     1.03605e-02	
       983.923	     1.07552e-02	
       986.380	     1.15443e-02	
       986.499	     1.15839e-02	
       986.618	     1.16236e-02	
       986.856	     1.17021e-02	
       987.259	     1.18374e-02	
       987.333	     1.18625e-02	
       988.286	     1.21903e-02	
       989.312	     1.25529e-02	
       991.366	     1.33089e-02	
       992.959	     1.39245e-02	
       993.419	     1.41073e-02	
       993.880	     1.42923e-02	
       994.800	     1.46692e-02	
       994.836	     1.46841e-02	
       996.641	     1.54507e-02	
       997.574	     1.58612e-02	
       997.806	     1.59649e-02	
       998.447	     1.62543e-02	
       999.319	     1.66564e-02	
       999.435	     1.67105e-02	
      1001.064	     1.74880e-02	
      1002.694	     1.82988e-02	
      1004.323	     1.91446e-02	
      1005.836	     1.99624e-02	
      1005.952	     2.00265e-02	
      1007.581	     2.09459e-02	
      1009.326	     2.19740e-02	
      1011.071	     2.30493e-02	
      1011.303	     2.31959e-02	
      1012.816	     2.41730e-02	
      1014.329	     2.51882e-02	
      1015.378	     2.59152e-02	
      1015.842	     2.62436e-02	
      1017.355	     2.73391e-02	
      1017.620	     2.75359e-02	
      1019.046	     2.86133e-02	
      1019.332	     2.88341e-02	
      1021.044	     3.01869e-02	
      1022.044	     3.10075e-02	
      1022.543	     3.14260e-02	
      1023.043	     3.18451e-02	
      1023.542	     3.22331e-02	
      1023.791	     3.24036e-02	
      1024.041	     3.25215e-02	
      1024.166	     3.25444e-02	
      1024.291	     3.25233e-02	
      1024.415	     3.24561e-02	
      1024.540	     3.22858e-02	
      1024.741	     3.20075e-02	
      1024.767	     3.20141e-02	
      1024.790	     3.20436e-02	
      1024.841	     3.21756e-02	
      1024.852	     3.22183e-02	
      1024.915	     3.25390e-02	
      1024.947	     3.26917e-02	
      1024.978	     3.27828e-02	
      1024.993	     3.28039e-02	
      1025.009	     3.28193e-02	
      1025.025	     3.28331e-02	
      1025.040	     3.28463e-02	
      1025.056	     3.28601e-02	
      1025.072	     3.28743e-02	
      1025.087	     3.28871e-02	
      1025.103	     3.29013e-02	
      1025.134	     3.29280e-02	
      1025.196	     3.28702e-02	
      1025.271	     3.26119e-02	
      1025.320	     3.25180e-02	
      1025.371	     3.25331e-02	
      1025.471	     3.27784e-02	
      1025.521	     3.29569e-02	
      1025.571	     3.31297e-02	
      1025.621	     3.33018e-02	
      1025.721	     3.36147e-02	
      1025.772	     3.37388e-02	
      1025.921	     3.40539e-02	
      1026.070	     3.43096e-02	
      1026.219	     3.45204e-02	
      1026.518	     3.48648e-02	
      1026.563	     3.49138e-02	
      1026.816	     3.51799e-02	
      1027.069	     3.54312e-02	
      1027.575	     3.59125e-02	
      1028.109	     3.64173e-02	
      1028.588	     3.68773e-02	
      1028.796	     3.70786e-02	
      1029.067	     3.73435e-02	
      1029.338	     3.76108e-02	
      1029.881	     3.81506e-02	
      1030.965	     3.92520e-02	
      1033.082	     4.14854e-02	
      1033.135	     4.15416e-02	
      1033.187	     4.15981e-02	
      1033.230	     4.16450e-02	
      1033.291	     4.17112e-02	
      1033.499	     4.19381e-02	
      1033.915	     4.23952e-02	
      1034.747	     4.33232e-02	
      1036.265	     4.50639e-02	
      1037.783	     4.68685e-02	
      1039.172	     4.85778e-02	
      1039.258	     4.86856e-02	
      1039.301	     4.87393e-02	
      1039.344	     4.87933e-02	
      1039.504	     4.89950e-02	
      1039.516	     4.90101e-02	
      1039.860	     4.94465e-02	
      1040.549	     5.03299e-02	
      1041.925	     5.21401e-02	
      1044.347	     5.54702e-02	
      1046.768	     5.89947e-02	
      1049.029	     6.24706e-02	
      1049.189	     6.27235e-02	
      1049.349	     6.29773e-02	
      1049.670	     6.34875e-02	
      1050.310	     6.45195e-02	
      1051.591	     6.66300e-02	
      1053.952	     7.06880e-02	
      1054.152	     7.10421e-02	
      1054.352	     7.13977e-02	
      1054.752	     7.21143e-02	
      1054.952	     7.24750e-02	
      1055.553	     7.35667e-02	
      1057.153	     7.65528e-02	
      1059.355	     8.08401e-02	
      1061.556	     8.53495e-02	
      1063.156	     8.87717e-02	
      1063.757	     9.00874e-02	
      1064.357	     9.14207e-02	
      1065.558	     9.41416e-02	
      1066.558	     9.64657e-02	
      1067.959	     9.98081e-02	
      1069.359	     1.03256e-01	
      1069.960	     1.04766e-01	
      1072.161	     1.10475e-01	
      1074.362	     1.16469e-01	
      1076.563	     1.22759e-01	
      1078.163	     1.27527e-01	
      1078.687	     1.29124e-01	
      1078.764	     1.29359e-01	
      1078.980	     1.30025e-01	
      1079.364	     1.31215e-01	
      1080.565	     1.35005e-01	
      1080.712	     1.35473e-01	
      1082.442	     1.41132e-01	
      1084.173	     1.47004e-01	
      1085.905	     1.53098e-01	
      1087.637	     1.59423e-01	
      1089.318	     1.65793e-01	
      1089.367	     1.65982e-01	
      1089.418	     1.66179e-01	
      1089.518	     1.66565e-01	
      1089.718	     1.67341e-01	
      1090.119	     1.68902e-01	
      1090.669	     1.71071e-01	
      1090.919	     1.72065e-01	
      1092.520	     1.78552e-01	
      1094.370	     1.86332e-01	
      1096.221	     1.94420e-01	
      1096.771	     1.96885e-01	
      1098.072	     2.02822e-01	
      1099.372	     2.08922e-01	
      1099.573	     2.09875e-01	
      1101.974	     2.21626e-01	
      1104.374	     2.33976e-01	
      1106.775	     2.46950e-01	
      1108.976	     2.59415e-01	
      1109.176	     2.60576e-01	
      1109.376	     2.61742e-01	
      1109.777	     2.64088e-01	
      1109.977	     2.65268e-01	
      1110.577	     2.68837e-01	
      1112.177	     2.78570e-01	
      1114.378	     2.92476e-01	
      1116.579	     3.07011e-01	
      1118.180	     3.17992e-01	
      1118.684	     3.21523e-01	
      1118.780	     3.22202e-01	
      1119.380	     3.26462e-01	
      1120.076	     3.31466e-01	
      1121.469	     3.41689e-01	
      1123.778	     3.59269e-01	
      1124.254	     3.62995e-01	
      1124.730	     3.66759e-01	
      1125.682	     3.74390e-01	
      1125.790	     3.75266e-01	
      1127.075	     3.85810e-01	
      1127.587	     3.90088e-01	
      1127.845	     3.92262e-01	
      1129.384	     4.05441e-01	
      1129.769	     4.08803e-01	
      1131.692	     4.25981e-01	
      1133.616	     4.43810e-01	
      1135.540	     4.62310e-01	
      1137.463	     4.81512e-01	
      1139.387	     5.01426e-01	
      1141.310	     5.22070e-01	
      1142.080	     5.30536e-01	
      1143.234	     5.43474e-01	
      1144.004	     5.52257e-01	
      1144.388	     5.56687e-01	
      1146.697	     5.83915e-01	
      1149.390	     6.17084e-01	
      1149.774	     6.21935e-01	
      1152.083	     6.51852e-01	
      1154.391	     6.82919e-01	
      1156.700	     7.15202e-01	
      1158.625	     7.42691e-01	
      1159.001	     7.48155e-01	
      1159.009	     7.48271e-01	
      1159.393	     7.53885e-01	
      1160.161	     7.65103e-01	
      1161.697	     7.87779e-01	
      1164.394	     8.28410e-01	
      1169.395	     9.05322e-01	
      1171.896	     9.44338e-01	
      1173.146	     9.64695e-01	
      1174.397	     9.85675e-01	
      1175.647	     1.00816e+00	
      1176.897	     1.03224e+00	
      1177.860	     1.05171e+00	
      1178.148	     1.05760e+00	
      1179.398	     1.08415e+00	
      1180.936	     1.11841e+00	
      1182.858	     1.16256e+00	
      1184.013	     1.18982e+00	
      1185.168	     1.21767e+00	
      1185.558	     1.22712e+00	
      1187.479	     1.27452e+00	
      1189.400	     1.32320e+00	
      1191.322	     1.37364e+00	
      1192.085	     1.39420e+00	
      1193.243	     1.42600e+00	
      1194.034	     1.44807e+00	
      1194.402	     1.45844e+00	
      1196.718	     1.52502e+00	
      1196.902	     1.53040e+00	
      1199.403	     1.60518e+00	
      1201.903	     1.68397e+00	
      1204.404	     1.76827e+00	
      1206.904	     1.85707e+00	
      1208.485	     1.91485e+00	
      1209.405	     1.94907e+00	
      1210.325	     1.98344e+00	
      1211.639	     2.03281e+00	
      1212.165	     2.05261e+00	
      1212.691	     2.07254e+00	
      1213.613	     2.10782e+00	
      1213.744	     2.11288e+00	
      1213.807	     2.11532e+00	
      1213.875	     2.11795e+00	
      1214.137	     2.12813e+00	
      1214.171	     2.12946e+00	
      1214.467	     2.14101e+00	
      1214.615	     2.14682e+00	
      1214.763	     2.15263e+00	
      1214.837	     2.15554e+00	
      1214.911	     2.15846e+00	
      1214.948	     2.15992e+00	
      1214.985	     2.16138e+00	
      1215.004	     2.16213e+00	
      1215.022	     2.16284e+00	
      1215.040	     2.16355e+00	
      1215.059	     2.16430e+00	
      1215.077	     2.16501e+00	
      1215.095	     2.16573e+00	
      1215.114	     2.16648e+00	
      1215.132	     2.16719e+00	
      1215.169	     2.16865e+00	
      1215.243	     2.17159e+00	
      1215.391	     2.17746e+00	
      1215.637	     2.18726e+00	
      1215.687	     2.18925e+00	
      1215.737	     2.19125e+00	
      1215.795	     2.19357e+00	
      1215.837	     2.19525e+00	
      1216.037	     2.20327e+00	
      1216.064	     2.20436e+00	
      1216.279	     2.21301e+00	
      1216.763	     2.23261e+00	
      1217.462	     2.26118e+00	
      1218.315	     2.29644e+00	
      1218.861	     2.31914e+00	
      1218.985	     2.32429e+00	
      1219.407	     2.34173e+00	
      1219.829	     2.35900e+00	
      1220.104	     2.37008e+00	
      1220.673	     2.39277e+00	
      1222.361	     2.45919e+00	
      1224.619	     2.54978e+00	
      1226.876	     2.64633e+00	
      1228.858	     2.73585e+00	
      1229.134	     2.74877e+00	
      1229.409	     2.76174e+00	
      1229.740	     2.77757e+00	
      1229.959	     2.78808e+00	
      1230.178	     2.79863e+00	
      1230.616	     2.81994e+00	
      1231.492	     2.86315e+00	
      1231.694	     2.87326e+00	
      1233.244	     2.95211e+00	
      1234.794	     3.03284e+00	
      1236.380	     3.11762e+00	
      1237.895	     3.20081e+00	
      1239.410	     3.28611e+00	
      1240.470	     3.34718e+00	
      1242.441	     3.46364e+00	
      1244.411	     3.58374e+00	
      1247.291	     3.76646e+00	
      1248.352	     3.83585e+00	
      1248.652	     3.85568e+00	
      1249.412	     3.90638e+00	
      1251.532	     4.05099e+00	
      1251.912	     4.07741e+00	
      1254.413	     4.25513e+00	
      1256.913	     4.43992e+00	
      1259.413	     4.63171e+00	
      1261.914	     4.83127e+00	
      1264.414	     5.03965e+00	
      1266.914	     5.25840e+00	
      1269.415	     5.48729e+00	
      1271.915	     5.72866e+00	
      1274.415	     5.98056e+00	
      1276.915	     6.24065e+00	
      1279.416	     6.51183e+00	
      1281.916	     6.79294e+00	
      1284.416	     7.08219e+00	
      1286.917	     7.38142e+00	
      1289.417	     7.69194e+00	
      1291.917	     8.01031e+00	
      1294.417	     8.33995e+00	
      1296.918	     8.68075e+00	
      1299.418	     9.03352e+00	
      1301.918	     9.40191e+00	
      1304.418	     9.78352e+00	
      1306.919	     1.01774e+01	
      1309.419	     1.05851e+01	
      1311.919	     1.10042e+01	
      1314.419	     1.14373e+01	
      1316.919	     1.18856e+01	
      1319.420	     1.23498e+01	
      1321.920	     1.28301e+01	
      1324.420	     1.33280e+01	
      1326.920	     1.38469e+01	
      1329.420	     1.43833e+01	
      1334.421	     1.54998e+01	
      1339.421	     1.66878e+01	
      1341.921	     1.73097e+01	
      1344.421	     1.79521e+01	
      1346.921	     1.86219e+01	
      1349.421	     1.93148e+01	
      1354.422	     2.07702e+01	
      1359.422	     2.23207e+01	
      1364.422	     2.39553e+01	
      1365.191	     2.42146e+01	
      1369.422	     2.56865e+01	
      1373.653	     2.72404e+01	
      1376.346	     2.82788e+01	
      1377.884	     2.88873e+01	
      1379.422	     2.95079e+01	
      1380.574	     2.99805e+01	
      1382.499	     3.07848e+01	
      1384.423	     3.16088e+01	
      1387.119	     3.27963e+01	
      1388.271	     3.33156e+01	
      1389.031	     3.36622e+01	
      1389.423	     3.38419e+01	
      1391.727	     3.49172e+01	
      1394.423	     3.62081e+01	
      1399.423	     3.86944e+01	
      1404.423	     4.13286e+01	
      1409.423	     4.41234e+01	
      1414.423	     4.71006e+01	
      1419.423	     5.02740e+01	
      1424.423	     5.36204e+01	
      1429.423	     5.71522e+01	
      1434.423	     6.08508e+01	
      1439.423	     6.47419e+01	
      1444.422	     6.88364e+01	
      1449.422	     7.31853e+01	
      1454.422	     7.78210e+01	
      1459.422	     8.27156e+01	
      1464.422	     8.79030e+01	
      1465.960	     8.95602e+01	
      1469.422	     9.33798e+01	
      1472.884	     9.73140e+01	
      1473.268	     9.77535e+01	
      1474.422	     9.90846e+01	
      1476.345	     1.01337e+02	
      1479.421	     1.05015e+02	
      1484.421	     1.11232e+02	
      1489.421	     1.17741e+02	
      1494.421	     1.24531e+02	
      1499.420	     1.31698e+02	
      1504.420	     1.39326e+02	
      1509.420	     1.47398e+02	
      1514.420	     1.55900e+02	
      1519.419	     1.64870e+02	
      1524.419	     1.74381e+02	
      1529.419	     1.84403e+02	
      1534.418	     1.94787e+02	
      1539.418	     2.05502e+02	
      1544.418	     2.16635e+02	
      1549.417	     2.28198e+02	
      1554.417	     2.40101e+02	
      1559.417	     2.52335e+02	
      1564.416	     2.65076e+02	
      1566.724	     2.71142e+02	
      1569.416	     2.78433e+02	
      1570.186	     2.80566e+02	
      1572.107	     2.85941e+02	
      1574.415	     2.92523e+02	
      1574.800	     2.93633e+02	
      1579.415	     3.07293e+02	
      1584.414	     3.22767e+02	
      1589.414	     3.38918e+02	
      1594.413	     3.55792e+02	
      1599.413	     3.73576e+02	
      1604.413	     3.92190e+02	
      1609.412	     4.11944e+02	
      1614.412	     4.32830e+02	
      1619.411	     4.55025e+02	
      1624.410	     4.78634e+02	
      1629.410	     5.03629e+02	
      1634.409	     5.30031e+02	
      1639.409	     5.57331e+02	
      1644.408	     5.85376e+02	
      1649.408	     6.13757e+02	
      1654.407	     6.42528e+02	
      1659.407	     6.71622e+02	
      1664.406	     7.01467e+02	
      1665.560	     7.08366e+02	
      1669.405	     7.31865e+02	
      1670.174	     7.36663e+02	
      1673.251	     7.56197e+02	
      1674.405	     7.63526e+02	
      1676.328	     7.76002e+02	
      1679.404	     7.96139e+02	
      1684.404	     8.30232e+02	
      1689.403	     8.65487e+02	
      1694.402	     9.02297e+02	
      1699.402	     9.41099e+02	
      1704.401	     9.81603e+02	
      1709.400	     1.02375e+03	
      1714.400	     1.06775e+03	
      1719.399	     1.11336e+03	
      1724.398	     1.16093e+03	
      1729.398	     1.21039e+03	
      1734.397	     1.26174e+03	
      1739.396	     1.31490e+03	
      1744.396	     1.36990e+03	
      1749.395	     1.42633e+03	
      1754.394	     1.48471e+03	
      1759.393	     1.54493e+03	
      1764.393	     1.60712e+03	
      1767.084	     1.64142e+03	
      1767.854	     1.65134e+03	
      1769.392	     1.67132e+03	
      1771.700	     1.70169e+03	
      1774.391	     1.73779e+03	
      1775.545	     1.75347e+03	
      1779.391	     1.80660e+03	
      1784.390	     1.87806e+03	
      1789.389	     1.95203e+03	
      1794.388	     2.02817e+03	
      1799.387	     2.10684e+03	
      1809.386	     2.27129e+03	
      1819.384	     2.44638e+03	
      1823.999	     2.53070e+03	
      1829.383	     2.63212e+03	
      1834.767	     2.73692e+03	
      1840.151	     2.84488e+03	
      1845.535	     2.95635e+03	
      1850.919	     3.07174e+03	
      1856.303	     3.19158e+03	
      1863.998	     3.36838e+03	
      1867.072	     3.44099e+03	
      1870.145	     3.51488e+03	
      1876.292	     3.66762e+03	
      1882.439	     3.82586e+03	
      1888.586	     3.98979e+03	
      1894.733	     4.15959e+03	
      1900.880	     4.33537e+03	
      1906.980	     4.51595e+03	
      1907.027	     4.51736e+03	
      1913.174	     4.70563e+03	
      1919.368	     4.90183e+03	
      1925.561	     5.10314e+03	
      1931.755	     5.31196e+03	
      1937.949	     5.53250e+03	
      1944.143	     5.75530e+03	
      1944.472	     5.76730e+03	
      1950.337	     5.99121e+03	
      1956.531	     6.22865e+03	
      1968.590	     6.71258e+03	
      1980.648	     7.22632e+03	
      1992.707	     7.77117e+03	
      2004.766	     8.34891e+03	
      2015.838	     8.90953e+03	
      2016.825	     8.96092e+03	
      2017.811	     9.01257e+03	
      2019.785	     9.11696e+03	
      2023.732	     9.33097e+03	
      2031.627	     9.76872e+03	
      2039.521	     1.02165e+04	
      2047.416	     1.06804e+04	
      2055.310	     1.11611e+04	
      2059.377	     1.14154e+04	
      2063.205	     1.16589e+04	
      2067.032	     1.19065e+04	
      2074.686	     1.24165e+04	
      2082.341	     1.29438e+04	
      2089.995	     1.34887e+04	
      2094.355	     1.38071e+04	
      2097.650	     1.40516e+04	
      2105.304	     1.46328e+04	
      2116.253	     1.54972e+04	
      2127.202	     1.64025e+04	
      2132.725	     1.68784e+04	
      2138.151	     1.73587e+04	
      2149.099	     1.83465e+04	
      2165.474	     1.99026e+04	
      2181.848	     2.15581e+04	
      2198.223	     2.33163e+04	
      2214.501	     2.51732e+04	
      2214.598	     2.51846e+04	
      2214.695	     2.51960e+04	
      2214.741	     2.52014e+04	
      2214.888	     2.52187e+04	
      2215.276	     2.52642e+04	
      2216.052	     2.53554e+04	
      2217.604	     2.55385e+04	
      2220.707	     2.59046e+04	
      2226.914	     2.66481e+04	
      2227.034	     2.66626e+04	
      2239.327	     2.81833e+04	
      2251.621	     2.97606e+04	
      2263.914	     3.14043e+04	
      2276.207	     3.31557e+04	
      2288.501	     3.49587e+04	
      2300.794	     3.68305e+04	
      2312.946	     3.87754e+04	
      2313.040	     3.87908e+04	
      2313.087	     3.87987e+04	
      2313.134	     3.88062e+04	
      2313.322	     3.88364e+04	
      2313.697	     3.88967e+04	
      2314.449	     3.90176e+04	
      2315.951	     3.92602e+04	
      2318.955	     3.97487e+04	
      2324.964	     4.07389e+04	
      2336.980	     4.27982e+04	
      2348.996	     4.49622e+04	
      2359.673	     4.69542e+04	
      2361.014	     4.72093e+04	
      2362.354	     4.74710e+04	
      2365.036	     4.79995e+04	
      2370.399	     4.90701e+04	
      2381.125	     5.12698e+04	
      2391.852	     5.35478e+04	
      2395.881	     5.44526e+04	
      2402.577	     5.59888e+04	
      2409.274	     5.75615e+04	
      2422.667	     6.08347e+04	
      2436.060	     6.44023e+04	
      2442.710	     6.62483e+04	
      2449.452	     6.81738e+04	
      2451.595	     6.87971e+04	
      2456.194	     7.01577e+04	
      2460.793	     7.16424e+04	
      2469.991	     7.46954e+04	
      2479.189	     7.79124e+04	
      2488.387	     8.13230e+04	
      2497.585	     8.50395e+04	
      2503.552	     8.75713e+04	
      2506.782	     8.89790e+04	
      2510.013	     9.04081e+04	
      2516.473	     9.32849e+04	
      2522.934	     9.60602e+04	
      2529.394	     9.91125e+04	
      2535.855	     1.02349e+05	
      2542.315	     1.05746e+05	
      2548.776	     1.09218e+05	
      2551.240	     1.10570e+05	
      2555.236	     1.12795e+05	
      2559.232	     1.15068e+05	
      2567.224	     1.20045e+05	
      2575.216	     1.25331e+05	
      2583.209	     1.30836e+05	
      2591.201	     1.36590e+05	
      2599.193	     1.42680e+05	
      2607.185	     1.49053e+05	
      2615.177	     1.55601e+05	
      2623.169	     1.62372e+05	
      2631.161	     1.69374e+05	
      2636.621	     1.74295e+05	
      2639.153	     1.76619e+05	
      2647.145	     1.84233e+05	
      2652.407	     1.89382e+05	
      2657.670	     1.94610e+05	
      2662.933	     1.99282e+05	
      2668.194	     2.04002e+05	
      2673.457	     2.08778e+05	
      2678.719	     2.13611e+05	
      2689.243	     2.23411e+05	
      2710.292	     2.43691e+05	
      2731.341	     2.64710e+05	
      2748.672	     2.82549e+05	
      2752.390	     2.86447e+05	
      2756.108	     2.90366e+05	
      2763.545	     2.98616e+05	
      2778.417	     3.15416e+05	
      2793.289	     3.32688e+05	
      2808.162	     3.50460e+05	
      2821.266	     3.66555e+05	
      2823.034	     3.68757e+05	
      2837.906	     3.87776e+05	
      2846.226	     3.98665e+05	
      2854.546	     4.09720e+05	
      2862.866	     4.21831e+05	
      2871.186	     4.34168e+05	
      2879.506	     4.46725e+05	
      2887.826	     4.59530e+05	
      2904.466	     4.85838e+05	
      2921.106	     5.13097e+05	
      2922.509	     5.15441e+05	
      2937.746	     5.41469e+05	
      2952.983	     5.68396e+05	
      2983.458	     6.22086e+05	
      3013.932	     6.78782e+05	
      3037.392	     7.24414e+05	
      3044.406	     7.38391e+05	
      3051.421	     7.52506e+05	
      3058.435	     7.68562e+05	
      3065.449	     7.84836e+05	
      3079.478	     8.18033e+05	
      3107.535	     8.87349e+05	
      3121.326	     9.22947e+05	
      3135.592	     9.60680e+05	
      3142.725	     9.79894e+05	
      3149.857	     9.99350e+05	
      3156.989	     1.02115e+06	
      3164.122	     1.04324e+06	
      3171.255	     1.06563e+06	
      3178.388	     1.08829e+06	
      3185.520	     1.11123e+06	
      3199.785	     1.15792e+06	
      3208.339	     1.18645e+06	
      3228.316	     1.25477e+06	
      3238.306	     1.28992e+06	
      3243.299	     1.30779e+06	
      3248.294	     1.32580e+06	
      3253.289	     1.33940e+06	
      3258.283	     1.35307e+06	
      3263.277	     1.36681e+06	
      3268.272	     1.38061e+06	
      3278.260	     1.40840e+06	
      3298.237	     1.46474e+06	
      3329.655	     1.55537e+06	
      3338.193	     1.58038e+06	
      3346.730	     1.60556e+06	
      3350.740	     1.61776e+06	
      3363.805	     1.65774e+06	
      3397.953	     1.76405e+06	
      3441.158	     1.90201e+06	
      3445.167	     1.91500e+06	
      3492.381	     2.06976e+06	
      3495.922	     2.08151e+06	
      3543.602	     2.24161e+06	
      3591.283	     2.40532e+06	
      3635.884	     2.56121e+06	
      3638.963	     2.57204e+06	
      3642.042	     2.58310e+06	
      3643.122	     2.58698e+06	
      3645.121	     2.59415e+06	
      3645.281	     2.59473e+06	
      3647.121	     2.60134e+06	
      3648.960	     2.60795e+06	
      3651.320	     2.61642e+06	
      3652.639	     2.62116e+06	
      3653.959	     2.62591e+06	
      3654.239	     2.62691e+06	
      3656.598	     2.63538e+06	
      3658.958	     2.64386e+06	
      3663.397	     2.65979e+06	
      3663.676	     2.66080e+06	
      3663.956	     2.66180e+06	
      3664.516	     2.66381e+06	
      3665.636	     2.66782e+06	
      3666.796	     2.67198e+06	
      3667.875	     2.67586e+06	
      3668.275	     2.67730e+06	
      3668.955	     2.67973e+06	
      3671.115	     2.68748e+06	
      3673.954	     2.69766e+06	
      3675.202	     2.70213e+06	
      3678.952	     2.71557e+06	
      3682.583	     2.72857e+06	
      3682.703	     2.72900e+06	
      3682.822	     2.72943e+06	
      3683.062	     2.73029e+06	
      3683.178	     2.73070e+06	
      3683.542	     2.73200e+06	
      3684.502	     2.73544e+06	
      3684.819	     2.73657e+06	
      3685.826	     2.74017e+06	
      3686.832	     2.74377e+06	
      3688.742	     2.75060e+06	
      3688.846	     2.75097e+06	
      3688.939	     2.75131e+06	
      3688.950	     2.75135e+06	
      3689.158	     2.75209e+06	
      3689.377	     2.75287e+06	
      3689.730	     2.75413e+06	
      3689.815	     2.75444e+06	
      3689.900	     2.75474e+06	
      3690.070	     2.75535e+06	
      3690.410	     2.75656e+06	
      3690.624	     2.75733e+06	
      3691.089	     2.75899e+06	
      3691.469	     2.76035e+06	
      3691.554	     2.76065e+06	
      3691.700	     2.76117e+06	
      3692.484	     2.76398e+06	
      3693.499	     2.76760e+06	
      3694.397	     2.77082e+06	
      3695.297	     2.77403e+06	
      3695.808	     2.77585e+06	
      3696.197	     2.77724e+06	
      3696.525	     2.77842e+06	
      3696.586	     2.77863e+06	
      3696.647	     2.77885e+06	
      3696.666	     2.77892e+06	
      3696.759	     2.77925e+06	
      3696.769	     2.77929e+06	
      3696.872	     2.77965e+06	
      3696.929	     2.77986e+06	
      3696.985	     2.78006e+06	
      3697.041	     2.78026e+06	
      3697.097	     2.78046e+06	
      3697.153	     2.78066e+06	
      3697.209	     2.78086e+06	
      3697.265	     2.78106e+06	
      3697.322	     2.78126e+06	
      3697.347	     2.78135e+06	
      3697.405	     2.78156e+06	
      3697.434	     2.78166e+06	
      3697.463	     2.78176e+06	
      3697.499	     2.78189e+06	
      3697.529	     2.78200e+06	
      3697.579	     2.78218e+06	
      3697.659	     2.78246e+06	
      3697.819	     2.78304e+06	
      3698.109	     2.78407e+06	
      3698.429	     2.78522e+06	
      3698.688	     2.78614e+06	
      3698.886	     2.78685e+06	
      3698.947	     2.78706e+06	
      3699.008	     2.78728e+06	
      3699.130	     2.78772e+06	
      3699.374	     2.78859e+06	
      3699.533	     2.78916e+06	
      3699.862	     2.79033e+06	
      3699.879	     2.79039e+06	
      3700.191	     2.79150e+06	
      3700.198	     2.79153e+06	
      3700.503	     2.79262e+06	
      3700.808	     2.79371e+06	
      3700.842	     2.79382e+06	
      3701.092	     2.79472e+06	
      3701.418	     2.79588e+06	
      3701.994	     2.79793e+06	
      3702.444	     2.79954e+06	
      3702.895	     2.80115e+06	
      3703.121	     2.80196e+06	
      3703.346	     2.80276e+06	
      3703.458	     2.80316e+06	
      3703.571	     2.80356e+06	
      3703.628	     2.80376e+06	
      3703.684	     2.80397e+06	
      3703.740	     2.80416e+06	
      3703.797	     2.80437e+06	
      3703.853	     2.80457e+06	
      3703.909	     2.80477e+06	
      3703.966	     2.80497e+06	
      3704.022	     2.80517e+06	
      3704.085	     2.80540e+06	
      3704.134	     2.80557e+06	
      3704.185	     2.80575e+06	
      3704.210	     2.80584e+06	
      3704.222	     2.80588e+06	
      3704.285	     2.80611e+06	
      3704.314	     2.80621e+06	
      3704.360	     2.80638e+06	
      3704.406	     2.80654e+06	
      3704.491	     2.80684e+06	
      3704.567	     2.80711e+06	
      3704.590	     2.80720e+06	
      3704.689	     2.80755e+06	
      3704.811	     2.80798e+06	
      3705.055	     2.80885e+06	
      3705.373	     2.80999e+06	
      3705.543	     2.81059e+06	
      3705.713	     2.81120e+06	
      3706.052	     2.81241e+06	
      3706.073	     2.81249e+06	
      3706.732	     2.81483e+06	
      3707.267	     2.81674e+06	
      3707.391	     2.81718e+06	
      3707.515	     2.81763e+06	
      3707.614	     2.81798e+06	
      3707.763	     2.81851e+06	
      3707.912	     2.81904e+06	
      3708.118	     2.81977e+06	
      3708.210	     2.82010e+06	
      3708.302	     2.82043e+06	
      3708.486	     2.82108e+06	
      3708.763	     2.82207e+06	
      3708.854	     2.82239e+06	
      3708.873	     2.82246e+06	
      3708.945	     2.82272e+06	
      3709.127	     2.82337e+06	
      3709.206	     2.82365e+06	
      3709.491	     2.82466e+06	
      3710.108	     2.82686e+06	
      3710.902	     2.82969e+06	
      3711.011	     2.83008e+06	
      3711.120	     2.83047e+06	
      3711.213	     2.83080e+06	
      3711.323	     2.83119e+06	
      3711.338	     2.83124e+06	
      3711.463	     2.83169e+06	
      3711.517	     2.83188e+06	
      3711.576	     2.83209e+06	
      3711.603	     2.83219e+06	
      3711.689	     2.83249e+06	
      3711.746	     2.83270e+06	
      3711.802	     2.83290e+06	
      3711.858	     2.83309e+06	
      3711.915	     2.83330e+06	
      3711.971	     2.83350e+06	
      3712.027	     2.83370e+06	
      3712.084	     2.83390e+06	
      3712.140	     2.83410e+06	
      3712.203	     2.83433e+06	
      3712.252	     2.83450e+06	
      3712.303	     2.83468e+06	
      3712.327	     2.83477e+06	
      3712.331	     2.83478e+06	
      3712.403	     2.83504e+06	
      3712.479	     2.83531e+06	
      3712.631	     2.83585e+06	
      3712.931	     2.83692e+06	
      3713.228	     2.83797e+06	
      3713.531	     2.83905e+06	
      3713.833	     2.84013e+06	
      3714.242	     2.84159e+06	
      3714.420	     2.84222e+06	
      3714.439	     2.84229e+06	
      3714.636	     2.84299e+06	
      3715.030	     2.84439e+06	
      3715.640	     2.84656e+06	
      3716.765	     2.85056e+06	
      3716.790	     2.85065e+06	
      3716.860	     2.85090e+06	
      3716.955	     2.85124e+06	
      3717.145	     2.85192e+06	
      3717.524	     2.85327e+06	
      3718.189	     2.85563e+06	
      3718.259	     2.85588e+06	
      3718.329	     2.85613e+06	
      3718.469	     2.85663e+06	
      3718.556	     2.85694e+06	
      3718.631	     2.85720e+06	
      3718.734	     2.85757e+06	
      3718.749	     2.85762e+06	
      3718.942	     2.85831e+06	
      3719.253	     2.85941e+06	
      3719.474	     2.86020e+06	
      3719.772	     2.86126e+06	
      3720.070	     2.86232e+06	
      3720.356	     2.86323e+06	
      3720.523	     2.86376e+06	
      3720.666	     2.86422e+06	
      3720.976	     2.86520e+06	
      3721.202	     2.86588e+06	
      3721.428	     2.86657e+06	
      3721.542	     2.86690e+06	
      3721.655	     2.86724e+06	
      3721.711	     2.86741e+06	
      3721.768	     2.86758e+06	
      3721.825	     2.86775e+06	
      3721.881	     2.86792e+06	
      3721.938	     2.86809e+06	
      3721.995	     2.86826e+06	
      3722.051	     2.86843e+06	
      3722.108	     2.86860e+06	
      3722.221	     2.86894e+06	
      3722.398	     2.86947e+06	
      3722.447	     2.86962e+06	
      3722.498	     2.86978e+06	
      3722.598	     2.87007e+06	
      3722.695	     2.87037e+06	
      3722.798	     2.87067e+06	
      3722.901	     2.87098e+06	
      3723.107	     2.87160e+06	
      3723.231	     2.87197e+06	
      3723.519	     2.87284e+06	
      3723.807	     2.87370e+06	
      3724.383	     2.87543e+06	
      3725.451	     2.87864e+06	
      3725.534	     2.87888e+06	
      3725.617	     2.87913e+06	
      3725.751	     2.87953e+06	
      3725.783	     2.87963e+06	
      3725.916	     2.88003e+06	
      3725.931	     2.88007e+06	
      3726.115	     2.88063e+06	
      3726.479	     2.88172e+06	
      3727.042	     2.88340e+06	
      3727.366	     2.88437e+06	
      3728.153	     2.88673e+06	
      3728.639	     2.88819e+06	
      3728.940	     2.88909e+06	
      3729.009	     2.88930e+06	
      3729.240	     2.89000e+06	
      3729.842	     2.89180e+06	
      3730.676	     2.89430e+06	
      3732.194	     2.89884e+06	
      3732.344	     2.89929e+06	
      3732.494	     2.89974e+06	
      3732.794	     2.90064e+06	
      3733.352	     2.90231e+06	
      3733.384	     2.90240e+06	
      3733.393	     2.90243e+06	
      3733.402	     2.90246e+06	
      3733.452	     2.90261e+06	
      3733.552	     2.90291e+06	
      3733.648	     2.90320e+06	
      3733.752	     2.90351e+06	
      3733.856	     2.90382e+06	
      3734.004	     2.90426e+06	
      3734.044	     2.90438e+06	
      3734.064	     2.90444e+06	
      3734.084	     2.90450e+06	
      3734.131	     2.90464e+06	
      3734.140	     2.90467e+06	
      3734.164	     2.90474e+06	
      3734.197	     2.90484e+06	
      3734.254	     2.90501e+06	
      3734.311	     2.90518e+06	
      3734.368	     2.90534e+06	
      3734.425	     2.90552e+06	
      3734.482	     2.90569e+06	
      3734.539	     2.90586e+06	
      3734.652	     2.90620e+06	
      3734.829	     2.90673e+06	
      3734.878	     2.90687e+06	
      3734.929	     2.90703e+06	
      3735.029	     2.90733e+06	
      3735.124	     2.90761e+06	
      3735.173	     2.90776e+06	
      3735.229	     2.90793e+06	
      3735.334	     2.90824e+06	
      3735.391	     2.90841e+06	
      3735.495	     2.90872e+06	
      3735.817	     2.90969e+06	
      3736.000	     2.91023e+06	
      3736.243	     2.91096e+06	
      3736.486	     2.91169e+06	
      3736.971	     2.91314e+06	
      3737.826	     2.91570e+06	
      3737.943	     2.91605e+06	
      3738.060	     2.91640e+06	
      3738.294	     2.91709e+06	
      3738.587	     2.91797e+06	
      3738.762	     2.91849e+06	
      3738.937	     2.91902e+06	
      3739.287	     2.92006e+06	
      3739.498	     2.92069e+06	
      3739.987	     2.92216e+06	
      3740.476	     2.92362e+06	
      3741.212	     2.92582e+06	
      3741.453	     2.92654e+06	
      3741.694	     2.92726e+06	
      3742.092	     2.92845e+06	
      3742.176	     2.92870e+06	
      3742.260	     2.92895e+06	
      3742.428	     2.92945e+06	
      3742.671	     2.93017e+06	
      3742.733	     2.93036e+06	
      3742.764	     2.93045e+06	
      3742.795	     2.93054e+06	
      3742.864	     2.93075e+06	
      3742.919	     2.93091e+06	
      3743.167	     2.93166e+06	
      3743.663	     2.93314e+06	
      3744.620	     2.93599e+06	
      3744.654	     2.93609e+06	
      3746.445	     2.94144e+06	
      3747.605	     2.94490e+06	
      3748.269	     2.94688e+06	
      3748.844	     2.94860e+06	
      3748.904	     2.94877e+06	
      3748.934	     2.94887e+06	
      3748.964	     2.94895e+06	
      3748.986	     2.94902e+06	
      3749.084	     2.94931e+06	
      3749.118	     2.94941e+06	
      3749.182	     2.94960e+06	
      3749.378	     2.95019e+06	
      3749.409	     2.95028e+06	
      3749.638	     2.95096e+06	
      3749.753	     2.95130e+06	
      3749.867	     2.95164e+06	
      3749.924	     2.95181e+06	
      3749.981	     2.95198e+06	
      3750.038	     2.95215e+06	
      3750.095	     2.95231e+06	
      3750.152	     2.95248e+06	
      3750.209	     2.95265e+06	
      3750.266	     2.95283e+06	
      3750.323	     2.95300e+06	
      3750.437	     2.95334e+06	
      3750.616	     2.95388e+06	
      3750.665	     2.95402e+06	
      3750.716	     2.95417e+06	
      3750.816	     2.95447e+06	
      3750.910	     2.95475e+06	
      3751.016	     2.95507e+06	
      3751.122	     2.95538e+06	
      3751.334	     2.95602e+06	
      3751.481	     2.95645e+06	
      3751.758	     2.95728e+06	
      3752.035	     2.95810e+06	
      3752.588	     2.95975e+06	
      3753.533	     2.96256e+06	
      3753.696	     2.96305e+06	
      3753.782	     2.96330e+06	
      3753.859	     2.96353e+06	
      3754.185	     2.96450e+06	
      3754.274	     2.96476e+06	
      3754.837	     2.96644e+06	
      3755.892	     2.96957e+06	
      3756.086	     2.97015e+06	
      3757.473	     2.97427e+06	
      3757.509	     2.97438e+06	
      3757.548	     2.97449e+06	
      3758.932	     2.97860e+06	
      3760.390	     2.98294e+06	
      3761.656	     2.98669e+06	
      3762.717	     2.98984e+06	
      3763.233	     2.99137e+06	
      3764.809	     2.99604e+06	
      3765.066	     2.99681e+06	
      3766.902	     3.00224e+06	
      3768.545	     3.00711e+06	
      3768.737	     3.00768e+06	
      3768.929	     3.00825e+06	
      3768.971	     3.00837e+06	
      3769.196	     3.00904e+06	
      3769.313	     3.00939e+06	
      3769.655	     3.01040e+06	
      3769.885	     3.01108e+06	
      3770.114	     3.01175e+06	
      3770.228	     3.01209e+06	
      3770.343	     3.01243e+06	
      3770.401	     3.01260e+06	
      3770.458	     3.01276e+06	
      3770.515	     3.01293e+06	
      3770.573	     3.01310e+06	
      3770.630	     3.01326e+06	
      3770.687	     3.01343e+06	
      3770.745	     3.01361e+06	
      3770.802	     3.01378e+06	
      3770.867	     3.01397e+06	
      3770.916	     3.01412e+06	
      3770.967	     3.01427e+06	
      3770.988	     3.01434e+06	
      3771.003	     3.01438e+06	
      3771.067	     3.01457e+06	
      3771.146	     3.01481e+06	
      3771.304	     3.01528e+06	
      3771.604	     3.01616e+06	
      3771.890	     3.01701e+06	
      3771.951	     3.01719e+06	
      3772.206	     3.01795e+06	
      3772.522	     3.01888e+06	
      3773.154	     3.02075e+06	
      3774.357	     3.02431e+06	
      3775.497	     3.02768e+06	
      3776.762	     3.03141e+06	
      3777.127	     3.03249e+06	
      3778.027	     3.03515e+06	
      3778.399	     3.03625e+06	
      3778.927	     3.03781e+06	
      3780.726	     3.04312e+06	
      3781.844	     3.04641e+06	
      3783.053	     3.04998e+06	
      3783.159	     3.05030e+06	
      3784.263	     3.05355e+06	
      3785.367	     3.05680e+06	
      3786.225	     3.05933e+06	
      3787.401	     3.06280e+06	
      3787.574	     3.06330e+06	
      3788.924	     3.06728e+06	
      3790.447	     3.07176e+06	
      3792.841	     3.07879e+06	
      3793.492	     3.08071e+06	
      3794.143	     3.08262e+06	
      3794.897	     3.08483e+06	
      3795.066	     3.08533e+06	
      3795.444	     3.08644e+06	
      3795.991	     3.08804e+06	
      3796.454	     3.08940e+06	
      3796.916	     3.09076e+06	
      3797.147	     3.09143e+06	
      3797.378	     3.09211e+06	
      3797.494	     3.09244e+06	
      3797.609	     3.09278e+06	
      3797.666	     3.09294e+06	
      3797.724	     3.09311e+06	
      3797.782	     3.09327e+06	
      3797.840	     3.09344e+06	
      3797.898	     3.09360e+06	
      3797.956	     3.09377e+06	
      3798.014	     3.09395e+06	
      3798.072	     3.09413e+06	
      3798.187	     3.09447e+06	
      3798.367	     3.09501e+06	
      3798.416	     3.09515e+06	
      3798.467	     3.09530e+06	
      3798.567	     3.09560e+06	
      3798.655	     3.09586e+06	
      3798.753	     3.09615e+06	
      3798.767	     3.09619e+06	
      3798.837	     3.09639e+06	
      3798.879	     3.09652e+06	
      3798.921	     3.09664e+06	
      3799.046	     3.09701e+06	
      3799.089	     3.09713e+06	
      3799.425	     3.09812e+06	
      3799.471	     3.09825e+06	
      3799.804	     3.09923e+06	
      3800.562	     3.10145e+06	
      3801.653	     3.10465e+06	
      3802.319	     3.10660e+06	
      3803.834	     3.11104e+06	
      3805.349	     3.11548e+06	
      3807.837	     3.12276e+06	
      3808.378	     3.12434e+06	
      3808.919	     3.12592e+06	
      3810.000	     3.12908e+06	
      3811.586	     3.13371e+06	
      3812.164	     3.13540e+06	
      3812.742	     3.13709e+06	
      3813.897	     3.14046e+06	
      3815.777	     3.14596e+06	
      3816.093	     3.14687e+06	
      3816.209	     3.14722e+06	
      3816.641	     3.14847e+06	
      3817.439	     3.15086e+06	
      3817.504	     3.15105e+06	
      3818.916	     3.15529e+06	
      3820.393	     3.15978e+06	
      3822.566	     3.16638e+06	
      3823.346	     3.16877e+06	
      3823.512	     3.16927e+06	
      3824.126	     3.17112e+06	
      3825.685	     3.17587e+06	
      3826.804	     3.17926e+06	
      3827.859	     3.18246e+06	
      3828.914	     3.18567e+06	
      3830.454	     3.19035e+06	
      3831.023	     3.19208e+06	
      3831.592	     3.19377e+06	
      3832.001	     3.19503e+06	
      3832.525	     3.19660e+06	
      3832.730	     3.19723e+06	
      3833.458	     3.19943e+06	
      3833.925	     3.20084e+06	
      3834.392	     3.20226e+06	
      3834.626	     3.20295e+06	
      3834.859	     3.20367e+06	
      3834.975	     3.20402e+06	
      3835.092	     3.20436e+06	
      3835.151	     3.20452e+06	
      3835.209	     3.20468e+06	
      3835.267	     3.20486e+06	
      3835.326	     3.20502e+06	
      3835.384	     3.20518e+06	
      3835.442	     3.20537e+06	
      3835.501	     3.20556e+06	
      3835.559	     3.20574e+06	
      3835.626	     3.20596e+06	
      3835.675	     3.20612e+06	
      3835.726	     3.20628e+06	
      3835.743	     3.20634e+06	
      3835.774	     3.20644e+06	
      3835.826	     3.20659e+06	
      3835.909	     3.20684e+06	
      3836.075	     3.20735e+06	
      3836.376	     3.20826e+06	
      3836.646	     3.20907e+06	
      3836.977	     3.21008e+06	
      3837.029	     3.21024e+06	
      3837.308	     3.21108e+06	
      3837.970	     3.21310e+06	
      3838.647	     3.21514e+06	
      3838.911	     3.21595e+06	
      3839.175	     3.21674e+06	
      3839.703	     3.21834e+06	
      3840.758	     3.22151e+06	
      3842.753	     3.22755e+06	
      3842.831	     3.22777e+06	
      3842.870	     3.22789e+06	
      3842.909	     3.22802e+06	
      3843.065	     3.22849e+06	
      3843.377	     3.22943e+06	
      3844.001	     3.23129e+06	
      3844.588	     3.23308e+06	
      3845.248	     3.23506e+06	
      3845.547	     3.23597e+06	
      3845.908	     3.23707e+06	
      3847.228	     3.24102e+06	
      3847.442	     3.24168e+06	
      3848.908	     3.24608e+06	
      3850.375	     3.25051e+06	
      3851.976	     3.25532e+06	
      3853.308	     3.25931e+06	
      3854.640	     3.26333e+06	
      3855.701	     3.26650e+06	
      3857.303	     3.27131e+06	
      3858.906	     3.27612e+06	
      3862.006	     3.28541e+06	
      3862.111	     3.28573e+06	
      3862.216	     3.28604e+06	
      3862.426	     3.28667e+06	
      3862.846	     3.28793e+06	
      3863.685	     3.29044e+06	
      3865.170	     3.29487e+06	
      3865.365	     3.29547e+06	
      3865.560	     3.29603e+06	
      3865.950	     3.29720e+06	
      3866.730	     3.29952e+06	
      3867.675	     3.30235e+06	
      3868.289	     3.30420e+06	
      3868.903	     3.30602e+06	
      3870.131	     3.30970e+06	
      3871.324	     3.31328e+06	
      3872.586	     3.31708e+06	
      3873.848	     3.32085e+06	
      3876.324	     3.32827e+06	
      3876.368	     3.32839e+06	
      3876.371	     3.32839e+06	
      3876.374	     3.32842e+06	
      3876.424	     3.32855e+06	
      3876.524	     3.32886e+06	
      3876.724	     3.32946e+06	
      3876.947	     3.33012e+06	
      3877.124	     3.33065e+06	
      3877.924	     3.33304e+06	
      3878.900	     3.33596e+06	
      3880.290	     3.34011e+06	
      3880.854	     3.34181e+06	
      3881.418	     3.34347e+06	
      3882.546	     3.34683e+06	
      3884.398	     3.35236e+06	
      3884.801	     3.35356e+06	
      3884.923	     3.35390e+06	
      3885.204	     3.35475e+06	
      3886.010	     3.35714e+06	
      3886.151	     3.35755e+06	
      3887.096	     3.36037e+06	
      3887.568	     3.36176e+06	
      3888.042	     3.36314e+06	
      3888.280	     3.36386e+06	
      3888.516	     3.36452e+06	
      3888.633	     3.36487e+06	
      3888.752	     3.36521e+06	
      3888.844	     3.36546e+06	
      3888.866	     3.36549e+06	
      3888.871	     3.36553e+06	
      3888.898	     3.36559e+06	
      3888.930	     3.36565e+06	
      3888.989	     3.36581e+06	
      3889.048	     3.36597e+06	
      3889.107	     3.36615e+06	
      3889.166	     3.36637e+06	
      3889.225	     3.36656e+06	
      3889.294	     3.36681e+06	
      3889.343	     3.36697e+06	
      3889.394	     3.36713e+06	
      3889.408	     3.36716e+06	
      3889.450	     3.36728e+06	
      3889.494	     3.36744e+06	
      3889.580	     3.36769e+06	
      3889.752	     3.36823e+06	
      3890.054	     3.36914e+06	
      3890.315	     3.36992e+06	
      3890.474	     3.37039e+06	
      3890.657	     3.37093e+06	
      3890.999	     3.37197e+06	
      3891.683	     3.37401e+06	
      3892.892	     3.37759e+06	
      3893.942	     3.38073e+06	
      3894.458	     3.38224e+06	
      3895.309	     3.38478e+06	
      3896.219	     3.38749e+06	
      3896.677	     3.38884e+06	
      3898.895	     3.39540e+06	
      3899.603	     3.39748e+06	
      3901.572	     3.40332e+06	
      3903.894	     3.41017e+06	
      3904.248	     3.41120e+06	
      3908.893	     3.42487e+06	
      3913.891	     3.43957e+06	
      3918.890	     3.45537e+06	
      3923.889	     3.47130e+06	
      3928.216	     3.48506e+06	
      3928.353	     3.48550e+06	
      3928.887	     3.48720e+06	
      3929.559	     3.48934e+06	
      3930.903	     3.49358e+06	
      3933.453	     3.50165e+06	
      3935.810	     3.50910e+06	
      3937.347	     3.51397e+06	
      3938.885	     3.51880e+06	
      3940.036	     3.52245e+06	
      3941.960	     3.52848e+06	
      3943.883	     3.53454e+06	
      3946.579	     3.54299e+06	
      3947.730	     3.54661e+06	
      3948.882	     3.55022e+06	
      3950.653	     3.55575e+06	
      3951.015	     3.55688e+06	
      3951.186	     3.55741e+06	
      3951.718	     3.55908e+06	
      3952.784	     3.56241e+06	
      3954.554	     3.56791e+06	
      3957.306	     3.57648e+06	
      3958.093	     3.57890e+06	
      3958.624	     3.58057e+06	
      3958.880	     3.58135e+06	
      3960.453	     3.58622e+06	
      3962.283	     3.59191e+06	
      3965.737	     3.60256e+06	
      3965.942	     3.60319e+06	
      3966.147	     3.60382e+06	
      3966.557	     3.60507e+06	
      3966.675	     3.60542e+06	
      3967.279	     3.60727e+06	
      3967.376	     3.60759e+06	
      3968.078	     3.60972e+06	
      3968.709	     3.61164e+06	
      3968.877	     3.61214e+06	
      3969.045	     3.61264e+06	
      3969.234	     3.61321e+06	
      3969.287	     3.61337e+06	
      3969.381	     3.61365e+06	
      3969.528	     3.61406e+06	
      3969.648	     3.61440e+06	
      3969.769	     3.61475e+06	
      3969.830	     3.61490e+06	
      3969.890	     3.61503e+06	
      3969.950	     3.61516e+06	
      3970.011	     3.61528e+06	
      3970.071	     3.61544e+06	
      3970.131	     3.61566e+06	
      3970.192	     3.61591e+06	
      3970.252	     3.61616e+06	
      3970.323	     3.61641e+06	
      3970.372	     3.61660e+06	
      3970.423	     3.61679e+06	
      3970.432	     3.61682e+06	
      3970.495	     3.61701e+06	
      3970.523	     3.61710e+06	
      3970.613	     3.61742e+06	
      3970.795	     3.61802e+06	
      3971.096	     3.61899e+06	
      3971.333	     3.61974e+06	
      3971.591	     3.62056e+06	
      3971.698	     3.62087e+06	
      3972.063	     3.62204e+06	
      3972.793	     3.62430e+06	
      3973.995	     3.62804e+06	
      3974.936	     3.63096e+06	
      3976.398	     3.63548e+06	
      3976.845	     3.63686e+06	
      3977.860	     3.63997e+06	
      3978.874	     3.64312e+06	
      3979.577	     3.64528e+06	
      3980.904	     3.64934e+06	
      3982.230	     3.65342e+06	
      3984.180	     3.65939e+06	
      3984.884	     3.66156e+06	
      3985.119	     3.66228e+06	
      3985.588	     3.66369e+06	
      3986.995	     3.66800e+06	
      3988.872	     3.67372e+06	
      3991.379	     3.68135e+06	
      3992.625	     3.68515e+06	
      3993.854	     3.68886e+06	
      3993.870	     3.68892e+06	
      3996.362	     3.69646e+06	
      3998.869	     3.70403e+06	
      4003.868	     3.71911e+06	
      4008.866	     3.73410e+06	
      4013.865	     3.74924e+06	
      4018.864	     3.76466e+06	
      4023.863	     3.78003e+06	
      4025.341	     3.78455e+06	
      4028.861	     3.79530e+06	
      4032.381	     3.80601e+06	
      4032.946	     3.80770e+06	
      4033.860	     3.81047e+06	
      4035.902	     3.81666e+06	
      4038.859	     3.82561e+06	
      4043.857	     3.84063e+06	
      4048.856	     3.85558e+06	
      4053.855	     3.87044e+06	
      4058.853	     3.88524e+06	
      4063.852	     3.89994e+06	
      4068.851	     3.91452e+06	
      4073.849	     3.92900e+06	
      4075.421	     3.93356e+06	
      4078.848	     3.94339e+06	
      4082.275	     3.95319e+06	
      4082.559	     3.95401e+06	
      4084.004	     3.95809e+06	
      4085.702	     3.96293e+06	
      4088.845	     3.97179e+06	
      4089.695	     3.97418e+06	
      4093.687	     3.98533e+06	
      4096.515	     3.99318e+06	
      4097.679	     3.99639e+06	
      4098.010	     3.99730e+06	
      4098.678	     3.99912e+06	
      4098.843	     3.99956e+06	
      4099.676	     4.00182e+06	
      4100.174	     4.00314e+06	
      4100.673	     4.00446e+06	
      4100.922	     4.00509e+06	
      4101.172	     4.00572e+06	
      4101.297	     4.00600e+06	
      4101.422	     4.00625e+06	
      4101.485	     4.00635e+06	
      4101.547	     4.00641e+06	
      4101.609	     4.00644e+06	
      4101.672	     4.00647e+06	
      4101.734	     4.00657e+06	
      4101.797	     4.00682e+06	
      4101.859	     4.00716e+06	
      4101.922	     4.00748e+06	
      4102.047	     4.00801e+06	
      4102.296	     4.00889e+06	
      4102.745	     4.01031e+06	
      4102.794	     4.01046e+06	
      4102.845	     4.01062e+06	
      4102.945	     4.01090e+06	
      4103.145	     4.01150e+06	
      4103.296	     4.01197e+06	
      4103.545	     4.01269e+06	
      4103.794	     4.01345e+06	
      4104.291	     4.01489e+06	
      4104.785	     4.01634e+06	
      4105.287	     4.01781e+06	
      4105.789	     4.01926e+06	
      4106.793	     4.02215e+06	
      4108.680	     4.02758e+06	
      4108.760	     4.02780e+06	
      4108.800	     4.02793e+06	
      4108.840	     4.02806e+06	
      4108.859	     4.02809e+06	
      4109.000	     4.02853e+06	
      4109.320	     4.02950e+06	
      4109.781	     4.03091e+06	
      4110.703	     4.03374e+06	
      4111.319	     4.03560e+06	
      4112.546	     4.03933e+06	
      4113.774	     4.04307e+06	
      4114.693	     4.04584e+06	
      4116.229	     4.05049e+06	
      4116.694	     4.05187e+06	
      4117.766	     4.05510e+06	
      4118.126	     4.05617e+06	
      4118.838	     4.05831e+06	
      4120.981	     4.06472e+06	
      4123.836	     4.07323e+06	
      4126.144	     4.08005e+06	
      4128.835	     4.08800e+06	
      4129.605	     4.09026e+06	
      4131.526	     4.09588e+06	
      4133.834	     4.10264e+06	
      4134.219	     4.10374e+06	
      4138.832	     4.11715e+06	
      4143.831	     4.13154e+06	
      4148.830	     4.14583e+06	
      4153.828	     4.16000e+06	
      4158.827	     4.17408e+06	
      4163.826	     4.18806e+06	
      4168.824	     4.20191e+06	
      4173.823	     4.21567e+06	
      4178.822	     4.22931e+06	
      4183.820	     4.24285e+06	
      4188.819	     4.25629e+06	
      4193.818	     4.26964e+06	
      4198.817	     4.28290e+06	
      4203.815	     4.29603e+06	
      4208.814	     4.30926e+06	
      4213.813	     4.32252e+06	
      4216.525	     4.32968e+06	
      4217.242	     4.33157e+06	
      4218.811	     4.33568e+06	
      4221.098	     4.34168e+06	
      4223.810	     4.34872e+06	
      4224.954	     4.35170e+06	
      4228.809	     4.36166e+06	
      4233.807	     4.37451e+06	
      4238.806	     4.38720e+06	
      4243.805	     4.39980e+06	
      4248.803	     4.41230e+06	
      4253.802	     4.42465e+06	
      4258.801	     4.43690e+06	
      4263.799	     4.44906e+06	
      4268.798	     4.46106e+06	
      4273.797	     4.47294e+06	
      4278.795	     4.48469e+06	
      4283.794	     4.49631e+06	
      4288.793	     4.50775e+06	
      4293.791	     4.51906e+06	
      4298.790	     4.53018e+06	
      4303.789	     4.54105e+06	
      4308.788	     4.55135e+06	
      4313.786	     4.56137e+06	
      4314.073	     4.56194e+06	
      4318.785	     4.57114e+06	
      4320.854	     4.57507e+06	
      4323.497	     4.58000e+06	
      4326.139	     4.58484e+06	
      4326.475	     4.58547e+06	
      4328.782	     4.58958e+06	
      4330.233	     4.59216e+06	
      4331.090	     4.59367e+06	
      4331.149	     4.59376e+06	
      4331.946	     4.59514e+06	
      4333.660	     4.59810e+06	
      4334.060	     4.59879e+06	
      4336.171	     4.60243e+06	
      4337.786	     4.60514e+06	
      4338.220	     4.60586e+06	
      4338.283	     4.60595e+06	
      4338.780	     4.60674e+06	
      4338.812	     4.60680e+06	
      4339.339	     4.60755e+06	
      4339.602	     4.60790e+06	
      4339.867	     4.60818e+06	
      4340.001	     4.60828e+06	
      4340.132	     4.60828e+06	
      4340.197	     4.60821e+06	
      4340.263	     4.60809e+06	
      4340.329	     4.60781e+06	
      4340.395	     4.60755e+06	
      4340.461	     4.60746e+06	
      4340.527	     4.60781e+06	
      4340.593	     4.60834e+06	
      4340.659	     4.60887e+06	
      4340.791	     4.60963e+06	
      4341.005	     4.61044e+06	
      4341.055	     4.61060e+06	
      4341.105	     4.61076e+06	
      4341.205	     4.61107e+06	
      4341.227	     4.61114e+06	
      4341.238	     4.61117e+06	
      4341.405	     4.61167e+06	
      4341.583	     4.61214e+06	
      4341.939	     4.61308e+06	
      4342.640	     4.61484e+06	
      4343.330	     4.61654e+06	
      4343.570	     4.61710e+06	
      4344.041	     4.61824e+06	
      4344.752	     4.61993e+06	
      4346.174	     4.62332e+06	
      4348.578	     4.62901e+06	
      4348.777	     4.62948e+06	
      4348.976	     4.62995e+06	
      4349.374	     4.63086e+06	
      4350.170	     4.63275e+06	
      4350.322	     4.63310e+06	
      4351.761	     4.63646e+06	
      4353.201	     4.63979e+06	
      4354.734	     4.64327e+06	
      4356.077	     4.64632e+06	
      4356.080	     4.64635e+06	
      4357.426	     4.64937e+06	
      4358.774	     4.65238e+06	
      4359.170	     4.65326e+06	
      4361.472	     4.65820e+06	
      4363.773	     4.66319e+06	
      4367.980	     4.67215e+06	
      4368.376	     4.67299e+06	
      4368.524	     4.67331e+06	
      4368.772	     4.67381e+06	
      4369.563	     4.67548e+06	
      4371.147	     4.67877e+06	
      4373.770	     4.68418e+06	
      4378.769	     4.69432e+06	
      4383.768	     4.70425e+06	
      4388.766	     4.71402e+06	
      4393.765	     4.72360e+06	
      4398.764	     4.73309e+06	
      4403.762	     4.74082e+06	
      4408.761	     4.74786e+06	
      4413.760	     4.75480e+06	
      4418.758	     4.76168e+06	
      4423.757	     4.76850e+06	
      4428.756	     4.77525e+06	
      4433.754	     4.78194e+06	
      4438.753	     4.78857e+06	
      4443.752	     4.79517e+06	
      4448.751	     4.80170e+06	
      4453.749	     4.80818e+06	
      4458.748	     4.81462e+06	
      4463.747	     4.82099e+06	
      4468.745	     4.82731e+06	
      4473.744	     4.83359e+06	
      4478.743	     4.83981e+06	
      4483.741	     4.84600e+06	
      4488.740	     4.85213e+06	
      4493.739	     4.85822e+06	
      4498.737	     4.86529e+06	
      4503.736	     4.87481e+06	
      4508.735	     4.88417e+06	
      4513.733	     4.89344e+06	
      4514.118	     4.89413e+06	
      4518.732	     4.90255e+06	
      4523.346	     4.91084e+06	
      4527.190	     4.91769e+06	
      4527.960	     4.91904e+06	
      4528.729	     4.92039e+06	
      4530.269	     4.92310e+06	
      4532.968	     4.92781e+06	
      4533.288	     4.92837e+06	
      4533.348	     4.92847e+06	
      4533.728	     4.92913e+06	
      4534.488	     4.93045e+06	
      4536.007	     4.93305e+06	
      4538.727	     4.93774e+06	
      4543.725	     4.94625e+06	
      4548.724	     4.95461e+06	
      4553.723	     4.96287e+06	
      4558.721	     4.97097e+06	
      4563.720	     4.97898e+06	
      4568.719	     4.98690e+06	
      4573.717	     4.99466e+06	
      4578.716	     5.00233e+06	
      4583.715	     5.00990e+06	
      4588.713	     5.01734e+06	
      4593.712	     5.02466e+06	
      4596.529	     5.02821e+06	
      4596.984	     5.02881e+06	
      4598.711	     5.03098e+06	
      4600.892	     5.03365e+06	
      4603.709	     5.03707e+06	
      4604.800	     5.03839e+06	
      4608.708	     5.04307e+06	
      4613.707	     5.04901e+06	
      4618.705	     5.05489e+06	
      4623.704	     5.06067e+06	
      4628.703	     5.06642e+06	
      4633.701	     5.07207e+06	
      4638.700	     5.07763e+06	
      4643.699	     5.08316e+06	
      4648.697	     5.08859e+06	
      4653.696	     5.09397e+06	
      4658.695	     5.09928e+06	
      4663.694	     5.10452e+06	
      4668.692	     5.10971e+06	
      4673.691	     5.11480e+06	
      4678.690	     5.11982e+06	
      4683.688	     5.12479e+06	
      4688.687	     5.12969e+06	
      4693.686	     5.13437e+06	
      4698.684	     5.13880e+06	
      4703.683	     5.14316e+06	
      4708.682	     5.14747e+06	
      4713.680	     5.15171e+06	
      4715.603	     5.15331e+06	
      4718.679	     5.15589e+06	
      4720.984	     5.15777e+06	
      4721.755	     5.15840e+06	
      4723.678	     5.16000e+06	
      4724.830	     5.16095e+06	
      4728.676	     5.16406e+06	
      4733.675	     5.16801e+06	
      4738.674	     5.17194e+06	
      4743.672	     5.17577e+06	
      4748.671	     5.17954e+06	
      4753.670	     5.18325e+06	
      4758.668	     5.18686e+06	
      4763.667	     5.19038e+06	
      4768.666	     5.19381e+06	
      4773.664	     5.19714e+06	
      4778.663	     5.20034e+06	
      4783.662	     5.20342e+06	
      4788.660	     5.20637e+06	
      4793.659	     5.20904e+06	
      4798.658	     5.21156e+06	
      4803.656	     5.21385e+06	
      4808.655	     5.21586e+06	
      4813.654	     5.21756e+06	
      4818.652	     5.21888e+06	
      4823.651	     5.21972e+06	
      4828.650	     5.21998e+06	
      4833.648	     5.21950e+06	
      4834.972	     5.21925e+06	
      4838.647	     5.21819e+06	
      4839.161	     5.21800e+06	
      4842.322	     5.21661e+06	
      4845.483	     5.21476e+06	
      4845.503	     5.21476e+06	
      4847.054	     5.21372e+06	
      4848.644	     5.21256e+06	
      4851.785	     5.21008e+06	
      4854.393	     5.20791e+06	
      4856.517	     5.20618e+06	
      4858.401	     5.20461e+06	
      4858.642	     5.20443e+06	
      4858.664	     5.20439e+06	
      4858.883	     5.20421e+06	
      4859.364	     5.20373e+06	
      4859.473	     5.20361e+06	
      4860.065	     5.20285e+06	
      4860.361	     5.20232e+06	
      4860.657	     5.20157e+06	
      4860.805	     5.20100e+06	
      4860.953	     5.20018e+06	
      4861.027	     5.19956e+06	
      4861.101	     5.19864e+06	
      4861.175	     5.19736e+06	
      4861.248	     5.19597e+06	
      4861.322	     5.19525e+06	
      4861.396	     5.19607e+06	
      4861.470	     5.19755e+06	
      4861.543	     5.19893e+06	
      4861.641	     5.20015e+06	
      4861.687	     5.20056e+06	
      4861.689	     5.20059e+06	
      4861.691	     5.20062e+06	
      4861.695	     5.20066e+06	
      4861.741	     5.20100e+06	
      4861.841	     5.20160e+06	
      4861.979	     5.20229e+06	
      4861.987	     5.20232e+06	
      4862.279	     5.20342e+06	
      4862.579	     5.20430e+06	
      4862.596	     5.20433e+06	
      4863.178	     5.20578e+06	
      4863.727	     5.20697e+06	
      4863.761	     5.20703e+06	
      4864.927	     5.20939e+06	
      4866.127	     5.21175e+06	
      4868.413	     5.21627e+06	
      4868.526	     5.21649e+06	
      4868.639	     5.21671e+06	
      4868.865	     5.21718e+06	
      4869.317	     5.21806e+06	
      4869.583	     5.21859e+06	
      4870.221	     5.21985e+06	
      4870.858	     5.22114e+06	
      4872.134	     5.22365e+06	
      4874.623	     5.22843e+06	
      4874.685	     5.22855e+06	
      4874.747	     5.22868e+06	
      4874.871	     5.22890e+06	
      4875.119	     5.22937e+06	
      4875.615	     5.23028e+06	
      4876.607	     5.23210e+06	
      4878.452	     5.23540e+06	
      4878.544	     5.23556e+06	
      4878.590	     5.23562e+06	
      4878.636	     5.23572e+06	
      4878.820	     5.23603e+06	
      4879.188	     5.23666e+06	
      4879.526	     5.23722e+06	
      4879.924	     5.23791e+06	
      4880.322	     5.23857e+06	
      4880.941	     5.23958e+06	
      4881.118	     5.23989e+06	
      4882.709	     5.24244e+06	
      4884.478	     5.24514e+06	
      4887.396	     5.24932e+06	
      4888.015	     5.25017e+06	
      4888.634	     5.25098e+06	
      4889.871	     5.25262e+06	
      4891.061	     5.25413e+06	
      4892.347	     5.25570e+06	
      4893.632	     5.25724e+06	
      4893.777	     5.25739e+06	
      4896.204	     5.26016e+06	
      4898.631	     5.26276e+06	
      4903.340	     5.26738e+06	
      4903.485	     5.26754e+06	
      4903.630	     5.26767e+06	
      4903.920	     5.26795e+06	
      4904.499	     5.26848e+06	
      4905.659	     5.26952e+06	
      4907.328	     5.27100e+06	
      4907.977	     5.27156e+06	
      4908.628	     5.27210e+06	
      4909.929	     5.27319e+06	
      4911.434	     5.27442e+06	
      4912.530	     5.27530e+06	
      4913.014	     5.27568e+06	
      4913.627	     5.27615e+06	
      4915.550	     5.27762e+06	
      4915.820	     5.27781e+06	
      4918.240	     5.27960e+06	
      4918.626	     5.27989e+06	
      4921.701	     5.28205e+06	
      4923.624	     5.28334e+06	
      4925.162	     5.28438e+06	
      4928.623	     5.28661e+06	
      4933.622	     5.28969e+06	
      4938.620	     5.29261e+06	
      4943.619	     5.29537e+06	
      4948.618	     5.29804e+06	
      4953.616	     5.30062e+06	
      4958.615	     5.30307e+06	
      4963.614	     5.30546e+06	
      4968.612	     5.30778e+06	
      4973.611	     5.31001e+06	
      4978.610	     5.31221e+06	
      4983.608	     5.31432e+06	
      4988.607	     5.31627e+06	
      4993.606	     5.31818e+06	
      4998.604	     5.32007e+06	
      5003.603	     5.32189e+06	
      5008.602	     5.32365e+06	
      5013.600	     5.32541e+06	
      5018.599	     5.32707e+06	
      5023.598	     5.32874e+06	
      5028.596	     5.33034e+06	
      5033.595	     5.33191e+06	
      5038.594	     5.33345e+06	
      5043.592	     5.33496e+06	
      5048.591	     5.33640e+06	
      5053.590	     5.33782e+06	
      5058.588	     5.33923e+06	
      5063.587	     5.34058e+06	
      5068.586	     5.34190e+06	
      5073.584	     5.34319e+06	
      5078.583	     5.34441e+06	
      5083.582	     5.34551e+06	
      5088.580	     5.34649e+06	
      5093.579	     5.34746e+06	
      5098.578	     5.34837e+06	
      5103.576	     5.34928e+06	
      5108.575	     5.35016e+06	
      5113.574	     5.35101e+06	
      5118.572	     5.35183e+06	
      5123.571	     5.35265e+06	
      5128.570	     5.35340e+06	
      5133.568	     5.35415e+06	
      5138.567	     5.35484e+06	
      5143.566	     5.35554e+06	
      5148.564	     5.35620e+06	
      5153.563	     5.35682e+06	
      5158.562	     5.35745e+06	
      5163.560	     5.35802e+06	
      5168.559	     5.35858e+06	
      5173.558	     5.35912e+06	
      5178.556	     5.35959e+06	
      5183.555	     5.35990e+06	
      5188.554	     5.36019e+06	
      5193.552	     5.36047e+06	
      5198.551	     5.36072e+06	
      5203.550	     5.36094e+06	
      5208.548	     5.36116e+06	
      5213.547	     5.36132e+06	
      5218.546	     5.36147e+06	
      5223.544	     5.36163e+06	
      5228.543	     5.36172e+06	
      5233.542	     5.36182e+06	
      5238.540	     5.36188e+06	
      5243.539	     5.36194e+06	
      5248.537	     5.36198e+06	
      5253.536	     5.36198e+06	
      5258.535	     5.36194e+06	
      5263.533	     5.36191e+06	
      5268.532	     5.36185e+06	
      5273.531	     5.36176e+06	
      5278.529	     5.36223e+06	
      5283.528	     5.36276e+06	
      5288.527	     5.36323e+06	
      5293.525	     5.36370e+06	
      5298.524	     5.36411e+06	
      5303.523	     5.36449e+06	
      5308.521	     5.36483e+06	
      5313.520	     5.36515e+06	
      5318.519	     5.36543e+06	
      5323.517	     5.36568e+06	
      5328.516	     5.36587e+06	
      5333.515	     5.36606e+06	
      5338.513	     5.36622e+06	
      5343.512	     5.36631e+06	
      5348.511	     5.36641e+06	
      5353.509	     5.36644e+06	
      5358.508	     5.36647e+06	
      5363.507	     5.36659e+06	
      5368.505	     5.36653e+06	
      5373.504	     5.36619e+06	
      5378.503	     5.36546e+06	
      5383.501	     5.36474e+06	
      5388.500	     5.36399e+06	
      5393.499	     5.36320e+06	
      5398.497	     5.36242e+06	
      5403.496	     5.36160e+06	
      5408.495	     5.36075e+06	
      5413.493	     5.35990e+06	
      5418.492	     5.35905e+06	
      5423.491	     5.35814e+06	
      5428.489	     5.35723e+06	
      5433.488	     5.35632e+06	
      5438.487	     5.35538e+06	
      5443.485	     5.35440e+06	
      5448.484	     5.35343e+06	
      5453.483	     5.35243e+06	
      5458.481	     5.35142e+06	
      5463.480	     5.35038e+06	
      5468.479	     5.34935e+06	
      5473.477	     5.34869e+06	
      5478.476	     5.34800e+06	
      5483.475	     5.34727e+06	
      5488.473	     5.34655e+06	
      5493.472	     5.34580e+06	
      5498.471	     5.34504e+06	
      5503.469	     5.34423e+06	
      5508.468	     5.34341e+06	
      5513.466	     5.34259e+06	
      5518.465	     5.34174e+06	
      5523.464	     5.34086e+06	
      5528.462	     5.33995e+06	
      5533.461	     5.33904e+06	
      5538.460	     5.33810e+06	
      5543.458	     5.33716e+06	
      5548.457	     5.33618e+06	
      5553.456	     5.33518e+06	
      5558.454	     5.33417e+06	
      5563.453	     5.33314e+06	
      5568.452	     5.33207e+06	
      5573.450	     5.33097e+06	
      5578.449	     5.32987e+06	
      5583.448	     5.32874e+06	
      5588.446	     5.32761e+06	
      5593.445	     5.32644e+06	
      5598.444	     5.32525e+06	
      5603.442	     5.32406e+06	
      5608.441	     5.32283e+06	
      5613.440	     5.32161e+06	
      5618.438	     5.32035e+06	
      5623.437	     5.31906e+06	
      5628.436	     5.31777e+06	
      5633.434	     5.31645e+06	
      5638.433	     5.31513e+06	
      5643.432	     5.31378e+06	
      5648.430	     5.31243e+06	
      5653.429	     5.31105e+06	
      5658.428	     5.30964e+06	
      5663.426	     5.30822e+06	
      5668.425	     5.30687e+06	
      5673.424	     5.30543e+06	
      5673.979	     5.30527e+06	
      5678.422	     5.30395e+06	
      5682.865	     5.30263e+06	
      5686.198	     5.30163e+06	
      5687.309	     5.30128e+06	
      5687.864	     5.30112e+06	
      5688.420	     5.30093e+06	
      5690.641	     5.30028e+06	
      5693.418	     5.29943e+06	
      5698.417	     5.29789e+06	
      5703.415	     5.29632e+06	
      5704.770	     5.29591e+06	
      5708.414	     5.29475e+06	
      5708.882	     5.29459e+06	
      5712.058	     5.29358e+06	
      5713.413	     5.29318e+06	
      5715.234	     5.29258e+06	
      5718.411	     5.29154e+06	
      5723.410	     5.28994e+06	
      5728.409	     5.28831e+06	
      5733.407	     5.28664e+06	
      5738.406	     5.28498e+06	
      5743.405	     5.28328e+06	
      5748.403	     5.28158e+06	
      5753.402	     5.27985e+06	
      5758.401	     5.27813e+06	
      5763.399	     5.27558e+06	
      5768.398	     5.27382e+06	
      5773.397	     5.27203e+06	
      5778.395	     5.27024e+06	
      5783.394	     5.26842e+06	
      5788.393	     5.26660e+06	
      5793.391	     5.26474e+06	
      5798.390	     5.26286e+06	
      5803.389	     5.26101e+06	
      5808.387	     5.25912e+06	
      5813.386	     5.25720e+06	
      5818.385	     5.25529e+06	
      5823.383	     5.25334e+06	
      5828.382	     5.25139e+06	
      5833.381	     5.24944e+06	
      5838.379	     5.24747e+06	
      5843.378	     5.24545e+06	
      5848.377	     5.24348e+06	
      5853.375	     5.24143e+06	
      5858.374	     5.23942e+06	
      5863.372	     5.23738e+06	
      5868.371	     5.23534e+06	
      5873.370	     5.23327e+06	
      5878.368	     5.23119e+06	
      5883.367	     5.22909e+06	
      5888.366	     5.22698e+06	
      5893.364	     5.22488e+06	
      5898.363	     5.22274e+06	
      5903.362	     5.22057e+06	
      5908.360	     5.21844e+06	
      5913.359	     5.21624e+06	
      5918.358	     5.21407e+06	
      5923.356	     5.21187e+06	
      5928.355	     5.20964e+06	
      5933.354	     5.20744e+06	
      5938.352	     5.20518e+06	
      5943.351	     5.20295e+06	
      5948.350	     5.20069e+06	
      5953.348	     5.19839e+06	
      5958.347	     5.19610e+06	
      5963.346	     5.19378e+06	
      5968.344	     5.19145e+06	
      5973.343	     5.18909e+06	
      5978.342	     5.18674e+06	
      5983.340	     5.18438e+06	
      5988.339	     5.18199e+06	
      5993.338	     5.17961e+06	
      5998.336	     5.17722e+06	
      6003.335	     5.17480e+06	
      6008.333	     5.17238e+06	
      6013.332	     5.16993e+06	
      6018.331	     5.16748e+06	
      6023.329	     5.16503e+06	
      6028.328	     5.16255e+06	
      6033.327	     5.16007e+06	
      6038.325	     5.15755e+06	
      6043.324	     5.15504e+06	
      6048.323	     5.15253e+06	
      6053.321	     5.15001e+06	
      6058.320	     5.14747e+06	
      6063.319	     5.14489e+06	
      6068.317	     5.14235e+06	
      6073.316	     5.13977e+06	
      6078.315	     5.13716e+06	
      6083.313	     5.13459e+06	
      6088.312	     5.13195e+06	
      6093.311	     5.12934e+06	
      6098.309	     5.12670e+06	
      6103.308	     5.12406e+06	
      6108.307	     5.12139e+06	
      6113.305	     5.11875e+06	
      6118.304	     5.11605e+06	
      6123.303	     5.11338e+06	
      6128.301	     5.11068e+06	
      6133.300	     5.10798e+06	
      6138.298	     5.10525e+06	
      6143.297	     5.10251e+06	
      6148.296	     5.09978e+06	
      6153.294	     5.09701e+06	
      6158.293	     5.09425e+06	
      6163.292	     5.09145e+06	
      6168.290	     5.08866e+06	
      6173.289	     5.08586e+06	
      6178.288	     5.08303e+06	
      6183.286	     5.08021e+06	
      6188.285	     5.07738e+06	
      6193.284	     5.07452e+06	
      6198.282	     5.07166e+06	
      6203.281	     5.06880e+06	
      6208.280	     5.06591e+06	
      6213.278	     5.06302e+06	
      6218.277	     5.06010e+06	
      6223.276	     5.05718e+06	
      6228.274	     5.05426e+06	
      6233.273	     5.05130e+06	
      6238.272	     5.04835e+06	
      6243.270	     5.04540e+06	
      6244.381	     5.04474e+06	
      6248.269	     5.04241e+06	
      6252.157	     5.04006e+06	
      6253.821	     5.03908e+06	
      6256.044	     5.03773e+06	
      6258.266	     5.03638e+06	
      6262.157	     5.03406e+06	
      6262.711	     5.03371e+06	
      6263.265	     5.03337e+06	
      6264.372	     5.03271e+06	
      6264.912	     5.03236e+06	
      6266.588	     5.03135e+06	
      6268.263	     5.03035e+06	
      6269.967	     5.02928e+06	
      6271.615	     5.02828e+06	
      6273.262	     5.02727e+06	
      6274.854	     5.02630e+06	
      6276.557	     5.02526e+06	
      6278.261	     5.02422e+06	
      6280.076	     5.02309e+06	
      6281.668	     5.02212e+06	
      6283.259	     5.02114e+06	
      6284.627	     5.02030e+06	
      6286.443	     5.01917e+06	
      6288.258	     5.01803e+06	
      6290.521	     5.01662e+06	
      6291.889	     5.01577e+06	
      6293.257	     5.01492e+06	
      6293.729	     5.01464e+06	
      6295.992	     5.01320e+06	
      6298.255	     5.01178e+06	
      6302.310	     5.00924e+06	
      6302.782	     5.00896e+06	
      6303.254	     5.00864e+06	
      6303.918	     5.00823e+06	
      6304.198	     5.00804e+06	
      6306.085	     5.00685e+06	
      6308.253	     5.00547e+06	
      6311.924	     5.00314e+06	
      6312.587	     5.00270e+06	
      6313.251	     5.00230e+06	
      6314.579	     5.00145e+06	
      6316.219	     5.00038e+06	
      6317.234	     4.99975e+06	
      6317.314	     4.99969e+06	
      6318.250	     4.99909e+06	
      6320.281	     4.99777e+06	
      6323.249	     4.99585e+06	
      6328.247	     4.99262e+06	
      6333.246	     4.98935e+06	
      6338.245	     4.98605e+06	
      6343.243	     4.98272e+06	
      6348.242	     4.97939e+06	
      6353.241	     4.97603e+06	
      6358.239	     4.97261e+06	
      6363.238	     4.96918e+06	
      6368.236	     4.96573e+06	
      6373.235	     4.96221e+06	
      6378.234	     4.95866e+06	
      6383.232	     4.95508e+06	
      6388.231	     4.95146e+06	
      6393.230	     4.94779e+06	
      6398.228	     4.94405e+06	
      6403.227	     4.94025e+06	
      6408.226	     4.93638e+06	
      6413.224	     4.93246e+06	
      6418.223	     4.92844e+06	
      6423.222	     4.92435e+06	
      6428.220	     4.92014e+06	
      6433.219	     4.91584e+06	
      6438.218	     4.91144e+06	
      6443.216	     4.90688e+06	
      6448.215	     4.90217e+06	
      6453.214	     4.89727e+06	
      6458.212	     4.89221e+06	
      6463.211	     4.88690e+06	
      6468.210	     4.88138e+06	
      6473.208	     4.87553e+06	
      6478.207	     4.86937e+06	
      6483.205	     4.86284e+06	
      6488.204	     4.85587e+06	
      6493.203	     4.84839e+06	
      6498.201	     4.84031e+06	
      6503.200	     4.83155e+06	
      6508.199	     4.82203e+06	
      6513.197	     4.81157e+06	
      6518.196	     4.80007e+06	
      6523.195	     4.78735e+06	
      6523.719	     4.78593e+06	
      6528.193	     4.77327e+06	
      6532.668	     4.75945e+06	
      6536.095	     4.74798e+06	
      6537.143	     4.74434e+06	
      6537.383	     4.74349e+06	
      6538.191	     4.74060e+06	
      6540.286	     4.73297e+06	
      6543.189	     4.72191e+06	
      6546.457	     4.70896e+06	
      6546.724	     4.70787e+06	
      6548.188	     4.70190e+06	
      6549.918	     4.69470e+06	
      6553.113	     4.68126e+06	
      6554.426	     4.67563e+06	
      6556.306	     4.66746e+06	
      6556.871	     4.66495e+06	
      6557.903	     4.66024e+06	
      6558.185	     4.65889e+06	
      6559.500	     4.65223e+06	
      6560.298	     4.64752e+06	
      6561.096	     4.64161e+06	
      6561.496	     4.63768e+06	
      6561.895	     4.63225e+06	
      6562.094	     4.62838e+06	
      6562.294	     4.62289e+06	
      6562.394	     4.61890e+06	
      6562.494	     4.61315e+06	
      6562.594	     4.60689e+06	
      6562.693	     4.60124e+06	
      6562.793	     4.59825e+06	
      6562.892	     4.60108e+06	
      6562.992	     4.60664e+06	
      6563.092	     4.61280e+06	
      6563.291	     4.62229e+06	
      6563.641	     4.63039e+06	
      6563.687	     4.63115e+06	
      6563.689	     4.63118e+06	
      6563.691	     4.63121e+06	
      6563.741	     4.63196e+06	
      6563.841	     4.63332e+06	
      6564.041	     4.63564e+06	
      6564.294	     4.63806e+06	
      6564.392	     4.63888e+06	
      6564.441	     4.63925e+06	
      6564.490	     4.63963e+06	
      6564.685	     4.64101e+06	
      6565.077	     4.64343e+06	
      6565.636	     4.64632e+06	
      6565.861	     4.64736e+06	
      6566.086	     4.64833e+06	
      6566.536	     4.65019e+06	
      6566.689	     4.65081e+06	
      6567.085	     4.65229e+06	
      6567.436	     4.65358e+06	
      6568.183	     4.65615e+06	
      6569.280	     4.65977e+06	
      6570.478	     4.66357e+06	
      6571.476	     4.66665e+06	
      6572.473	     4.66973e+06	
      6573.270	     4.67215e+06	
      6574.469	     4.67573e+06	
      6575.667	     4.67928e+06	
      6577.950	     4.68594e+06	
      6578.065	     4.68625e+06	
      6578.180	     4.68660e+06	
      6578.410	     4.68722e+06	
      6578.870	     4.68854e+06	
      6579.789	     4.69112e+06	
      6580.079	     4.69191e+06	
      6581.629	     4.69615e+06	
      6583.178	     4.70020e+06	
      6584.378	     4.70328e+06	
      6586.278	     4.70793e+06	
      6587.911	     4.71176e+06	
      6588.177	     4.71236e+06	
      6588.443	     4.71295e+06	
      6588.975	     4.71415e+06	
      6590.039	     4.71647e+06	
      6591.023	     4.71855e+06	
      6592.166	     4.72087e+06	
      6593.014	     4.72254e+06	
      6593.309	     4.72310e+06	
      6595.594	     4.72734e+06	
      6598.174	     4.73171e+06	
      6603.335	     4.73928e+06	
      6613.656	     4.75025e+06	
      6634.299	     4.76005e+06	
      6639.690	     4.76077e+06	
      6654.941	     4.76005e+06	
      6675.584	     4.75464e+06	
      6711.477	     4.73862e+06	
      6741.748	     4.72188e+06	
      6783.263	     4.69640e+06	
      6824.779	     4.66935e+06	
      6907.811	     4.61311e+06	
      6990.842	     4.55500e+06	
      7038.601	     4.52100e+06	
      7073.874	     4.49574e+06	
      7109.146	     4.47030e+06	
      7179.691	     4.41950e+06	
      7250.236	     4.36820e+06	
      7320.781	     4.31674e+06	
      7389.137	     4.26691e+06	
      7391.326	     4.26531e+06	
      7393.514	     4.26371e+06	
      7397.891	     4.26050e+06	
      7406.645	     4.25412e+06	
      7424.152	     4.24134e+06	
      7459.167	     4.21573e+06	
      7529.196	     4.16446e+06	
      7599.225	     4.11316e+06	
      7660.626	     4.06814e+06	
      7669.254	     4.06183e+06	
      7677.881	     4.05548e+06	
      7695.137	     4.04298e+06	
      7729.647	     4.01794e+06	
      7798.668	     3.96796e+06	
      7867.690	     3.91804e+06	
      7911.174	     3.88665e+06	
      7936.711	     3.86824e+06	
      7962.248	     3.84990e+06	
      8013.322	     3.81345e+06	
      8046.242	     3.79002e+06	
      8064.396	     3.77714e+06	
      8082.550	     3.76426e+06	
      8118.857	     3.73862e+06	
      8180.092	     3.69558e+06	
      8191.471	     3.68760e+06	
      8200.850	     3.68100e+06	
      8202.850	     3.67962e+06	
      8204.849	     3.67821e+06	
      8208.848	     3.67544e+06	
      8216.846	     3.66985e+06	
      8232.842	     3.65873e+06	
      8264.833	     3.63652e+06	
      8289.715	     3.61927e+06	
      8328.816	     3.59225e+06	
      8343.441	     3.58220e+06	
      8367.916	     3.56536e+06	
      8371.465	     3.56291e+06	
      8388.684	     3.55116e+06	
      8392.391	     3.54865e+06	
      8408.650	     3.53756e+06	
      8413.318	     3.53439e+06	
      8432.024	     3.52166e+06	
      8437.951	     3.51764e+06	
      8467.252	     3.49779e+06	
      8473.978	     3.49323e+06	
      8502.481	     3.47397e+06	
      8516.584	     3.46449e+06	
      8530.983	     3.45478e+06	
      8545.382	     3.44520e+06	
      8549.972	     3.44212e+06	
      8574.180	     3.42600e+06	
      8598.388	     3.40995e+06	
      8628.597	     3.38997e+06	
      8646.805	     3.37797e+06	
      8652.391	     3.37429e+06	
      8665.013	     3.36597e+06	
      8685.587	     3.35246e+06	
      8701.429	     3.34206e+06	
      8750.468	     3.31004e+06	
      8767.917	     3.29870e+06	
      8815.350	     3.26801e+06	
      8862.782	     3.23776e+06	
      8900.383	     3.21391e+06	
      8957.646	     3.17782e+06	
      9014.908	     3.14200e+06	
      9044.624	     3.12353e+06	
      9072.171	     3.10647e+06	
      9099.717	     3.08949e+06	
      9154.810	     3.05602e+06	
      9190.798	     3.03430e+06	
      9209.903	     3.02282e+06	
      9229.009	     3.01136e+06	
      9267.221	     2.98856e+06	
      9303.204	     2.96721e+06	
      9343.644	     2.94335e+06	
      9384.084	     2.91964e+06	
      9464.964	     2.87308e+06	
      9545.723	     2.82719e+06	
      9545.844	     2.82712e+06	
      9545.965	     2.82705e+06	
      9546.207	     2.82691e+06	
      9546.691	     2.82664e+06	
      9546.866	     2.82654e+06	
      9547.658	     2.82610e+06	
      9549.594	     2.82500e+06	
      9553.465	     2.82282e+06	
      9561.207	     2.81846e+06	
      9576.691	     2.80975e+06	
      9607.658	     2.79240e+06	
      9668.451	     2.75859e+06	
      9729.243	     2.72543e+06	
      9790.036	     2.69260e+06	
      9850.828	     2.66010e+06	
      9870.422	     2.64970e+06	
      9911.620	     2.62795e+06	
      9952.819	     2.60634e+06	
     10021.070	     2.57122e+06	
     10035.217	     2.56399e+06	
     10049.364	     2.55677e+06	
     10077.658	     2.54241e+06	
     10134.247	     2.51389e+06	
     10144.484	     2.50877e+06	
     10190.835	     2.48566e+06	
     10237.187	     2.46274e+06	
     10329.890	     2.41850e+06	
     10422.592	     2.37497e+06	
     10515.295	     2.33213e+06	
     10607.998	     2.29001e+06	
     10700.701	     2.24860e+06	
     10793.403	     2.20789e+06	
     10834.127	     2.19022e+06	
     10886.106	     2.16787e+06	
     10938.085	     2.14571e+06	
     10990.064	     2.12384e+06	
     11042.043	     2.10217e+06	
     11094.022	     2.08071e+06	
     11146.000	     2.05946e+06	
     11197.979	     2.03843e+06	
     11239.008	     2.02197e+06	
     11249.958	     2.01760e+06	
     11260.908	     2.01324e+06	
     11282.808	     2.00488e+06	
     11326.608	     1.98826e+06	
     11414.209	     1.95541e+06	
     11501.809	     1.92309e+06	
     11589.411	     1.89129e+06	
     11677.011	     1.86001e+06	
     11764.612	     1.82924e+06	
     11852.212	     1.79898e+06	
     11939.813	     1.76923e+06	
     12027.413	     1.73996e+06	
     12115.014	     1.71121e+06	
     12120.600	     1.70939e+06	
     12202.614	     1.68294e+06	
     12284.629	     1.65691e+06	
     12366.644	     1.63246e+06	
     12448.658	     1.60836e+06	
     12530.673	     1.58461e+06	
     12612.688	     1.56120e+06	
     12694.701	     1.53810e+06	
     12735.367	     1.52677e+06	
     12776.716	     1.51532e+06	
     12818.066	     1.50393e+06	
     12900.764	     1.48171e+06	
     12983.464	     1.45979e+06	
     13066.162	     1.43816e+06	
     13148.861	     1.41684e+06	
     13154.771	     1.41533e+06	
     13231.560	     1.39585e+06	
     13308.350	     1.37665e+06	
     13385.140	     1.35881e+06	
     13461.929	     1.34120e+06	
     13538.719	     1.32381e+06	
     13615.509	     1.30665e+06	
     13692.299	     1.28971e+06	
     13769.088	     1.27299e+06	
     13845.878	     1.25649e+06	
     13922.668	     1.24021e+06	
     13999.458	     1.22414e+06	
     14076.247	     1.20828e+06	
     14153.038	     1.19264e+06	
     14229.828	     1.17721e+06	
     14281.164	     1.16702e+06	
     14306.618	     1.16199e+06	
     14332.071	     1.15700e+06	
     14382.978	     1.14742e+06	
     14410.128	     1.14235e+06	
     14427.096	     1.13919e+06	
     14433.884	     1.13793e+06	
     14457.640	     1.13353e+06	
     14505.152	     1.12485e+06	
     14581.211	     1.11110e+06	
     14583.210	     1.11074e+06	
     14585.210	     1.11038e+06	
     14589.208	     1.10969e+06	
     14597.206	     1.10830e+06	
     14613.202	     1.10553e+06	
     14645.193	     1.10002e+06	
     14709.176	     1.08906e+06	
     14773.158	     1.07820e+06	
     14837.141	     1.06744e+06	
     14901.123	     1.05678e+06	
     14965.106	     1.04623e+06	
     15029.088	     1.03576e+06	
     15093.071	     1.02541e+06	
     15157.054	     1.01515e+06	
     15221.036	     1.00498e+06	
     15285.019	     9.94917e+05	
     15349.001	     9.84952e+05	
     15412.984	     9.75088e+05	
     15471.572	     9.66140e+05	
     15476.966	     9.65320e+05	
     15482.361	     9.64500e+05	
     15493.150	     9.62829e+05	
     15514.728	     9.59493e+05	
     15557.884	     9.52851e+05	
     15644.197	     9.39707e+05	
     15730.509	     9.26745e+05	
     15816.821	     9.13968e+05	
     15903.134	     9.01370e+05	
     15989.446	     8.88945e+05	
     16075.759	     8.76699e+05	
     16162.071	     8.64629e+05	
     16248.384	     8.52735e+05	
     16289.880	     8.47077e+05	
     16334.696	     8.41014e+05	
     16379.512	     8.34994e+05	
     16469.143	     8.20857e+05	
     16558.775	     8.07012e+05	
     16648.406	     7.93450e+05	
     16738.038	     7.80161e+05	
     16827.669	     7.67146e+05	
     16917.301	     7.54391e+05	
     17006.933	     7.41893e+05	
     17096.564	     7.29647e+05	
     17186.196	     7.17647e+05	
     17275.827	     7.05884e+05	
     17327.685	     6.99187e+05	
     17365.459	     6.94358e+05	
     17403.232	     6.89567e+05	
     17478.780	     6.80101e+05	
     17554.327	     6.70793e+05	
     17629.874	     6.61638e+05	
     17705.422	     6.52638e+05	
     17780.969	     6.43785e+05	
     17856.517	     6.35079e+05	
     17932.064	     6.26515e+05	
     18007.611	     6.17785e+05	
     18083.159	     6.09450e+05	
     18158.706	     6.01238e+05	
     18234.253	     5.93139e+05	
     18309.801	     5.85147e+05	
     18343.743	     5.81584e+05	
     18385.348	     5.77243e+05	
     18426.953	     5.72923e+05	
     18510.162	     5.64343e+05	
     18593.371	     5.55823e+05	
     18602.053	     5.54937e+05	
     18676.581	     5.47385e+05	
     18751.108	     5.40030e+05	
     18825.636	     5.33424e+05	
     18900.163	     5.26980e+05	
     18974.691	     5.20578e+05	
     19049.219	     5.14191e+05	
     19123.746	     5.07838e+05	
     19198.274	     5.01536e+05	
     19272.802	     4.95297e+05	
     19347.329	     4.89130e+05	
     19393.041	     4.85385e+05	
     19421.857	     4.83039e+05	
     19450.673	     4.80708e+05	
     19508.305	     4.76080e+05	
     19565.938	     4.71669e+05	
     19623.570	     4.67120e+05	
     19681.202	     4.62628e+05	
     19738.834	     4.58189e+05	
     19796.467	     4.53800e+05	
     19854.099	     4.49461e+05	
     19911.731	     4.45176e+05	
     19969.363	     4.40941e+05	
     20026.996	     4.36754e+05	
     20084.628	     4.32616e+05	
     20142.260	     4.28526e+05	
     20199.892	     4.24483e+05	
     20257.525	     4.20490e+05	
     20315.157	     4.16537e+05	
     20372.789	     4.12636e+05	
     20386.449	     4.11715e+05	
     20430.421	     4.08775e+05	
     20474.393	     4.05859e+05	
     20562.337	     4.00110e+05	
     20650.280	     3.94455e+05	
     20738.224	     3.88904e+05	
     20826.167	     3.83444e+05	
     20914.111	     3.78081e+05	
     21002.055	     3.72807e+05	
     21089.998	     3.67626e+05	
     21177.942	     3.62530e+05	
     21265.885	     3.57523e+05	
     21353.829	     3.52600e+05	
     21441.773	     3.47762e+05	
     21529.716	     3.43002e+05	
     21604.704	     3.39009e+05	
     21617.660	     3.38324e+05	
     21630.617	     3.37643e+05	
     21656.529	     3.36282e+05	
     21708.356	     3.33584e+05	
     21760.182	     3.30910e+05	
     21812.008	     3.28265e+05	
     21863.835	     3.25645e+05	
     21915.661	     3.23050e+05	
     21967.487	     3.20480e+05	
     22019.313	     3.17935e+05	
     22071.139	     3.15419e+05	
     22122.966	     3.12923e+05	
     22174.792	     3.10453e+05	
     22226.619	     3.08006e+05	
     22278.445	     3.05584e+05	
     22330.271	     3.03185e+05	
     22382.097	     3.00809e+05	
     22433.923	     2.98455e+05	
     22485.750	     2.96125e+05	
     22537.576	     2.93817e+05	
     22589.403	     2.91531e+05	
     22641.228	     2.89267e+05	
     22693.054	     2.87024e+05	
     22702.925	     2.86599e+05	
     22744.881	     2.84803e+05	
     22784.838	     2.83105e+05	
     22786.838	     2.83020e+05	
     22788.837	     2.82936e+05	
     22792.836	     2.82767e+05	
     22800.834	     2.82429e+05	
     22816.829	     2.81755e+05	
     22848.821	     2.80413e+05	
     22912.803	     2.77753e+05	
     22976.786	     2.75123e+05	
     23040.768	     2.72524e+05	
     23104.751	     2.69956e+05	
     23168.733	     2.67417e+05	
     23232.716	     2.64908e+05	
     23296.698	     2.62427e+05	
     23360.681	     2.59975e+05	
     23424.663	     2.57552e+05	
     23488.646	     2.55156e+05	
     23552.628	     2.52787e+05	
     23616.611	     2.50446e+05	
     23680.593	     2.48131e+05	
     23744.576	     2.45843e+05	
     23808.558	     2.43581e+05	
     23872.541	     2.41344e+05	
     23936.523	     2.39132e+05	
     24000.506	     2.36946e+05	
     24064.488	     2.34784e+05	
     24128.471	     2.32647e+05	
     24192.453	     2.30533e+05	
     24256.436	     2.28443e+05	
     24320.419	     2.26377e+05	
     24384.401	     2.24333e+05	
     24448.384	     2.22313e+05	
     24512.366	     2.20314e+05	
     24576.349	     2.18338e+05	
     24640.331	     2.16384e+05	
     24704.314	     2.14451e+05	
     24768.296	     2.12539e+05	
     24832.279	     2.10649e+05	
     24896.261	     2.08780e+05	
     24960.244	     2.06930e+05	
     25004.437	     2.05665e+05	
     25024.226	     2.05101e+05	
     25044.016	     2.04540e+05	
     25083.595	     2.03423e+05	
     25162.753	     2.01211e+05	
     25241.912	     1.99029e+05	
     25321.070	     1.96876e+05	
     25400.228	     1.94752e+05	
     25479.387	     1.92656e+05	
     25558.545	     1.90588e+05	
     25637.703	     1.88547e+05	
     25716.862	     1.86533e+05	
     25796.020	     1.84546e+05	
     25875.179	     1.82585e+05	
     25954.337	     1.80649e+05	
     26033.495	     1.78739e+05	
     26112.654	     1.76854e+05	
     26191.812	     1.74993e+05	
     26270.970	     1.73157e+05	
     26350.129	     1.71344e+05	
     26429.287	     1.69555e+05	
     26508.445	     1.67789e+05	
     26587.604	     1.66045e+05	
     26666.762	     1.64324e+05	
     26745.921	     1.62625e+05	
     26825.079	     1.60947e+05	
     26904.237	     1.59291e+05	
     26983.396	     1.57656e+05	
     27062.554	     1.56042e+05	
     27141.712	     1.54448e+05	
     27142.547	     1.54431e+05	
     27220.871	     1.52874e+05	
     27299.194	     1.51336e+05	
     27377.518	     1.49818e+05	
     27455.842	     1.48319e+05	
     27534.165	     1.46838e+05	
     27612.489	     1.45376e+05	
     27690.812	     1.43931e+05	
     27769.136	     1.42505e+05	
     27847.459	     1.41096e+05	
     27925.783	     1.39703e+05	
     28004.107	     1.38328e+05	
     28082.430	     1.36970e+05	
     28160.754	     1.35629e+05	
     28239.077	     1.34303e+05	
     28317.401	     1.32993e+05	
     28395.725	     1.31700e+05	
     28474.048	     1.30421e+05	
     28552.372	     1.29159e+05	
     28630.695	     1.27911e+05	
     28709.019	     1.26678e+05	
     28787.343	     1.25460e+05	
     28865.666	     1.24256e+05	
     28943.990	     1.23067e+05	
     29022.313	     1.21891e+05	
     29100.637	     1.20730e+05	
     29178.961	     1.19582e+05	
     29257.284	     1.18448e+05	
     29335.608	     1.17327e+05	
     29413.931	     1.16219e+05	
     29492.255	     1.15124e+05	
     29570.578	     1.14042e+05	
     29648.902	     1.12972e+05	
     29727.226	     1.11915e+05	
     29805.549	     1.10870e+05	
     29883.873	     1.09837e+05	
     29932.600	     1.09201e+05	
     29962.196	     1.08816e+05	
     29991.792	     1.08434e+05	
#time:0.038177
