# Koester WD models
# teff = 5250 K (value for the effective temperature for the model. Temperatures are given in K)
# logg = 8.25 log(cm/s2) (value for Log(G) for the model.)
#
#   WAVELENGTH	#           FLUX	
#   (ANGSTROM)	#  (ERG/CM2/S/A)	
##############	################	
       899.230	     7.47954e-04	
       900.630	     7.85637e-04	
       902.031	     8.25086e-04	
       902.627	     8.42446e-04	
       903.431	     8.66373e-04	
       904.235	     8.90931e-04	
       905.843	     9.42003e-04	
       907.451	     9.95791e-04	
       908.875	     1.04585e-03	
       909.059	     1.05243e-03	
       909.180	     1.05683e-03	
       909.241	     1.05904e-03	
       909.606	     1.07239e-03	
       909.733	     1.07708e-03	
       910.032	     1.08816e-03	
       910.783	     1.11653e-03	
       910.884	     1.12035e-03	
       912.034	     1.16524e-03	
       913.037	     1.20574e-03	
       913.241	     1.21414e-03	
       913.284	     1.21592e-03	
       913.478	     1.22398e-03	
       913.531	     1.22619e-03	
       913.755	     1.23552e-03	
       913.822	     1.23834e-03	
       914.080	     1.24924e-03	
       914.165	     1.25286e-03	
       914.499	     1.26715e-03	
       914.575	     1.27042e-03	
       915.071	     1.29193e-03	
       915.540	     1.31262e-03	
       915.609	     1.31564e-03	
       915.643	     1.31716e-03	
       915.677	     1.31867e-03	
       915.741	     1.32153e-03	
       915.813	     1.32476e-03	
       916.085	     1.33700e-03	
       916.429	     1.35264e-03	
       916.858	     1.37233e-03	
       917.118	     1.38442e-03	
       917.196	     1.38807e-03	
       917.378	     1.39661e-03	
       917.899	     1.42130e-03	
       917.952	     1.42384e-03	
       918.287	     1.43998e-03	
       918.602	     1.45526e-03	
       919.251	     1.48733e-03	
       920.215	     1.53614e-03	
       921.882	     1.62404e-03	
       921.999	     1.63039e-03	
       922.143	     1.63824e-03	
       922.405	     1.65255e-03	
       922.810	     1.67498e-03	
       923.621	     1.72052e-03	
       925.001	     1.80110e-03	
       925.242	     1.81568e-03	
       925.484	     1.83021e-03	
       925.564	     1.83506e-03	
       925.966	     1.85934e-03	
       926.164	     1.87089e-03	
       926.369	     1.88281e-03	
       927.173	     1.93007e-03	
       927.276	     1.93616e-03	
       928.182	     1.99159e-03	
       928.917	     2.03654e-03	
       928.980	     2.04182e-03	
       929.089	     2.05111e-03	
       929.261	     2.06636e-03	
       929.317	     2.07133e-03	
       929.543	     2.09070e-03	
       929.655	     2.09917e-03	
       929.769	     2.10714e-03	
       929.827	     2.11115e-03	
       929.883	     2.11502e-03	
       929.910	     2.11689e-03	
       929.939	     2.11890e-03	
       929.954	     2.11994e-03	
       929.968	     2.12091e-03	
       929.982	     2.12189e-03	
       929.996	     2.12286e-03	
       930.010	     2.12383e-03	
       930.024	     2.12481e-03	
       930.038	     2.12578e-03	
       930.052	     2.12675e-03	
       930.081	     2.12877e-03	
       930.137	     2.13268e-03	
       930.201	     2.13715e-03	
       930.247	     2.14037e-03	
       930.249	     2.14051e-03	
       930.251	     2.14065e-03	
       930.301	     2.14413e-03	
       930.326	     2.14580e-03	
       930.329	     2.14601e-03	
       930.402	     2.15091e-03	
       930.478	     2.15556e-03	
       930.630	     2.16357e-03	
       930.931	     2.17658e-03	
       931.229	     2.18974e-03	
       931.490	     2.20239e-03	
       931.534	     2.20460e-03	
       931.838	     2.22101e-03	
       931.968	     2.22594e-03	
       932.447	     2.25199e-03	
       932.925	     2.28377e-03	
       933.265	     2.30804e-03	
       933.403	     2.31824e-03	
       933.432	     2.32034e-03	
       933.542	     2.32864e-03	
       933.652	     2.33707e-03	
       933.872	     2.35430e-03	
       933.973	     2.36237e-03	
       934.073	     2.37046e-03	
       934.312	     2.39030e-03	
       934.316	     2.39064e-03	
       934.652	     2.41991e-03	
       934.773	     2.43115e-03	
       935.230	     2.47479e-03	
       935.687	     2.52440e-03	
       936.144	     2.57893e-03	
       936.372	     2.60595e-03	
       936.601	     2.62966e-03	
       936.714	     2.63980e-03	
       936.829	     2.64966e-03	
       936.887	     2.65461e-03	
       936.944	     2.65949e-03	
       936.973	     2.66198e-03	
       937.001	     2.66438e-03	
       937.015	     2.66558e-03	
       937.029	     2.66678e-03	
       937.043	     2.66798e-03	
       937.058	     2.66928e-03	
       937.072	     2.67048e-03	
       937.086	     2.67168e-03	
       937.101	     2.67297e-03	
       937.115	     2.67418e-03	
       937.143	     2.67659e-03	
       937.200	     2.68151e-03	
       937.314	     2.69136e-03	
       937.493	     2.70664e-03	
       937.542	     2.71056e-03	
       937.593	     2.71437e-03	
       937.694	     2.72121e-03	
       937.788	     2.72685e-03	
       937.894	     2.73230e-03	
       938.000	     2.73749e-03	
       938.212	     2.74708e-03	
       938.359	     2.75413e-03	
       938.556	     2.76422e-03	
       938.636	     2.76866e-03	
       938.914	     2.78510e-03	
       939.271	     2.81028e-03	
       939.986	     2.86811e-03	
       940.580	     2.92102e-03	
       940.660	     2.92851e-03	
       940.675	     2.92992e-03	
       940.700	     2.93227e-03	
       940.740	     2.93604e-03	
       940.787	     2.94051e-03	
       940.901	     2.95126e-03	
       941.221	     2.98213e-03	
       941.861	     3.04556e-03	
       943.048	     3.16588e-03	
       943.457	     3.21055e-03	
       944.382	     3.30452e-03	
       945.308	     3.39876e-03	
       945.770	     3.44884e-03	
       946.233	     3.50190e-03	
       946.696	     3.56074e-03	
       947.158	     3.62612e-03	
       947.621	     3.69894e-03	
       948.083	     3.77613e-03	
       948.314	     3.81239e-03	
       948.546	     3.84377e-03	
       948.661	     3.85797e-03	
       948.777	     3.87204e-03	
       948.835	     3.87908e-03	
       948.893	     3.88615e-03	
       948.922	     3.88970e-03	
       948.951	     3.89322e-03	
       948.966	     3.89504e-03	
       948.980	     3.89677e-03	
       948.994	     3.89847e-03	
       949.009	     3.90032e-03	
       949.023	     3.90202e-03	
       949.037	     3.90371e-03	
       949.052	     3.90557e-03	
       949.066	     3.90726e-03	
       949.095	     3.91081e-03	
       949.153	     3.91794e-03	
       949.230	     3.92740e-03	
       949.258	     3.93085e-03	
       949.269	     3.93221e-03	
       949.280	     3.93356e-03	
       949.330	     3.93971e-03	
       949.360	     3.94342e-03	
       949.430	     3.95200e-03	
       949.500	     3.96042e-03	
       949.640	     3.97609e-03	
       949.795	     3.99095e-03	
       949.879	     3.99824e-03	
       949.921	     4.00167e-03	
       949.963	     4.00493e-03	
       950.047	     4.01115e-03	
       950.131	     4.01753e-03	
       950.467	     4.04138e-03	
       950.888	     4.07465e-03	
       951.308	     4.11426e-03	
       951.728	     4.15978e-03	
       952.149	     4.21152e-03	
       952.400	     4.24429e-03	
       952.569	     4.26716e-03	
       952.738	     4.29104e-03	
       953.076	     4.34033e-03	
       953.753	     4.44551e-03	
       954.198	     4.51755e-03	
       954.430	     4.55641e-03	
       955.106	     4.67139e-03	
       956.014	     4.83070e-03	
       956.370	     4.89391e-03	
       957.830	     5.15677e-03	
       958.148	     5.21508e-03	
       959.289	     5.42852e-03	
       960.430	     5.64318e-03	
       961.192	     5.79124e-03	
       962.712	     6.09205e-03	
       963.468	     6.24611e-03	
       964.231	     6.40395e-03	
       965.750	     6.72389e-03	
       966.767	     6.94352e-03	
       968.032	     7.22394e-03	
       968.668	     7.36813e-03	
       968.979	     7.43869e-03	
       969.297	     7.51051e-03	
       969.453	     7.54535e-03	
       969.927	     7.64852e-03	
       970.400	     7.74220e-03	
       970.638	     7.78044e-03	
       970.874	     7.79882e-03	
       970.992	     7.79633e-03	
       971.110	     7.78094e-03	
       971.230	     7.74754e-03	
       971.348	     7.69448e-03	
       971.535	     7.61497e-03	
       971.567	     7.61855e-03	
       971.584	     7.62521e-03	
       971.635	     7.66225e-03	
       971.644	     7.67240e-03	
       971.703	     7.74836e-03	
       971.732	     7.78402e-03	
       971.762	     7.80692e-03	
       971.778	     7.81254e-03	
       971.792	     7.81597e-03	
       971.806	     7.81924e-03	
       971.821	     7.82272e-03	
       971.827	     7.82411e-03	
       971.833	     7.82552e-03	
       971.836	     7.82621e-03	
       971.839	     7.82690e-03	
       971.851	     7.82970e-03	
       971.866	     7.83318e-03	
       971.880	     7.83645e-03	
       971.910	     7.84248e-03	
       971.969	     7.81694e-03	
       972.037	     7.75983e-03	
       972.087	     7.74211e-03	
       972.137	     7.75188e-03	
       972.150	     7.75709e-03	
       972.199	     7.79096e-03	
       972.237	     7.82568e-03	
       972.324	     7.91653e-03	
       972.348	     7.94207e-03	
       972.499	     8.07763e-03	
       972.649	     8.18030e-03	
       972.798	     8.26154e-03	
       972.948	     8.32864e-03	
       973.047	     8.36672e-03	
       973.097	     8.38472e-03	
       973.248	     8.43637e-03	
       973.396	     8.48613e-03	
       973.746	     8.59301e-03	
       974.444	     8.79153e-03	
       975.640	     9.12608e-03	
       976.759	     9.44187e-03	
       978.032	     9.81038e-03	
       979.305	     1.01902e-02	
       979.778	     1.03346e-02	
       981.851	     1.09879e-02	
       983.923	     1.16776e-02	
       985.373	     1.21825e-02	
       985.996	     1.24052e-02	
       986.414	     1.25569e-02	
       986.618	     1.26317e-02	
       987.863	     1.30978e-02	
       989.312	     1.36590e-02	
       990.541	     1.41513e-02	
       990.761	     1.42412e-02	
       992.210	     1.48455e-02	
       993.880	     1.55701e-02	
       995.549	     1.63264e-02	
       995.989	     1.65314e-02	
       997.218	     1.71157e-02	
       997.574	     1.72885e-02	
       997.806	     1.74019e-02	
       998.447	     1.77185e-02	
       999.319	     1.81581e-02	
       999.435	     1.82174e-02	
      1001.064	     1.90678e-02	
      1002.694	     1.99543e-02	
      1004.323	     2.08783e-02	
      1005.836	     2.17712e-02	
      1005.952	     2.18411e-02	
      1007.581	     2.28443e-02	
      1009.326	     2.39656e-02	
      1011.071	     2.51360e-02	
      1011.303	     2.52956e-02	
      1012.816	     2.63583e-02	
      1014.329	     2.74622e-02	
      1015.378	     2.82528e-02	
      1015.842	     2.86100e-02	
      1017.355	     2.97992e-02	
      1017.620	     3.00146e-02	
      1019.046	     3.11826e-02	
      1019.332	     3.14206e-02	
      1021.044	     3.28695e-02	
      1022.044	     3.37153e-02	
      1022.543	     3.41120e-02	
      1023.043	     3.44812e-02	
      1023.292	     3.46483e-02	
      1023.542	     3.47507e-02	
      1023.791	     3.48164e-02	
      1023.991	     3.47969e-02	
      1024.041	     3.47784e-02	
      1024.091	     3.47479e-02	
      1024.191	     3.46892e-02	
      1024.242	     3.46398e-02	
      1024.391	     3.44658e-02	
      1024.540	     3.41925e-02	
      1024.588	     3.40938e-02	
      1024.690	     3.39528e-02	
      1024.791	     3.40225e-02	
      1024.852	     3.42251e-02	
      1024.869	     3.43037e-02	
      1024.892	     3.44165e-02	
      1024.915	     3.45362e-02	
      1024.947	     3.46810e-02	
      1024.978	     3.47683e-02	
      1024.993	     3.47903e-02	
      1025.009	     3.48063e-02	
      1025.025	     3.48211e-02	
      1025.040	     3.48349e-02	
      1025.056	     3.48497e-02	
      1025.072	     3.48645e-02	
      1025.087	     3.48783e-02	
      1025.103	     3.48930e-02	
      1025.134	     3.49213e-02	
      1025.196	     3.48751e-02	
      1025.271	     3.46395e-02	
      1025.320	     3.45355e-02	
      1025.371	     3.45208e-02	
      1025.471	     3.47184e-02	
      1025.521	     3.48908e-02	
      1025.571	     3.50841e-02	
      1025.621	     3.52879e-02	
      1025.721	     3.56634e-02	
      1025.772	     3.58352e-02	
      1025.921	     3.62816e-02	
      1026.070	     3.66649e-02	
      1026.219	     3.69957e-02	
      1026.518	     3.75433e-02	
      1026.563	     3.76152e-02	
      1026.816	     3.80120e-02	
      1027.069	     3.83406e-02	
      1027.575	     3.89532e-02	
      1028.109	     3.95756e-02	
      1028.588	     4.01078e-02	
      1028.796	     4.03368e-02	
      1029.067	     4.06337e-02	
      1029.338	     4.09315e-02	
      1029.881	     4.15281e-02	
      1030.965	     4.27385e-02	
      1033.082	     4.51745e-02	
      1033.135	     4.52358e-02	
      1033.187	     4.52971e-02	
      1033.230	     4.53479e-02	
      1033.291	     4.54199e-02	
      1033.499	     4.56665e-02	
      1033.915	     4.61632e-02	
      1034.747	     4.71716e-02	
      1036.265	     4.90629e-02	
      1037.783	     5.10220e-02	
      1039.172	     5.28761e-02	
      1039.258	     5.29930e-02	
      1039.301	     5.30514e-02	
      1039.344	     5.31099e-02	
      1039.504	     5.33282e-02	
      1039.516	     5.33446e-02	
      1039.860	     5.38167e-02	
      1040.549	     5.47721e-02	
      1041.925	     5.67299e-02	
      1044.347	     6.03286e-02	
      1046.768	     6.41356e-02	
      1049.029	     6.78879e-02	
      1049.189	     6.81609e-02	
      1049.349	     6.84352e-02	
      1049.670	     6.89872e-02	
      1050.310	     7.01031e-02	
      1051.591	     7.23848e-02	
      1053.952	     7.67711e-02	
      1054.152	     7.71537e-02	
      1054.352	     7.75380e-02	
      1054.752	     7.83121e-02	
      1054.952	     7.87019e-02	
      1055.553	     7.98816e-02	
      1057.153	     8.31071e-02	
      1059.355	     8.77368e-02	
      1061.556	     9.25953e-02	
      1063.156	     9.62816e-02	
      1063.757	     9.76985e-02	
      1064.357	     9.91342e-02	
      1065.558	     1.02063e-01	
      1066.558	     1.04564e-01	
      1067.959	     1.08160e-01	
      1069.359	     1.11869e-01	
      1069.960	     1.13497e-01	
      1072.161	     1.19651e-01	
      1074.362	     1.26109e-01	
      1076.563	     1.32884e-01	
      1078.163	     1.38018e-01	
      1078.687	     1.39737e-01	
      1078.764	     1.39990e-01	
      1078.980	     1.40706e-01	
      1079.364	     1.41987e-01	
      1080.565	     1.46052e-01	
      1080.712	     1.46555e-01	
      1082.442	     1.52620e-01	
      1084.173	     1.58915e-01	
      1085.905	     1.65444e-01	
      1087.637	     1.72217e-01	
      1089.318	     1.79038e-01	
      1089.367	     1.79240e-01	
      1089.418	     1.79452e-01	
      1089.518	     1.79867e-01	
      1089.718	     1.80699e-01	
      1090.119	     1.82375e-01	
      1090.669	     1.84703e-01	
      1090.919	     1.85770e-01	
      1092.520	     1.92733e-01	
      1094.370	     2.01080e-01	
      1096.221	     2.09755e-01	
      1096.771	     2.12399e-01	
      1098.072	     2.18770e-01	
      1099.372	     2.25314e-01	
      1099.573	     2.26334e-01	
      1101.974	     2.38905e-01	
      1104.374	     2.52106e-01	
      1106.775	     2.65964e-01	
      1108.976	     2.79269e-01	
      1109.176	     2.80508e-01	
      1109.376	     2.81752e-01	
      1109.777	     2.84271e-01	
      1109.977	     2.85538e-01	
      1110.577	     2.89371e-01	
      1112.177	     2.99821e-01	
      1114.378	     3.14750e-01	
      1116.579	     3.30354e-01	
      1118.180	     3.42141e-01	
      1118.684	     3.45933e-01	
      1118.780	     3.46659e-01	
      1119.380	     3.51233e-01	
      1120.076	     3.56605e-01	
      1121.469	     3.67573e-01	
      1123.778	     3.86438e-01	
      1124.254	     3.90428e-01	
      1124.730	     3.94443e-01	
      1125.682	     4.02579e-01	
      1125.790	     4.03512e-01	
      1127.075	     4.14756e-01	
      1127.587	     4.19324e-01	
      1127.845	     4.21643e-01	
      1129.384	     4.35711e-01	
      1129.769	     4.39298e-01	
      1131.692	     4.57623e-01	
      1133.616	     4.76633e-01	
      1135.540	     4.96353e-01	
      1137.463	     5.16801e-01	
      1139.387	     5.37991e-01	
      1141.310	     5.59942e-01	
      1142.080	     5.68927e-01	
      1143.234	     5.82659e-01	
      1144.004	     5.91977e-01	
      1144.388	     5.96670e-01	
      1146.697	     6.25548e-01	
      1149.390	     6.60690e-01	
      1149.774	     6.65810e-01	
      1152.083	     6.97295e-01	
      1154.391	     7.29713e-01	
      1156.700	     7.63237e-01	
      1158.625	     7.91678e-01	
      1159.001	     7.97248e-01	
      1159.009	     7.97368e-01	
      1159.393	     8.03151e-01	
      1160.161	     8.14822e-01	
      1161.697	     8.38428e-01	
      1164.394	     8.80127e-01	
      1169.395	     9.58883e-01	
      1171.896	     9.98942e-01	
      1174.397	     1.04113e+00	
      1175.647	     1.06389e+00	
      1176.897	     1.08810e+00	
      1177.860	     1.10780e+00	
      1178.148	     1.11389e+00	
      1179.398	     1.14112e+00	
      1180.936	     1.17625e+00	
      1182.858	     1.22192e+00	
      1184.013	     1.25025e+00	
      1185.168	     1.27912e+00	
      1185.558	     1.28895e+00	
      1187.479	     1.33837e+00	
      1189.400	     1.38916e+00	
      1191.322	     1.44174e+00	
      1192.085	     1.46317e+00	
      1193.243	     1.49633e+00	
      1194.034	     1.51935e+00	
      1194.402	     1.53018e+00	
      1196.718	     1.59985e+00	
      1196.902	     1.60549e+00	
      1199.403	     1.68379e+00	
      1201.903	     1.76613e+00	
      1204.404	     1.85426e+00	
      1206.904	     1.94778e+00	
      1208.485	     2.00920e+00	
      1209.405	     2.04586e+00	
      1210.325	     2.08284e+00	
      1211.639	     2.13596e+00	
      1212.165	     2.15708e+00	
      1212.691	     2.17812e+00	
      1213.613	     2.21513e+00	
      1213.744	     2.22044e+00	
      1213.807	     2.22299e+00	
      1213.875	     2.22576e+00	
      1214.137	     2.23643e+00	
      1214.171	     2.23782e+00	
      1214.467	     2.24994e+00	
      1214.615	     2.25602e+00	
      1214.763	     2.26212e+00	
      1214.837	     2.26517e+00	
      1214.911	     2.26823e+00	
      1214.948	     2.26976e+00	
      1214.985	     2.27129e+00	
      1215.004	     2.27208e+00	
      1215.022	     2.27282e+00	
      1215.040	     2.27357e+00	
      1215.059	     2.27435e+00	
      1215.077	     2.27510e+00	
      1215.095	     2.27585e+00	
      1215.114	     2.27663e+00	
      1215.132	     2.27738e+00	
      1215.169	     2.27892e+00	
      1215.243	     2.28199e+00	
      1215.391	     2.28815e+00	
      1215.637	     2.29842e+00	
      1215.687	     2.30052e+00	
      1215.737	     2.30261e+00	
      1215.795	     2.30504e+00	
      1215.837	     2.30680e+00	
      1216.037	     2.31521e+00	
      1216.064	     2.31635e+00	
      1216.279	     2.32543e+00	
      1216.763	     2.34597e+00	
      1217.462	     2.37592e+00	
      1218.315	     2.41266e+00	
      1218.861	     2.43588e+00	
      1218.985	     2.44111e+00	
      1219.407	     2.45857e+00	
      1219.829	     2.47583e+00	
      1220.104	     2.48687e+00	
      1220.673	     2.50948e+00	
      1222.361	     2.57687e+00	
      1224.619	     2.67183e+00	
      1226.876	     2.77435e+00	
      1228.858	     2.86963e+00	
      1229.134	     2.88329e+00	
      1229.409	     2.89701e+00	
      1229.740	     2.91372e+00	
      1229.959	     2.92482e+00	
      1230.178	     2.93598e+00	
      1230.616	     2.95850e+00	
      1231.492	     3.00421e+00	
      1231.694	     3.01486e+00	
      1233.244	     3.09733e+00	
      1234.794	     3.18234e+00	
      1236.380	     3.27178e+00	
      1237.895	     3.35952e+00	
      1239.410	     3.44941e+00	
      1240.470	     3.51362e+00	
      1242.441	     3.63608e+00	
      1244.411	     3.76243e+00	
      1247.291	     3.95429e+00	
      1248.352	     4.02708e+00	
      1248.652	     4.04791e+00	
      1249.412	     4.10104e+00	
      1251.532	     4.25259e+00	
      1251.912	     4.28029e+00	
      1254.413	     4.46659e+00	
      1256.913	     4.66043e+00	
      1259.413	     4.86237e+00	
      1261.914	     5.07352e+00	
      1264.414	     5.29475e+00	
      1266.914	     5.52722e+00	
      1269.415	     5.77120e+00	
      1271.915	     6.02774e+00	
      1274.415	     6.29428e+00	
      1276.915	     6.57014e+00	
      1279.416	     6.85681e+00	
      1281.916	     7.15334e+00	
      1284.416	     7.45921e+00	
      1286.917	     7.77576e+00	
      1289.417	     8.10405e+00	
      1291.917	     8.43995e+00	
      1294.417	     8.78763e+00	
      1296.918	     9.14668e+00	
      1299.418	     9.51833e+00	
      1301.918	     9.90711e+00	
      1304.418	     1.03107e+01	
      1306.919	     1.07264e+01	
      1309.419	     1.11565e+01	
      1311.919	     1.15976e+01	
      1314.419	     1.20531e+01	
      1316.919	     1.25248e+01	
      1319.420	     1.30134e+01	
      1321.920	     1.35188e+01	
      1324.420	     1.40423e+01	
      1326.920	     1.45888e+01	
      1329.420	     1.51542e+01	
      1334.421	     1.63275e+01	
      1339.421	     1.75753e+01	
      1341.921	     1.82282e+01	
      1344.421	     1.89024e+01	
      1346.921	     1.96071e+01	
      1349.421	     2.03379e+01	
      1354.422	     2.18712e+01	
      1359.422	     2.35054e+01	
      1364.422	     2.52222e+01	
      1365.191	     2.54940e+01	
      1369.422	     2.70359e+01	
      1373.653	     2.86649e+01	
      1376.346	     2.97570e+01	
      1377.884	     3.03970e+01	
      1379.422	     3.10491e+01	
      1380.574	     3.15457e+01	
      1382.499	     3.23904e+01	
      1384.423	     3.32563e+01	
      1387.119	     3.45047e+01	
      1388.271	     3.50507e+01	
      1389.031	     3.54149e+01	
      1389.423	     3.56040e+01	
      1391.727	     3.67340e+01	
      1394.423	     3.80893e+01	
      1399.423	     4.06930e+01	
      1404.423	     4.34501e+01	
      1409.423	     4.63762e+01	
      1414.423	     4.94986e+01	
      1419.423	     5.28331e+01	
      1424.423	     5.63445e+01	
      1429.423	     6.00475e+01	
      1434.423	     6.39170e+01	
      1439.423	     6.79797e+01	
      1444.422	     7.22447e+01	
      1449.422	     7.67884e+01	
      1454.422	     8.16462e+01	
      1459.422	     8.67793e+01	
      1464.422	     9.22262e+01	
      1465.960	     9.39685e+01	
      1469.422	     9.79765e+01	
      1472.884	     1.02097e+02	
      1473.268	     1.02555e+02	
      1474.422	     1.03945e+02	
      1476.345	     1.06297e+02	
      1479.421	     1.10127e+02	
      1484.421	     1.16591e+02	
      1489.421	     1.23350e+02	
      1494.421	     1.30414e+02	
      1499.420	     1.37877e+02	
      1504.420	     1.45833e+02	
      1509.420	     1.54264e+02	
      1514.420	     1.63151e+02	
      1519.419	     1.72528e+02	
      1524.419	     1.82482e+02	
      1529.419	     1.93024e+02	
      1534.418	     2.03917e+02	
      1539.418	     2.15095e+02	
      1544.418	     2.26670e+02	
      1549.417	     2.38654e+02	
      1554.417	     2.50991e+02	
      1559.417	     2.63615e+02	
      1564.416	     2.76675e+02	
      1566.724	     2.82915e+02	
      1569.416	     2.90453e+02	
      1570.186	     2.92648e+02	
      1572.107	     2.98195e+02	
      1574.415	     3.05026e+02	
      1574.800	     3.06178e+02	
      1579.415	     3.20358e+02	
      1584.414	     3.36389e+02	
      1589.414	     3.53109e+02	
      1594.413	     3.70585e+02	
      1599.413	     3.89036e+02	
      1604.413	     4.08357e+02	
      1609.412	     4.28915e+02	
      1614.412	     4.50727e+02	
      1619.411	     4.73906e+02	
      1624.410	     4.98668e+02	
      1629.410	     5.25152e+02	
      1634.409	     5.53121e+02	
      1639.409	     5.82486e+02	
      1644.408	     6.12739e+02	
      1649.408	     6.43671e+02	
      1654.407	     6.75329e+02	
      1659.407	     7.07773e+02	
      1664.406	     7.41510e+02	
      1665.560	     7.49418e+02	
      1669.405	     7.76275e+02	
      1670.174	     7.81732e+02	
      1673.251	     8.03937e+02	
      1674.405	     8.12419e+02	
      1676.328	     8.26738e+02	
      1679.404	     8.50052e+02	
      1684.404	     8.89372e+02	
      1689.403	     9.30574e+02	
      1694.402	     9.73504e+02	
      1699.402	     1.01815e+03	
      1704.401	     1.06419e+03	
      1709.400	     1.11180e+03	
      1714.400	     1.16121e+03	
      1719.399	     1.21236e+03	
      1724.398	     1.26580e+03	
      1729.398	     1.32085e+03	
      1734.397	     1.37764e+03	
      1739.396	     1.43606e+03	
      1744.396	     1.49642e+03	
      1749.395	     1.55812e+03	
      1754.394	     1.62180e+03	
      1759.393	     1.68755e+03	
      1764.393	     1.75551e+03	
      1767.084	     1.79304e+03	
      1767.854	     1.80389e+03	
      1769.392	     1.82574e+03	
      1771.700	     1.85905e+03	
      1774.391	     1.89871e+03	
      1775.545	     1.91592e+03	
      1779.391	     1.97426e+03	
      1784.390	     2.05312e+03	
      1789.389	     2.13465e+03	
      1794.388	     2.21808e+03	
      1799.387	     2.30424e+03	
      1809.386	     2.48402e+03	
      1819.384	     2.67576e+03	
      1823.999	     2.76800e+03	
      1829.383	     2.87892e+03	
      1834.767	     2.99349e+03	
      1840.151	     3.11134e+03	
      1845.535	     3.23301e+03	
      1850.919	     3.35905e+03	
      1856.303	     3.49047e+03	
      1863.998	     3.68399e+03	
      1867.072	     3.76325e+03	
      1870.145	     3.84393e+03	
      1876.292	     4.01103e+03	
      1882.439	     4.18419e+03	
      1888.586	     4.36361e+03	
      1894.733	     4.54934e+03	
      1900.880	     4.74164e+03	
      1906.980	     4.93924e+03	
      1907.027	     4.94078e+03	
      1913.174	     5.14690e+03	
      1919.368	     5.36185e+03	
      1925.561	     5.58214e+03	
      1931.755	     5.81104e+03	
      1937.949	     6.05445e+03	
      1944.143	     6.29823e+03	
      1944.472	     6.31137e+03	
      1956.531	     6.81663e+03	
      1968.590	     7.34551e+03	
      1980.648	     7.90670e+03	
      1992.707	     8.50231e+03	
      2004.766	     9.13402e+03	
      2015.838	     9.74729e+03	
      2016.825	     9.80356e+03	
      2017.811	     9.86005e+03	
      2019.785	     9.97446e+03	
      2023.732	     1.02101e+04	
      2031.627	     1.06910e+04	
      2039.521	     1.11810e+04	
      2047.416	     1.16886e+04	
      2055.310	     1.22146e+04	
      2059.377	     1.24929e+04	
      2063.205	     1.27592e+04	
      2067.032	     1.30300e+04	
      2074.686	     1.35891e+04	
      2082.341	     1.41671e+04	
      2089.995	     1.47647e+04	
      2094.355	     1.51141e+04	
      2097.650	     1.53825e+04	
      2105.304	     1.60206e+04	
      2116.253	     1.69702e+04	
      2127.202	     1.79661e+04	
      2132.725	     1.84917e+04	
      2138.151	     1.90235e+04	
      2149.099	     2.01107e+04	
      2157.287	     2.09534e+04	
      2165.474	     2.18242e+04	
      2173.661	     2.27218e+04	
      2181.848	     2.36484e+04	
      2190.036	     2.46051e+04	
      2198.126	     2.55800e+04	
      2198.223	     2.55919e+04	
      2206.410	     2.66102e+04	
      2214.695	     2.76729e+04	
      2231.263	     2.98738e+04	
      2231.749	     2.99402e+04	
      2247.831	     3.22016e+04	
      2255.873	     3.33744e+04	
      2263.914	     3.45965e+04	
      2271.955	     3.59078e+04	
      2279.996	     3.72272e+04	
      2296.079	     3.99727e+04	
      2311.189	     4.27037e+04	
      2312.161	     4.28853e+04	
      2313.134	     4.30672e+04	
      2315.080	     4.34212e+04	
      2318.971	     4.41356e+04	
      2326.753	     4.55914e+04	
      2342.318	     4.86614e+04	
      2353.410	     5.09613e+04	
      2357.882	     5.19132e+04	
      2362.354	     5.28849e+04	
      2371.298	     5.49012e+04	
      2380.242	     5.69872e+04	
      2389.186	     5.91417e+04	
      2398.130	     6.14241e+04	
      2404.876	     6.32202e+04	
      2407.074	     6.38164e+04	
      2409.274	     6.44177e+04	
      2413.672	     6.56430e+04	
      2422.468	     6.81760e+04	
      2423.927	     6.86092e+04	
      2431.265	     7.09205e+04	
      2431.994	     7.11508e+04	
      2440.061	     7.37514e+04	
      2448.127	     7.64554e+04	
      2451.595	     7.76514e+04	
      2456.194	     7.92718e+04	
      2460.793	     8.11178e+04	
      2465.392	     8.29632e+04	
      2474.590	     8.67947e+04	
      2475.959	     8.73828e+04	
      2483.788	     9.08523e+04	
      2484.472	     9.11649e+04	
      2492.986	     9.51868e+04	
      2501.499	     9.94949e+04	
      2510.013	     1.04015e+05	
      2518.526	     1.08605e+05	
      2527.040	     1.13424e+05	
      2528.901	     1.14512e+05	
      2535.553	     1.18467e+05	
      2544.067	     1.23681e+05	
      2551.650	     1.28459e+05	
      2555.441	     1.30890e+05	
      2559.232	     1.33364e+05	
      2563.023	     1.36142e+05	
      2566.814	     1.38971e+05	
      2570.607	     1.41849e+05	
      2574.398	     1.44778e+05	
      2578.189	     1.47759e+05	
      2585.772	     1.53918e+05	
      2593.354	     1.60316e+05	
      2600.937	     1.66922e+05	
      2608.520	     1.73821e+05	
      2616.103	     1.80875e+05	
      2623.685	     1.88137e+05	
      2631.268	     1.95655e+05	
      2638.850	     2.03402e+05	
      2650.363	     2.15590e+05	
      2654.016	     2.19566e+05	
      2657.670	     2.23603e+05	
      2664.977	     2.30512e+05	
      2672.285	     2.37499e+05	
      2686.901	     2.51727e+05	
      2701.516	     2.66322e+05	
      2716.132	     2.81303e+05	
      2730.747	     2.96715e+05	
      2734.618	     3.00882e+05	
      2745.363	     3.12610e+05	
      2756.108	     3.24574e+05	
      2766.854	     3.37379e+05	
      2777.599	     3.50473e+05	
      2799.090	     3.77635e+05	
      2820.581	     4.06051e+05	
      2829.596	     4.18347e+05	
      2842.071	     4.35761e+05	
      2854.546	     4.53646e+05	
      2867.021	     4.73466e+05	
      2879.496	     4.93852e+05	
      2904.446	     5.36430e+05	
      2905.809	     5.38827e+05	
      2929.396	     5.81383e+05	
      2952.983	     6.25950e+05	
      2976.570	     6.70315e+05	
      2996.068	     7.08420e+05	
      3000.157	     7.16578e+05	
      3023.745	     7.64940e+05	
      3037.583	     7.94245e+05	
      3044.501	     8.09152e+05	
      3051.421	     8.24228e+05	
      3058.340	     8.41384e+05	
      3065.258	     8.58776e+05	
      3072.177	     8.76454e+05	
      3079.097	     8.94352e+05	
      3086.016	     9.12476e+05	
      3099.853	     9.49389e+05	
      3105.202	     9.63897e+05	
      3127.530	     1.02578e+06	
      3138.694	     1.05758e+06	
      3149.857	     1.08996e+06	
      3161.020	     1.12630e+06	
      3172.184	     1.16349e+06	
      3194.512	     1.24020e+06	
      3216.838	     1.32002e+06	
      3230.037	     1.36864e+06	
      3239.165	     1.40285e+06	
      3243.730	     1.42013e+06	
      3248.294	     1.43753e+06	
      3252.858	     1.45058e+06	
      3257.423	     1.46367e+06	
      3261.987	     1.47682e+06	
      3266.551	     1.49002e+06	
      3275.680	     1.51656e+06	
      3293.937	     1.57025e+06	
      3314.174	     1.63065e+06	
      3330.452	     1.67990e+06	
      3346.730	     1.72972e+06	
      3378.516	     1.83069e+06	
      3379.286	     1.83316e+06	
      3411.841	     1.93876e+06	
      3445.167	     2.04891e+06	
      3480.033	     2.16511e+06	
      3495.922	     2.21866e+06	
      3511.818	     2.27257e+06	
      3543.602	     2.38133e+06	
      3591.283	     2.54624e+06	
      3635.884	     2.70212e+06	
      3638.963	     2.71294e+06	
      3642.042	     2.72395e+06	
      3643.122	     2.72779e+06	
      3645.121	     2.73493e+06	
      3645.281	     2.73550e+06	
      3647.121	     2.74206e+06	
      3648.960	     2.74862e+06	
      3651.320	     2.75703e+06	
      3652.639	     2.76174e+06	
      3653.959	     2.76644e+06	
      3654.239	     2.76744e+06	
      3656.598	     2.77584e+06	
      3658.958	     2.78424e+06	
      3663.397	     2.80002e+06	
      3663.676	     2.80102e+06	
      3663.956	     2.80201e+06	
      3664.516	     2.80400e+06	
      3665.636	     2.80797e+06	
      3666.796	     2.81209e+06	
      3667.875	     2.81593e+06	
      3668.275	     2.81735e+06	
      3668.955	     2.81976e+06	
      3671.115	     2.82742e+06	
      3673.954	     2.83750e+06	
      3675.202	     2.84192e+06	
      3678.952	     2.85521e+06	
      3682.583	     2.86806e+06	
      3682.703	     2.86848e+06	
      3682.822	     2.86891e+06	
      3683.062	     2.86975e+06	
      3683.178	     2.87017e+06	
      3683.542	     2.87145e+06	
      3684.502	     2.87485e+06	
      3684.819	     2.87597e+06	
      3685.826	     2.87953e+06	
      3686.832	     2.88308e+06	
      3688.742	     2.88983e+06	
      3688.846	     2.89020e+06	
      3688.939	     2.89053e+06	
      3688.950	     2.89057e+06	
      3689.158	     2.89130e+06	
      3689.377	     2.89207e+06	
      3689.730	     2.89332e+06	
      3689.815	     2.89362e+06	
      3689.900	     2.89392e+06	
      3690.070	     2.89452e+06	
      3690.410	     2.89572e+06	
      3690.624	     2.89648e+06	
      3691.089	     2.89812e+06	
      3691.469	     2.89946e+06	
      3691.554	     2.89976e+06	
      3691.700	     2.90027e+06	
      3692.484	     2.90304e+06	
      3693.499	     2.90662e+06	
      3694.397	     2.90979e+06	
      3695.297	     2.91297e+06	
      3695.808	     2.91477e+06	
      3696.197	     2.91614e+06	
      3696.525	     2.91730e+06	
      3696.586	     2.91751e+06	
      3696.647	     2.91773e+06	
      3696.666	     2.91779e+06	
      3696.759	     2.91812e+06	
      3696.769	     2.91816e+06	
      3696.872	     2.91852e+06	
      3696.929	     2.91872e+06	
      3696.985	     2.91892e+06	
      3697.041	     2.91911e+06	
      3697.097	     2.91931e+06	
      3697.153	     2.91951e+06	
      3697.209	     2.91971e+06	
      3697.265	     2.91990e+06	
      3697.322	     2.92010e+06	
      3697.347	     2.92019e+06	
      3697.405	     2.92040e+06	
      3697.434	     2.92050e+06	
      3697.463	     2.92060e+06	
      3697.499	     2.92073e+06	
      3697.529	     2.92083e+06	
      3697.579	     2.92101e+06	
      3697.659	     2.92129e+06	
      3697.819	     2.92185e+06	
      3698.109	     2.92288e+06	
      3698.429	     2.92401e+06	
      3698.688	     2.92492e+06	
      3698.886	     2.92562e+06	
      3698.947	     2.92583e+06	
      3699.008	     2.92605e+06	
      3699.130	     2.92648e+06	
      3699.374	     2.92734e+06	
      3699.533	     2.92790e+06	
      3699.862	     2.92905e+06	
      3699.879	     2.92911e+06	
      3700.191	     2.93021e+06	
      3700.198	     2.93024e+06	
      3700.503	     2.93131e+06	
      3700.808	     2.93238e+06	
      3700.842	     2.93250e+06	
      3701.092	     2.93338e+06	
      3701.418	     2.93453e+06	
      3701.994	     2.93656e+06	
      3702.444	     2.93814e+06	
      3702.895	     2.93973e+06	
      3703.121	     2.94052e+06	
      3703.346	     2.94132e+06	
      3703.458	     2.94171e+06	
      3703.571	     2.94211e+06	
      3703.628	     2.94231e+06	
      3703.684	     2.94250e+06	
      3703.740	     2.94270e+06	
      3703.797	     2.94290e+06	
      3703.853	     2.94310e+06	
      3703.909	     2.94330e+06	
      3703.966	     2.94350e+06	
      3704.022	     2.94369e+06	
      3704.085	     2.94391e+06	
      3704.134	     2.94409e+06	
      3704.185	     2.94427e+06	
      3704.210	     2.94435e+06	
      3704.222	     2.94440e+06	
      3704.285	     2.94462e+06	
      3704.314	     2.94472e+06	
      3704.360	     2.94488e+06	
      3704.406	     2.94505e+06	
      3704.491	     2.94534e+06	
      3704.567	     2.94561e+06	
      3704.590	     2.94569e+06	
      3704.689	     2.94604e+06	
      3704.811	     2.94647e+06	
      3705.055	     2.94733e+06	
      3705.373	     2.94844e+06	
      3705.543	     2.94904e+06	
      3705.713	     2.94964e+06	
      3706.052	     2.95084e+06	
      3706.073	     2.95091e+06	
      3706.732	     2.95322e+06	
      3707.267	     2.95510e+06	
      3707.391	     2.95554e+06	
      3707.515	     2.95597e+06	
      3707.614	     2.95632e+06	
      3707.763	     2.95685e+06	
      3707.912	     2.95737e+06	
      3708.118	     2.95809e+06	
      3708.210	     2.95842e+06	
      3708.302	     2.95874e+06	
      3708.486	     2.95938e+06	
      3708.763	     2.96036e+06	
      3708.854	     2.96068e+06	
      3708.873	     2.96074e+06	
      3708.945	     2.96100e+06	
      3709.127	     2.96164e+06	
      3709.206	     2.96191e+06	
      3709.491	     2.96291e+06	
      3710.108	     2.96508e+06	
      3710.902	     2.96787e+06	
      3711.011	     2.96825e+06	
      3711.120	     2.96863e+06	
      3711.213	     2.96896e+06	
      3711.323	     2.96935e+06	
      3711.338	     2.96940e+06	
      3711.463	     2.96984e+06	
      3711.517	     2.97003e+06	
      3711.576	     2.97023e+06	
      3711.603	     2.97033e+06	
      3711.689	     2.97063e+06	
      3711.746	     2.97083e+06	
      3711.802	     2.97102e+06	
      3711.858	     2.97122e+06	
      3711.915	     2.97142e+06	
      3711.971	     2.97161e+06	
      3712.027	     2.97181e+06	
      3712.084	     2.97201e+06	
      3712.140	     2.97221e+06	
      3712.203	     2.97243e+06	
      3712.252	     2.97260e+06	
      3712.303	     2.97278e+06	
      3712.327	     2.97287e+06	
      3712.331	     2.97288e+06	
      3712.403	     2.97313e+06	
      3712.479	     2.97340e+06	
      3712.631	     2.97393e+06	
      3712.931	     2.97498e+06	
      3713.228	     2.97603e+06	
      3713.531	     2.97709e+06	
      3713.833	     2.97815e+06	
      3714.242	     2.97958e+06	
      3714.420	     2.98021e+06	
      3714.439	     2.98028e+06	
      3714.636	     2.98097e+06	
      3715.030	     2.98235e+06	
      3715.640	     2.98448e+06	
      3716.765	     2.98842e+06	
      3716.790	     2.98851e+06	
      3716.860	     2.98875e+06	
      3716.955	     2.98909e+06	
      3717.145	     2.98975e+06	
      3717.524	     2.99108e+06	
      3718.189	     2.99341e+06	
      3718.259	     2.99366e+06	
      3718.329	     2.99390e+06	
      3718.469	     2.99439e+06	
      3718.556	     2.99469e+06	
      3718.631	     2.99496e+06	
      3718.734	     2.99532e+06	
      3718.749	     2.99537e+06	
      3718.942	     2.99605e+06	
      3719.253	     2.99713e+06	
      3719.474	     2.99791e+06	
      3719.772	     2.99895e+06	
      3720.070	     2.99999e+06	
      3720.356	     3.00089e+06	
      3720.523	     3.00141e+06	
      3720.666	     3.00186e+06	
      3720.976	     3.00284e+06	
      3721.202	     3.00351e+06	
      3721.428	     3.00418e+06	
      3721.542	     3.00452e+06	
      3721.655	     3.00485e+06	
      3721.711	     3.00502e+06	
      3721.768	     3.00519e+06	
      3721.825	     3.00535e+06	
      3721.881	     3.00551e+06	
      3721.938	     3.00568e+06	
      3721.995	     3.00585e+06	
      3722.051	     3.00602e+06	
      3722.108	     3.00620e+06	
      3722.221	     3.00653e+06	
      3722.398	     3.00706e+06	
      3722.447	     3.00720e+06	
      3722.498	     3.00736e+06	
      3722.598	     3.00765e+06	
      3722.695	     3.00794e+06	
      3722.798	     3.00825e+06	
      3722.901	     3.00855e+06	
      3723.107	     3.00916e+06	
      3723.231	     3.00953e+06	
      3723.519	     3.01038e+06	
      3723.807	     3.01124e+06	
      3724.383	     3.01295e+06	
      3725.451	     3.01611e+06	
      3725.534	     3.01636e+06	
      3725.617	     3.01661e+06	
      3725.751	     3.01700e+06	
      3725.783	     3.01710e+06	
      3725.916	     3.01749e+06	
      3725.931	     3.01754e+06	
      3726.115	     3.01808e+06	
      3726.479	     3.01916e+06	
      3727.042	     3.02083e+06	
      3727.366	     3.02179e+06	
      3728.153	     3.02412e+06	
      3728.639	     3.02556e+06	
      3728.940	     3.02645e+06	
      3729.009	     3.02665e+06	
      3729.240	     3.02734e+06	
      3729.842	     3.02912e+06	
      3730.676	     3.03159e+06	
      3732.194	     3.03609e+06	
      3732.344	     3.03653e+06	
      3732.494	     3.03698e+06	
      3732.794	     3.03787e+06	
      3733.352	     3.03953e+06	
      3733.384	     3.03962e+06	
      3733.393	     3.03965e+06	
      3733.402	     3.03968e+06	
      3733.452	     3.03982e+06	
      3733.552	     3.04012e+06	
      3733.648	     3.04040e+06	
      3733.752	     3.04071e+06	
      3733.856	     3.04102e+06	
      3734.004	     3.04145e+06	
      3734.044	     3.04157e+06	
      3734.064	     3.04163e+06	
      3734.084	     3.04169e+06	
      3734.131	     3.04183e+06	
      3734.140	     3.04185e+06	
      3734.164	     3.04193e+06	
      3734.197	     3.04202e+06	
      3734.254	     3.04218e+06	
      3734.311	     3.04235e+06	
      3734.368	     3.04251e+06	
      3734.425	     3.04268e+06	
      3734.482	     3.04286e+06	
      3734.539	     3.04303e+06	
      3734.652	     3.04337e+06	
      3734.829	     3.04390e+06	
      3734.878	     3.04405e+06	
      3734.929	     3.04420e+06	
      3735.029	     3.04450e+06	
      3735.124	     3.04478e+06	
      3735.173	     3.04492e+06	
      3735.229	     3.04509e+06	
      3735.334	     3.04540e+06	
      3735.391	     3.04557e+06	
      3735.495	     3.04588e+06	
      3735.817	     3.04683e+06	
      3736.000	     3.04737e+06	
      3736.243	     3.04809e+06	
      3736.486	     3.04881e+06	
      3736.971	     3.05025e+06	
      3737.826	     3.05278e+06	
      3737.943	     3.05313e+06	
      3738.060	     3.05347e+06	
      3738.294	     3.05417e+06	
      3738.587	     3.05504e+06	
      3738.762	     3.05555e+06	
      3738.937	     3.05607e+06	
      3739.287	     3.05711e+06	
      3739.498	     3.05773e+06	
      3739.987	     3.05918e+06	
      3740.476	     3.06062e+06	
      3741.212	     3.06280e+06	
      3741.453	     3.06351e+06	
      3741.694	     3.06422e+06	
      3742.092	     3.06540e+06	
      3742.176	     3.06565e+06	
      3742.260	     3.06590e+06	
      3742.428	     3.06640e+06	
      3742.671	     3.06711e+06	
      3742.733	     3.06730e+06	
      3742.764	     3.06739e+06	
      3742.795	     3.06748e+06	
      3742.864	     3.06768e+06	
      3742.919	     3.06785e+06	
      3743.167	     3.06858e+06	
      3743.663	     3.07004e+06	
      3744.620	     3.07287e+06	
      3744.654	     3.07297e+06	
      3746.445	     3.07826e+06	
      3747.605	     3.08168e+06	
      3748.269	     3.08364e+06	
      3748.844	     3.08533e+06	
      3748.904	     3.08551e+06	
      3748.934	     3.08560e+06	
      3748.964	     3.08569e+06	
      3748.986	     3.08575e+06	
      3749.084	     3.08604e+06	
      3749.118	     3.08614e+06	
      3749.182	     3.08633e+06	
      3749.378	     3.08691e+06	
      3749.409	     3.08700e+06	
      3749.638	     3.08767e+06	
      3749.753	     3.08801e+06	
      3749.867	     3.08834e+06	
      3749.924	     3.08850e+06	
      3749.981	     3.08866e+06	
      3750.038	     3.08882e+06	
      3750.095	     3.08898e+06	
      3750.152	     3.08914e+06	
      3750.209	     3.08931e+06	
      3750.266	     3.08949e+06	
      3750.323	     3.08967e+06	
      3750.437	     3.09002e+06	
      3750.616	     3.09055e+06	
      3750.665	     3.09070e+06	
      3750.716	     3.09085e+06	
      3750.816	     3.09114e+06	
      3750.910	     3.09142e+06	
      3751.016	     3.09173e+06	
      3751.122	     3.09205e+06	
      3751.334	     3.09267e+06	
      3751.481	     3.09311e+06	
      3751.758	     3.09392e+06	
      3752.035	     3.09474e+06	
      3752.588	     3.09637e+06	
      3753.533	     3.09915e+06	
      3753.696	     3.09963e+06	
      3753.782	     3.09988e+06	
      3753.859	     3.10011e+06	
      3754.185	     3.10107e+06	
      3754.274	     3.10133e+06	
      3754.837	     3.10299e+06	
      3755.892	     3.10609e+06	
      3756.086	     3.10666e+06	
      3757.473	     3.11074e+06	
      3757.509	     3.11085e+06	
      3757.548	     3.11096e+06	
      3758.932	     3.11503e+06	
      3760.390	     3.11931e+06	
      3761.656	     3.12303e+06	
      3762.717	     3.12614e+06	
      3763.233	     3.12765e+06	
      3764.809	     3.13227e+06	
      3765.066	     3.13303e+06	
      3766.902	     3.13840e+06	
      3768.545	     3.14323e+06	
      3768.737	     3.14376e+06	
      3768.929	     3.14433e+06	
      3768.971	     3.14445e+06	
      3769.196	     3.14511e+06	
      3769.313	     3.14546e+06	
      3769.655	     3.14646e+06	
      3769.885	     3.14712e+06	
      3770.114	     3.14778e+06	
      3770.228	     3.14813e+06	
      3770.343	     3.14844e+06	
      3770.401	     3.14860e+06	
      3770.458	     3.14876e+06	
      3770.515	     3.14891e+06	
      3770.573	     3.14907e+06	
      3770.630	     3.14923e+06	
      3770.687	     3.14938e+06	
      3770.745	     3.14957e+06	
      3770.802	     3.14976e+06	
      3770.867	     3.14998e+06	
      3770.916	     3.15011e+06	
      3770.967	     3.15026e+06	
      3770.988	     3.15033e+06	
      3771.003	     3.15039e+06	
      3771.067	     3.15058e+06	
      3771.146	     3.15080e+06	
      3771.304	     3.15127e+06	
      3771.604	     3.15215e+06	
      3771.890	     3.15300e+06	
      3771.951	     3.15319e+06	
      3772.206	     3.15391e+06	
      3772.522	     3.15485e+06	
      3773.154	     3.15670e+06	
      3774.357	     3.16019e+06	
      3775.497	     3.16352e+06	
      3776.762	     3.16723e+06	
      3777.127	     3.16830e+06	
      3778.027	     3.17090e+06	
      3778.399	     3.17200e+06	
      3778.927	     3.17354e+06	
      3780.726	     3.17876e+06	
      3781.844	     3.18202e+06	
      3783.053	     3.18554e+06	
      3783.159	     3.18586e+06	
      3784.263	     3.18906e+06	
      3785.367	     3.19227e+06	
      3786.225	     3.19475e+06	
      3787.401	     3.19817e+06	
      3787.574	     3.19868e+06	
      3788.924	     3.20260e+06	
      3790.447	     3.20703e+06	
      3792.841	     3.21394e+06	
      3793.492	     3.21583e+06	
      3794.143	     3.21771e+06	
      3794.897	     3.21991e+06	
      3795.066	     3.22038e+06	
      3795.444	     3.22148e+06	
      3795.991	     3.22305e+06	
      3796.454	     3.22441e+06	
      3796.916	     3.22572e+06	
      3797.147	     3.22638e+06	
      3797.378	     3.22704e+06	
      3797.494	     3.22736e+06	
      3797.609	     3.22767e+06	
      3797.666	     3.22783e+06	
      3797.724	     3.22799e+06	
      3797.782	     3.22811e+06	
      3797.840	     3.22824e+06	
      3797.898	     3.22839e+06	
      3797.956	     3.22858e+06	
      3798.014	     3.22877e+06	
      3798.072	     3.22899e+06	
      3798.187	     3.22934e+06	
      3798.367	     3.22990e+06	
      3798.416	     3.23003e+06	
      3798.467	     3.23019e+06	
      3798.567	     3.23050e+06	
      3798.655	     3.23075e+06	
      3798.753	     3.23103e+06	
      3798.767	     3.23107e+06	
      3798.837	     3.23129e+06	
      3798.879	     3.23141e+06	
      3798.921	     3.23154e+06	
      3799.046	     3.23188e+06	
      3799.089	     3.23201e+06	
      3799.425	     3.23298e+06	
      3799.471	     3.23314e+06	
      3799.804	     3.23408e+06	
      3800.562	     3.23628e+06	
      3801.653	     3.23942e+06	
      3802.319	     3.24137e+06	
      3803.834	     3.24574e+06	
      3805.349	     3.25010e+06	
      3807.837	     3.25727e+06	
      3808.378	     3.25881e+06	
      3808.919	     3.26038e+06	
      3810.000	     3.26349e+06	
      3811.586	     3.26804e+06	
      3812.164	     3.26971e+06	
      3812.742	     3.27137e+06	
      3813.897	     3.27467e+06	
      3815.777	     3.28007e+06	
      3816.093	     3.28099e+06	
      3816.209	     3.28130e+06	
      3816.641	     3.28256e+06	
      3817.439	     3.28491e+06	
      3817.504	     3.28510e+06	
      3818.916	     3.28925e+06	
      3820.393	     3.29365e+06	
      3822.566	     3.30015e+06	
      3823.346	     3.30247e+06	
      3823.512	     3.30294e+06	
      3824.126	     3.30480e+06	
      3825.685	     3.30942e+06	
      3826.804	     3.31275e+06	
      3827.859	     3.31589e+06	
      3828.914	     3.31903e+06	
      3830.454	     3.32359e+06	
      3831.023	     3.32528e+06	
      3831.592	     3.32698e+06	
      3832.001	     3.32817e+06	
      3832.525	     3.32971e+06	
      3832.730	     3.33034e+06	
      3833.458	     3.33248e+06	
      3833.925	     3.33386e+06	
      3834.392	     3.33521e+06	
      3834.626	     3.33587e+06	
      3834.859	     3.33653e+06	
      3834.975	     3.33687e+06	
      3835.092	     3.33716e+06	
      3835.151	     3.33731e+06	
      3835.209	     3.33744e+06	
      3835.267	     3.33757e+06	
      3835.326	     3.33769e+06	
      3835.384	     3.33782e+06	
      3835.442	     3.33804e+06	
      3835.501	     3.33826e+06	
      3835.559	     3.33848e+06	
      3835.626	     3.33873e+06	
      3835.675	     3.33888e+06	
      3835.726	     3.33907e+06	
      3835.743	     3.33914e+06	
      3835.774	     3.33923e+06	
      3835.826	     3.33939e+06	
      3835.909	     3.33964e+06	
      3836.075	     3.34017e+06	
      3836.376	     3.34108e+06	
      3836.646	     3.34190e+06	
      3836.977	     3.34291e+06	
      3837.029	     3.34303e+06	
      3837.308	     3.34388e+06	
      3837.970	     3.34586e+06	
      3838.647	     3.34787e+06	
      3838.911	     3.34866e+06	
      3839.175	     3.34944e+06	
      3839.703	     3.35098e+06	
      3840.758	     3.35409e+06	
      3842.753	     3.36000e+06	
      3842.831	     3.36022e+06	
      3842.870	     3.36034e+06	
      3842.909	     3.36047e+06	
      3843.065	     3.36091e+06	
      3843.377	     3.36185e+06	
      3844.001	     3.36367e+06	
      3844.588	     3.36543e+06	
      3845.248	     3.36735e+06	
      3845.547	     3.36826e+06	
      3845.908	     3.36930e+06	
      3847.228	     3.37319e+06	
      3847.442	     3.37382e+06	
      3848.908	     3.37815e+06	
      3850.375	     3.38246e+06	
      3851.976	     3.38714e+06	
      3853.308	     3.39107e+06	
      3854.640	     3.39499e+06	
      3855.701	     3.39810e+06	
      3857.303	     3.40278e+06	
      3858.906	     3.40750e+06	
      3862.006	     3.41658e+06	
      3862.111	     3.41689e+06	
      3862.216	     3.41717e+06	
      3862.426	     3.41780e+06	
      3862.846	     3.41903e+06	
      3863.685	     3.42148e+06	
      3865.170	     3.42581e+06	
      3865.365	     3.42638e+06	
      3865.560	     3.42694e+06	
      3865.950	     3.42807e+06	
      3866.730	     3.43037e+06	
      3867.675	     3.43310e+06	
      3868.289	     3.43489e+06	
      3868.903	     3.43668e+06	
      3870.131	     3.44026e+06	
      3871.324	     3.44372e+06	
      3872.586	     3.44740e+06	
      3873.848	     3.45104e+06	
      3876.324	     3.45823e+06	
      3876.368	     3.45836e+06	
      3876.371	     3.45836e+06	
      3876.374	     3.45836e+06	
      3876.424	     3.45852e+06	
      3876.524	     3.45880e+06	
      3876.724	     3.45936e+06	
      3876.947	     3.46002e+06	
      3877.124	     3.46053e+06	
      3877.924	     3.46285e+06	
      3878.900	     3.46565e+06	
      3880.290	     3.46967e+06	
      3880.854	     3.47127e+06	
      3881.418	     3.47291e+06	
      3882.546	     3.47614e+06	
      3884.398	     3.48145e+06	
      3884.801	     3.48258e+06	
      3884.923	     3.48293e+06	
      3885.204	     3.48374e+06	
      3886.010	     3.48604e+06	
      3886.151	     3.48641e+06	
      3887.096	     3.48908e+06	
      3887.568	     3.49040e+06	
      3888.042	     3.49169e+06	
      3888.280	     3.49232e+06	
      3888.516	     3.49295e+06	
      3888.633	     3.49323e+06	
      3888.752	     3.49348e+06	
      3888.844	     3.49367e+06	
      3888.866	     3.49370e+06	
      3888.871	     3.49370e+06	
      3888.898	     3.49373e+06	
      3888.930	     3.49377e+06	
      3888.989	     3.49380e+06	
      3889.048	     3.49389e+06	
      3889.107	     3.49414e+06	
      3889.166	     3.49442e+06	
      3889.225	     3.49471e+06	
      3889.294	     3.49502e+06	
      3889.343	     3.49518e+06	
      3889.394	     3.49537e+06	
      3889.408	     3.49543e+06	
      3889.450	     3.49556e+06	
      3889.494	     3.49571e+06	
      3889.580	     3.49600e+06	
      3889.752	     3.49656e+06	
      3890.054	     3.49747e+06	
      3890.315	     3.49826e+06	
      3890.474	     3.49876e+06	
      3890.657	     3.49929e+06	
      3890.999	     3.50030e+06	
      3891.683	     3.50231e+06	
      3892.892	     3.50583e+06	
      3893.942	     3.50888e+06	
      3894.458	     3.51038e+06	
      3895.309	     3.51283e+06	
      3896.219	     3.51544e+06	
      3896.677	     3.51676e+06	
      3898.895	     3.52314e+06	
      3899.603	     3.52518e+06	
      3901.572	     3.53080e+06	
      3903.894	     3.53743e+06	
      3904.248	     3.53844e+06	
      3908.893	     3.55166e+06	
      3913.891	     3.56583e+06	
      3918.890	     3.58101e+06	
      3923.889	     3.59628e+06	
      3928.216	     3.60944e+06	
      3928.353	     3.60988e+06	
      3928.887	     3.61148e+06	
      3929.559	     3.61352e+06	
      3930.903	     3.61761e+06	
      3933.453	     3.62534e+06	
      3935.810	     3.63244e+06	
      3937.347	     3.63705e+06	
      3938.885	     3.64170e+06	
      3940.036	     3.64516e+06	
      3941.960	     3.65091e+06	
      3943.883	     3.65666e+06	
      3946.579	     3.66470e+06	
      3947.730	     3.66812e+06	
      3948.882	     3.67155e+06	
      3950.653	     3.67679e+06	
      3951.015	     3.67786e+06	
      3951.186	     3.67837e+06	
      3951.718	     3.67994e+06	
      3952.784	     3.68308e+06	
      3954.554	     3.68826e+06	
      3957.306	     3.69630e+06	
      3958.093	     3.69857e+06	
      3958.624	     3.70010e+06	
      3958.880	     3.70086e+06	
      3960.453	     3.70538e+06	
      3962.283	     3.71060e+06	
      3965.737	     3.72031e+06	
      3965.942	     3.72087e+06	
      3966.147	     3.72147e+06	
      3966.557	     3.72257e+06	
      3966.675	     3.72291e+06	
      3967.279	     3.72455e+06	
      3967.376	     3.72483e+06	
      3968.078	     3.72671e+06	
      3968.709	     3.72838e+06	
      3968.877	     3.72882e+06	
      3969.045	     3.72926e+06	
      3969.234	     3.72970e+06	
      3969.287	     3.72986e+06	
      3969.381	     3.73008e+06	
      3969.528	     3.73039e+06	
      3969.648	     3.73064e+06	
      3969.769	     3.73083e+06	
      3969.830	     3.73089e+06	
      3969.890	     3.73089e+06	
      3969.950	     3.73083e+06	
      3970.011	     3.73077e+06	
      3970.071	     3.73080e+06	
      3970.131	     3.73111e+06	
      3970.192	     3.73155e+06	
      3970.252	     3.73196e+06	
      3970.323	     3.73237e+06	
      3970.372	     3.73259e+06	
      3970.423	     3.73281e+06	
      3970.432	     3.73284e+06	
      3970.495	     3.73312e+06	
      3970.523	     3.73322e+06	
      3970.613	     3.73356e+06	
      3970.795	     3.73422e+06	
      3971.096	     3.73526e+06	
      3971.333	     3.73604e+06	
      3971.591	     3.73689e+06	
      3971.698	     3.73724e+06	
      3972.063	     3.73840e+06	
      3972.793	     3.74069e+06	
      3973.995	     3.74443e+06	
      3974.936	     3.74735e+06	
      3976.398	     3.75182e+06	
      3976.845	     3.75320e+06	
      3977.860	     3.75628e+06	
      3978.874	     3.75932e+06	
      3979.577	     3.76143e+06	
      3980.904	     3.76539e+06	
      3982.230	     3.76935e+06	
      3984.180	     3.77509e+06	
      3984.884	     3.77717e+06	
      3985.119	     3.77786e+06	
      3985.588	     3.77924e+06	
      3986.995	     3.78336e+06	
      3988.872	     3.78882e+06	
      3991.379	     3.79611e+06	
      3992.625	     3.79969e+06	
      3993.854	     3.80327e+06	
      3993.870	     3.80331e+06	
      3996.362	     3.81047e+06	
      3998.869	     3.81766e+06	
      4003.868	     3.83193e+06	
      4008.866	     3.84613e+06	
      4013.865	     3.86042e+06	
      4018.864	     3.87497e+06	
      4023.863	     3.88939e+06	
      4025.341	     3.89363e+06	
      4028.861	     3.90374e+06	
      4032.381	     3.91380e+06	
      4032.946	     3.91540e+06	
      4033.860	     3.91801e+06	
      4035.902	     3.92379e+06	
      4038.859	     3.93217e+06	
      4043.857	     3.94625e+06	
      4048.856	     3.96023e+06	
      4053.855	     3.97411e+06	
      4058.853	     3.98787e+06	
      4063.852	     4.00154e+06	
      4068.851	     4.01502e+06	
      4073.849	     4.02837e+06	
      4075.421	     4.03249e+06	
      4078.848	     4.04144e+06	
      4082.275	     4.05020e+06	
      4082.559	     4.05090e+06	
      4084.004	     4.05454e+06	
      4085.702	     4.05872e+06	
      4088.845	     4.06626e+06	
      4089.695	     4.06821e+06	
      4093.687	     4.07700e+06	
      4096.515	     4.08266e+06	
      4097.679	     4.08486e+06	
      4098.010	     4.08548e+06	
      4098.678	     4.08668e+06	
      4098.843	     4.08699e+06	
      4099.676	     4.08844e+06	
      4100.174	     4.08929e+06	
      4100.673	     4.09007e+06	
      4100.922	     4.09042e+06	
      4101.172	     4.09067e+06	
      4101.297	     4.09073e+06	
      4101.422	     4.09067e+06	
      4101.485	     4.09057e+06	
      4101.547	     4.09039e+06	
      4101.609	     4.09001e+06	
      4101.672	     4.08960e+06	
      4101.734	     4.08944e+06	
      4101.797	     4.08991e+06	
      4101.859	     4.09064e+06	
      4101.922	     4.09136e+06	
      4102.047	     4.09230e+06	
      4102.296	     4.09359e+06	
      4102.745	     4.09544e+06	
      4102.794	     4.09560e+06	
      4102.845	     4.09582e+06	
      4102.945	     4.09617e+06	
      4103.145	     4.09692e+06	
      4103.296	     4.09745e+06	
      4103.545	     4.09833e+06	
      4103.794	     4.09921e+06	
      4104.291	     4.10094e+06	
      4104.785	     4.10267e+06	
      4105.287	     4.10437e+06	
      4105.789	     4.10609e+06	
      4106.793	     4.10945e+06	
      4108.680	     4.11564e+06	
      4108.760	     4.11589e+06	
      4108.800	     4.11605e+06	
      4108.840	     4.11618e+06	
      4108.859	     4.11624e+06	
      4109.000	     4.11671e+06	
      4109.320	     4.11778e+06	
      4109.781	     4.11932e+06	
      4110.703	     4.12237e+06	
      4111.319	     4.12435e+06	
      4112.546	     4.12827e+06	
      4113.774	     4.13214e+06	
      4114.693	     4.13500e+06	
      4116.229	     4.13968e+06	
      4116.694	     4.14106e+06	
      4117.766	     4.14429e+06	
      4118.126	     4.14536e+06	
      4118.838	     4.14744e+06	
      4120.981	     4.15369e+06	
      4123.836	     4.16189e+06	
      4126.144	     4.16839e+06	
      4128.835	     4.17590e+06	
      4129.605	     4.17804e+06	
      4131.526	     4.18334e+06	
      4133.834	     4.18966e+06	
      4134.219	     4.19070e+06	
      4138.832	     4.20320e+06	
      4143.831	     4.21658e+06	
      4148.830	     4.22981e+06	
      4153.828	     4.24291e+06	
      4158.827	     4.25592e+06	
      4163.826	     4.26876e+06	
      4168.824	     4.28152e+06	
      4173.823	     4.29418e+06	
      4178.822	     4.30672e+06	
      4183.820	     4.31916e+06	
      4188.819	     4.33150e+06	
      4193.818	     4.34372e+06	
      4198.817	     4.35585e+06	
      4203.815	     4.36788e+06	
      4208.814	     4.37998e+06	
      4213.813	     4.39207e+06	
      4216.525	     4.39861e+06	
      4217.242	     4.40033e+06	
      4218.811	     4.40407e+06	
      4221.098	     4.40954e+06	
      4223.810	     4.41598e+06	
      4224.954	     4.41868e+06	
      4228.809	     4.42776e+06	
      4233.807	     4.43945e+06	
      4238.806	     4.45101e+06	
      4243.805	     4.46248e+06	
      4248.803	     4.47382e+06	
      4253.802	     4.48503e+06	
      4258.801	     4.49615e+06	
      4263.799	     4.50715e+06	
      4268.798	     4.51802e+06	
      4273.797	     4.52876e+06	
      4278.795	     4.53935e+06	
      4283.794	     4.54981e+06	
      4288.793	     4.56008e+06	
      4293.791	     4.57017e+06	
      4298.790	     4.58003e+06	
      4303.789	     4.58952e+06	
      4308.788	     4.59832e+06	
      4313.786	     4.60649e+06	
      4314.073	     4.60693e+06	
      4318.785	     4.61374e+06	
      4320.854	     4.61632e+06	
      4323.497	     4.61915e+06	
      4326.139	     4.62125e+06	
      4326.475	     4.62144e+06	
      4328.782	     4.62238e+06	
      4330.233	     4.62248e+06	
      4331.090	     4.62235e+06	
      4331.149	     4.62232e+06	
      4331.946	     4.62204e+06	
      4333.660	     4.62094e+06	
      4334.060	     4.62059e+06	
      4336.171	     4.61820e+06	
      4337.786	     4.61597e+06	
      4338.220	     4.61538e+06	
      4338.283	     4.61528e+06	
      4338.780	     4.61456e+06	
      4338.812	     4.61453e+06	
      4339.339	     4.61368e+06	
      4339.602	     4.61318e+06	
      4339.867	     4.61245e+06	
      4340.001	     4.61192e+06	
      4340.132	     4.61117e+06	
      4340.197	     4.61060e+06	
      4340.263	     4.60969e+06	
      4340.329	     4.60840e+06	
      4340.395	     4.60699e+06	
      4340.461	     4.60627e+06	
      4340.527	     4.60721e+06	
      4340.593	     4.60887e+06	
      4340.659	     4.61044e+06	
      4340.791	     4.61236e+06	
      4341.005	     4.61428e+06	
      4341.055	     4.61462e+06	
      4341.105	     4.61497e+06	
      4341.205	     4.61560e+06	
      4341.227	     4.61575e+06	
      4341.238	     4.61582e+06	
      4341.405	     4.61679e+06	
      4341.583	     4.61780e+06	
      4341.939	     4.61968e+06	
      4342.640	     4.62326e+06	
      4343.330	     4.62675e+06	
      4343.570	     4.62797e+06	
      4344.041	     4.63036e+06	
      4344.752	     4.63394e+06	
      4346.174	     4.64089e+06	
      4348.578	     4.65172e+06	
      4348.777	     4.65257e+06	
      4348.976	     4.65339e+06	
      4349.374	     4.65502e+06	
      4350.170	     4.65820e+06	
      4350.322	     4.65876e+06	
      4351.761	     4.66410e+06	
      4353.201	     4.66907e+06	
      4354.734	     4.67397e+06	
      4356.077	     4.67802e+06	
      4356.080	     4.67802e+06	
      4357.426	     4.68185e+06	
      4358.774	     4.68550e+06	
      4359.170	     4.68653e+06	
      4361.472	     4.69222e+06	
      4363.773	     4.69769e+06	
      4367.980	     4.70699e+06	
      4368.376	     4.70780e+06	
      4368.524	     4.70812e+06	
      4368.772	     4.70865e+06	
      4369.563	     4.71028e+06	
      4371.147	     4.71355e+06	
      4373.770	     4.71880e+06	
      4378.769	     4.72844e+06	
      4383.768	     4.73774e+06	
      4388.766	     4.74676e+06	
      4393.765	     4.75555e+06	
      4398.764	     4.76419e+06	
      4403.762	     4.77139e+06	
      4408.761	     4.77799e+06	
      4413.760	     4.78449e+06	
      4418.758	     4.79090e+06	
      4423.757	     4.79727e+06	
      4428.756	     4.80356e+06	
      4433.754	     4.80981e+06	
      4438.753	     4.81600e+06	
      4443.752	     4.82212e+06	
      4448.751	     4.82822e+06	
      4453.749	     4.83425e+06	
      4458.748	     4.84022e+06	
      4463.747	     4.84616e+06	
      4468.745	     4.85203e+06	
      4473.744	     4.85788e+06	
      4478.743	     4.86366e+06	
      4483.741	     4.86941e+06	
      4488.740	     4.87512e+06	
      4493.739	     4.88078e+06	
      4498.737	     4.88725e+06	
      4503.736	     4.89564e+06	
      4508.735	     4.90390e+06	
      4513.733	     4.91204e+06	
      4514.118	     4.91267e+06	
      4518.732	     4.92008e+06	
      4523.346	     4.92740e+06	
      4527.190	     4.93343e+06	
      4527.960	     4.93463e+06	
      4528.729	     4.93582e+06	
      4530.269	     4.93821e+06	
      4532.968	     4.94235e+06	
      4533.288	     4.94286e+06	
      4533.348	     4.94295e+06	
      4533.728	     4.94352e+06	
      4534.488	     4.94468e+06	
      4536.007	     4.94700e+06	
      4538.727	     4.95112e+06	
      4543.725	     4.95860e+06	
      4548.724	     4.96598e+06	
      4553.723	     4.97327e+06	
      4558.721	     4.98043e+06	
      4563.720	     4.98750e+06	
      4568.719	     4.99444e+06	
      4573.717	     5.00129e+06	
      4578.716	     5.00808e+06	
      4583.715	     5.01470e+06	
      4588.713	     5.02127e+06	
      4593.712	     5.02774e+06	
      4596.529	     5.03095e+06	
      4596.984	     5.03145e+06	
      4598.711	     5.03340e+06	
      4600.892	     5.03578e+06	
      4603.709	     5.03886e+06	
      4604.800	     5.04006e+06	
      4608.708	     5.04427e+06	
      4613.707	     5.04961e+06	
      4618.705	     5.05489e+06	
      4623.704	     5.06007e+06	
      4628.703	     5.06522e+06	
      4633.701	     5.07031e+06	
      4638.700	     5.07531e+06	
      4643.699	     5.08027e+06	
      4648.697	     5.08517e+06	
      4653.696	     5.09001e+06	
      4658.695	     5.09478e+06	
      4663.694	     5.09950e+06	
      4668.692	     5.10415e+06	
      4673.691	     5.10873e+06	
      4678.690	     5.11326e+06	
      4683.688	     5.11772e+06	
      4688.687	     5.12212e+06	
      4693.686	     5.12636e+06	
      4698.684	     5.13038e+06	
      4703.683	     5.13437e+06	
      4708.682	     5.13829e+06	
      4713.680	     5.14216e+06	
      4715.603	     5.14360e+06	
      4718.679	     5.14596e+06	
      4720.984	     5.14769e+06	
      4721.755	     5.14828e+06	
      4723.678	     5.14970e+06	
      4724.830	     5.15058e+06	
      4728.676	     5.15341e+06	
      4733.675	     5.15705e+06	
      4738.674	     5.16063e+06	
      4743.672	     5.16412e+06	
      4748.671	     5.16757e+06	
      4753.670	     5.17097e+06	
      4758.668	     5.17427e+06	
      4763.667	     5.17750e+06	
      4768.666	     5.18064e+06	
      4773.664	     5.18369e+06	
      4778.663	     5.18664e+06	
      4783.662	     5.18947e+06	
      4788.660	     5.19214e+06	
      4793.659	     5.19459e+06	
      4798.658	     5.19685e+06	
      4803.656	     5.19883e+06	
      4808.655	     5.20050e+06	
      4813.654	     5.20172e+06	
      4818.652	     5.20235e+06	
      4823.651	     5.20210e+06	
      4828.650	     5.20059e+06	
      4833.648	     5.19711e+06	
      4834.972	     5.19575e+06	
      4838.647	     5.19054e+06	
      4839.161	     5.18963e+06	
      4842.322	     5.18259e+06	
      4845.483	     5.17257e+06	
      4845.503	     5.17251e+06	
      4847.054	     5.16616e+06	
      4848.644	     5.15843e+06	
      4851.785	     5.13886e+06	
      4854.393	     5.11759e+06	
      4856.517	     5.09698e+06	
      4858.401	     5.07738e+06	
      4858.642	     5.07487e+06	
      4858.664	     5.07461e+06	
      4858.883	     5.07235e+06	
      4859.364	     5.06733e+06	
      4859.473	     5.06620e+06	
      4860.065	     5.05988e+06	
      4860.361	     5.05639e+06	
      4860.657	     5.05231e+06	
      4860.805	     5.04973e+06	
      4860.953	     5.04628e+06	
      4861.027	     5.04386e+06	
      4861.101	     5.04031e+06	
      4861.175	     5.03506e+06	
      4861.248	     5.02956e+06	
      4861.322	     5.02661e+06	
      4861.396	     5.02966e+06	
      4861.470	     5.03528e+06	
      4861.543	     5.04056e+06	
      4861.641	     5.04505e+06	
      4861.687	     5.04656e+06	
      4861.689	     5.04662e+06	
      4861.691	     5.04669e+06	
      4861.695	     5.04681e+06	
      4861.741	     5.04807e+06	
      4861.841	     5.05033e+06	
      4861.979	     5.05291e+06	
      4861.987	     5.05303e+06	
      4862.279	     5.05740e+06	
      4862.579	     5.06123e+06	
      4862.596	     5.06145e+06	
      4863.178	     5.06830e+06	
      4863.727	     5.07461e+06	
      4863.761	     5.07502e+06	
      4864.927	     5.08847e+06	
      4866.127	     5.10223e+06	
      4868.413	     5.12670e+06	
      4868.526	     5.12783e+06	
      4868.639	     5.12896e+06	
      4868.865	     5.13116e+06	
      4869.317	     5.13550e+06	
      4869.583	     5.13795e+06	
      4870.221	     5.14370e+06	
      4870.858	     5.14913e+06	
      4872.134	     5.15915e+06	
      4874.623	     5.17581e+06	
      4874.685	     5.17618e+06	
      4874.747	     5.17656e+06	
      4874.871	     5.17728e+06	
      4875.119	     5.17873e+06	
      4875.615	     5.18149e+06	
      4876.607	     5.18671e+06	
      4878.452	     5.19528e+06	
      4878.544	     5.19566e+06	
      4878.590	     5.19588e+06	
      4878.636	     5.19607e+06	
      4878.820	     5.19682e+06	
      4879.188	     5.19833e+06	
      4879.526	     5.19968e+06	
      4879.924	     5.20122e+06	
      4880.322	     5.20270e+06	
      4880.941	     5.20493e+06	
      4881.118	     5.20556e+06	
      4882.709	     5.21071e+06	
      4884.478	     5.21580e+06	
      4887.396	     5.22287e+06	
      4888.015	     5.22419e+06	
      4888.634	     5.22547e+06	
      4889.871	     5.22789e+06	
      4891.061	     5.23006e+06	
      4892.347	     5.23223e+06	
      4893.632	     5.23427e+06	
      4893.777	     5.23449e+06	
      4896.204	     5.23795e+06	
      4898.631	     5.24102e+06	
      4903.340	     5.24621e+06	
      4903.485	     5.24637e+06	
      4903.630	     5.24652e+06	
      4903.920	     5.24681e+06	
      4904.499	     5.24737e+06	
      4905.659	     5.24847e+06	
      4907.328	     5.24998e+06	
      4907.977	     5.25054e+06	
      4908.628	     5.25111e+06	
      4909.929	     5.25221e+06	
      4911.434	     5.25340e+06	
      4912.530	     5.25425e+06	
      4913.014	     5.25463e+06	
      4913.627	     5.25510e+06	
      4915.550	     5.25648e+06	
      4915.820	     5.25670e+06	
      4918.240	     5.25837e+06	
      4918.626	     5.25862e+06	
      4921.701	     5.26063e+06	
      4923.624	     5.26185e+06	
      4925.162	     5.26276e+06	
      4928.623	     5.26481e+06	
      4933.622	     5.26757e+06	
      4938.620	     5.27015e+06	
      4943.619	     5.27263e+06	
      4948.618	     5.27499e+06	
      4953.616	     5.27725e+06	
      4958.615	     5.27942e+06	
      4963.614	     5.28152e+06	
      4968.612	     5.28356e+06	
      4973.611	     5.28554e+06	
      4978.610	     5.28746e+06	
      4983.608	     5.28931e+06	
      4988.607	     5.29104e+06	
      4993.606	     5.29274e+06	
      4998.604	     5.29440e+06	
      5003.603	     5.29600e+06	
      5008.602	     5.29757e+06	
      5013.600	     5.29908e+06	
      5018.599	     5.30059e+06	
      5023.598	     5.30203e+06	
      5028.596	     5.30345e+06	
      5033.595	     5.30483e+06	
      5038.594	     5.30618e+06	
      5043.592	     5.30750e+06	
      5048.591	     5.30879e+06	
      5053.590	     5.31005e+06	
      5058.588	     5.31127e+06	
      5063.587	     5.31246e+06	
      5068.586	     5.31360e+06	
      5073.584	     5.31473e+06	
      5078.583	     5.31583e+06	
      5083.582	     5.31677e+06	
      5088.580	     5.31768e+06	
      5093.579	     5.31853e+06	
      5098.578	     5.31934e+06	
      5103.576	     5.32016e+06	
      5108.575	     5.32092e+06	
      5113.574	     5.32167e+06	
      5118.572	     5.32239e+06	
      5123.571	     5.32308e+06	
      5128.570	     5.32377e+06	
      5133.568	     5.32440e+06	
      5138.567	     5.32503e+06	
      5143.566	     5.32563e+06	
      5148.564	     5.32619e+06	
      5153.563	     5.32673e+06	
      5158.562	     5.32726e+06	
      5163.560	     5.32773e+06	
      5168.559	     5.32820e+06	
      5173.558	     5.32868e+06	
      5178.556	     5.32905e+06	
      5183.555	     5.32930e+06	
      5188.554	     5.32955e+06	
      5193.552	     5.32977e+06	
      5198.551	     5.32999e+06	
      5203.550	     5.33018e+06	
      5208.548	     5.33034e+06	
      5213.547	     5.33047e+06	
      5218.546	     5.33059e+06	
      5223.544	     5.33065e+06	
      5228.543	     5.33075e+06	
      5233.542	     5.33078e+06	
      5238.540	     5.33081e+06	
      5243.539	     5.33081e+06	
      5248.537	     5.33078e+06	
      5253.536	     5.33075e+06	
      5258.535	     5.33069e+06	
      5263.533	     5.33062e+06	
      5268.532	     5.33050e+06	
      5273.531	     5.33037e+06	
      5278.529	     5.33069e+06	
      5283.528	     5.33100e+06	
      5288.527	     5.33131e+06	
      5293.525	     5.33160e+06	
      5298.524	     5.33182e+06	
      5303.523	     5.33204e+06	
      5308.521	     5.33219e+06	
      5313.520	     5.33235e+06	
      5318.519	     5.33248e+06	
      5323.517	     5.33254e+06	
      5328.516	     5.33260e+06	
      5333.515	     5.33263e+06	
      5338.513	     5.33260e+06	
      5343.512	     5.33257e+06	
      5348.511	     5.33251e+06	
      5353.509	     5.33241e+06	
      5358.508	     5.33229e+06	
      5363.507	     5.33223e+06	
      5368.505	     5.33207e+06	
      5373.504	     5.33163e+06	
      5378.503	     5.33094e+06	
      5383.501	     5.33021e+06	
      5388.500	     5.32949e+06	
      5393.499	     5.32871e+06	
      5398.497	     5.32795e+06	
      5403.496	     5.32714e+06	
      5408.495	     5.32632e+06	
      5413.493	     5.32550e+06	
      5418.492	     5.32465e+06	
      5423.491	     5.32377e+06	
      5428.489	     5.32289e+06	
      5433.488	     5.32198e+06	
      5438.487	     5.32104e+06	
      5443.485	     5.32010e+06	
      5448.484	     5.31916e+06	
      5453.483	     5.31818e+06	
      5458.481	     5.31718e+06	
      5463.480	     5.31617e+06	
      5468.479	     5.31513e+06	
      5473.477	     5.31441e+06	
      5478.476	     5.31363e+06	
      5483.475	     5.31287e+06	
      5488.473	     5.31206e+06	
      5493.472	     5.31124e+06	
      5498.471	     5.31039e+06	
      5503.469	     5.30954e+06	
      5508.468	     5.30866e+06	
      5513.466	     5.30775e+06	
      5518.465	     5.30684e+06	
      5523.464	     5.30590e+06	
      5528.462	     5.30496e+06	
      5533.461	     5.30398e+06	
      5538.460	     5.30298e+06	
      5543.458	     5.30197e+06	
      5548.457	     5.30093e+06	
      5553.456	     5.29987e+06	
      5558.454	     5.29880e+06	
      5563.453	     5.29770e+06	
      5568.452	     5.29660e+06	
      5573.450	     5.29544e+06	
      5578.449	     5.29431e+06	
      5583.448	     5.29311e+06	
      5588.446	     5.29192e+06	
      5593.445	     5.29072e+06	
      5598.444	     5.28950e+06	
      5603.442	     5.28824e+06	
      5608.441	     5.28699e+06	
      5613.440	     5.28570e+06	
      5618.438	     5.28441e+06	
      5623.437	     5.28309e+06	
      5628.436	     5.28174e+06	
      5633.434	     5.28039e+06	
      5638.433	     5.27904e+06	
      5643.432	     5.27766e+06	
      5648.430	     5.27624e+06	
      5653.429	     5.27483e+06	
      5658.428	     5.27341e+06	
      5663.426	     5.27194e+06	
      5668.425	     5.27056e+06	
      5673.424	     5.26908e+06	
      5673.979	     5.26892e+06	
      5678.422	     5.26757e+06	
      5682.865	     5.26622e+06	
      5686.198	     5.26518e+06	
      5687.309	     5.26487e+06	
      5687.864	     5.26468e+06	
      5688.420	     5.26452e+06	
      5690.641	     5.26383e+06	
      5693.418	     5.26295e+06	
      5698.417	     5.26138e+06	
      5703.415	     5.25981e+06	
      5704.770	     5.25937e+06	
      5708.414	     5.25821e+06	
      5708.882	     5.25805e+06	
      5712.058	     5.25702e+06	
      5713.413	     5.25658e+06	
      5715.234	     5.25598e+06	
      5718.411	     5.25494e+06	
      5723.410	     5.25331e+06	
      5728.409	     5.25164e+06	
      5733.407	     5.24998e+06	
      5738.406	     5.24828e+06	
      5743.405	     5.24655e+06	
      5748.403	     5.24486e+06	
      5753.402	     5.24310e+06	
      5758.401	     5.24134e+06	
      5763.399	     5.23914e+06	
      5768.398	     5.23735e+06	
      5773.397	     5.23553e+06	
      5778.395	     5.23370e+06	
      5783.394	     5.23188e+06	
      5788.393	     5.23006e+06	
      5793.391	     5.22818e+06	
      5798.390	     5.22632e+06	
      5803.389	     5.22444e+06	
      5808.387	     5.22252e+06	
      5813.386	     5.22060e+06	
      5818.385	     5.21869e+06	
      5823.383	     5.21674e+06	
      5828.382	     5.21479e+06	
      5833.381	     5.21281e+06	
      5838.379	     5.21083e+06	
      5843.378	     5.20882e+06	
      5848.377	     5.20681e+06	
      5853.375	     5.20480e+06	
      5858.374	     5.20276e+06	
      5863.372	     5.20072e+06	
      5868.371	     5.19864e+06	
      5873.370	     5.19660e+06	
      5878.368	     5.19450e+06	
      5883.367	     5.19239e+06	
      5888.366	     5.19029e+06	
      5893.364	     5.18818e+06	
      5898.363	     5.18605e+06	
      5903.362	     5.18388e+06	
      5908.360	     5.18174e+06	
      5913.359	     5.17954e+06	
      5918.358	     5.17738e+06	
      5923.356	     5.17518e+06	
      5928.355	     5.17298e+06	
      5933.354	     5.17075e+06	
      5938.352	     5.16852e+06	
      5943.351	     5.16625e+06	
      5948.350	     5.16399e+06	
      5953.348	     5.16173e+06	
      5958.347	     5.15944e+06	
      5963.346	     5.15711e+06	
      5968.344	     5.15479e+06	
      5973.343	     5.15246e+06	
      5978.342	     5.15014e+06	
      5983.340	     5.14778e+06	
      5988.339	     5.14539e+06	
      5993.338	     5.14304e+06	
      5998.336	     5.14065e+06	
      6003.335	     5.13823e+06	
      6008.333	     5.13581e+06	
      6013.332	     5.13339e+06	
      6018.331	     5.13097e+06	
      6023.329	     5.12852e+06	
      6028.328	     5.12607e+06	
      6033.327	     5.12359e+06	
      6038.325	     5.12111e+06	
      6043.324	     5.11863e+06	
      6048.323	     5.11612e+06	
      6053.321	     5.11363e+06	
      6058.320	     5.11109e+06	
      6063.319	     5.10858e+06	
      6068.317	     5.10603e+06	
      6073.316	     5.10345e+06	
      6078.315	     5.10091e+06	
      6083.313	     5.09833e+06	
      6088.312	     5.09573e+06	
      6093.311	     5.09315e+06	
      6098.309	     5.09054e+06	
      6103.308	     5.08790e+06	
      6108.307	     5.08530e+06	
      6113.305	     5.08266e+06	
      6118.304	     5.07999e+06	
      6123.303	     5.07735e+06	
      6128.301	     5.07468e+06	
      6133.300	     5.07198e+06	
      6138.298	     5.06931e+06	
      6143.297	     5.06660e+06	
      6148.296	     5.06390e+06	
      6153.294	     5.06117e+06	
      6158.293	     5.05844e+06	
      6163.292	     5.05570e+06	
      6168.290	     5.05294e+06	
      6173.289	     5.05017e+06	
      6178.288	     5.04741e+06	
      6183.286	     5.04461e+06	
      6188.285	     5.04182e+06	
      6193.284	     5.03902e+06	
      6198.282	     5.03619e+06	
      6203.281	     5.03337e+06	
      6208.280	     5.03054e+06	
      6213.278	     5.02771e+06	
      6218.277	     5.02485e+06	
      6223.276	     5.02196e+06	
      6228.274	     5.01910e+06	
      6233.273	     5.01621e+06	
      6238.272	     5.01332e+06	
      6243.270	     5.01040e+06	
      6244.381	     5.00974e+06	
      6248.269	     5.00748e+06	
      6252.157	     5.00522e+06	
      6253.821	     5.00424e+06	
      6256.044	     5.00292e+06	
      6258.266	     5.00160e+06	
      6262.157	     4.99931e+06	
      6262.711	     4.99900e+06	
      6263.265	     4.99865e+06	
      6264.372	     4.99799e+06	
      6264.912	     4.99768e+06	
      6266.588	     4.99670e+06	
      6268.263	     4.99570e+06	
      6269.967	     4.99469e+06	
      6271.615	     4.99369e+06	
      6273.262	     4.99271e+06	
      6274.854	     4.99177e+06	
      6276.557	     4.99073e+06	
      6278.261	     4.98973e+06	
      6280.076	     4.98863e+06	
      6281.668	     4.98769e+06	
      6283.259	     4.98671e+06	
      6284.627	     4.98590e+06	
      6286.443	     4.98480e+06	
      6288.258	     4.98370e+06	
      6290.521	     4.98235e+06	
      6291.889	     4.98150e+06	
      6293.257	     4.98068e+06	
      6293.729	     4.98040e+06	
      6295.992	     4.97902e+06	
      6298.255	     4.97763e+06	
      6302.310	     4.97515e+06	
      6302.782	     4.97487e+06	
      6303.254	     4.97459e+06	
      6303.918	     4.97418e+06	
      6304.198	     4.97402e+06	
      6306.085	     4.97286e+06	
      6308.253	     4.97151e+06	
      6311.924	     4.96925e+06	
      6312.587	     4.96884e+06	
      6313.251	     4.96843e+06	
      6314.579	     4.96761e+06	
      6316.219	     4.96661e+06	
      6317.234	     4.96598e+06	
      6317.314	     4.96592e+06	
      6318.250	     4.96535e+06	
      6320.281	     4.96406e+06	
      6323.249	     4.96221e+06	
      6328.247	     4.95910e+06	
      6333.246	     4.95596e+06	
      6338.245	     4.95278e+06	
      6343.243	     4.94958e+06	
      6348.242	     4.94637e+06	
      6353.241	     4.94317e+06	
      6358.239	     4.93990e+06	
      6363.238	     4.93664e+06	
      6368.236	     4.93334e+06	
      6373.235	     4.93001e+06	
      6378.234	     4.92668e+06	
      6383.232	     4.92328e+06	
      6388.231	     4.91986e+06	
      6393.230	     4.91640e+06	
      6398.228	     4.91289e+06	
      6403.227	     4.90934e+06	
      6408.226	     4.90572e+06	
      6413.224	     4.90208e+06	
      6418.223	     4.89837e+06	
      6423.222	     4.89457e+06	
      6428.220	     4.89071e+06	
      6433.219	     4.88675e+06	
      6438.218	     4.88266e+06	
      6443.216	     4.87848e+06	
      6448.215	     4.87415e+06	
      6453.214	     4.86969e+06	
      6458.212	     4.86501e+06	
      6463.211	     4.86014e+06	
      6468.210	     4.85499e+06	
      6473.208	     4.84955e+06	
      6478.207	     4.84371e+06	
      6483.205	     4.83742e+06	
      6488.204	     4.83061e+06	
      6493.203	     4.82307e+06	
      6498.201	     4.81468e+06	
      6503.200	     4.80522e+06	
      6508.199	     4.79435e+06	
      6513.197	     4.78166e+06	
      6518.196	     4.76661e+06	
      6523.195	     4.74836e+06	
      6523.719	     4.74622e+06	
      6528.193	     4.72583e+06	
      6532.668	     4.70070e+06	
      6536.095	     4.67733e+06	
      6537.143	     4.66932e+06	
      6537.383	     4.66740e+06	
      6538.191	     4.66084e+06	
      6540.286	     4.64243e+06	
      6543.189	     4.61305e+06	
      6546.457	     4.57372e+06	
      6546.724	     4.57020e+06	
      6548.188	     4.54984e+06	
      6549.918	     4.52358e+06	
      6553.113	     4.46838e+06	
      6554.426	     4.44312e+06	
      6556.306	     4.40451e+06	
      6556.871	     4.39235e+06	
      6557.903	     4.36948e+06	
      6558.185	     4.36304e+06	
      6559.500	     4.33194e+06	
      6560.298	     4.31256e+06	
      6561.096	     4.29393e+06	
      6561.496	     4.28328e+06	
      6561.895	     4.27027e+06	
      6562.094	     4.26182e+06	
      6562.294	     4.25039e+06	
      6562.394	     4.24253e+06	
      6562.494	     4.23103e+06	
      6562.594	     4.21542e+06	
      6562.693	     4.20053e+06	
      6562.793	     4.19233e+06	
      6562.892	     4.20028e+06	
      6562.992	     4.21523e+06	
      6563.092	     4.23075e+06	
      6563.289	     4.24970e+06	
      6563.291	     4.24985e+06	
      6563.490	     4.26107e+06	
      6563.691	     4.26939e+06	
      6563.696	     4.26958e+06	
      6564.093	     4.28212e+06	
      6564.481	     4.29208e+06	
      6564.490	     4.29230e+06	
      6565.283	     4.31001e+06	
      6566.086	     4.32871e+06	
      6567.201	     4.35406e+06	
      6567.692	     4.36477e+06	
      6568.183	     4.37523e+06	
      6569.048	     4.39317e+06	
      6569.164	     4.39553e+06	
      6569.280	     4.39788e+06	
      6569.334	     4.39898e+06	
      6569.512	     4.40253e+06	
      6569.976	     4.41174e+06	
      6570.904	     4.42958e+06	
      6572.473	     4.45814e+06	
      6575.558	     4.50797e+06	
      6575.613	     4.50875e+06	
      6575.667	     4.50957e+06	
      6575.777	     4.51117e+06	
      6575.997	     4.51437e+06	
      6576.437	     4.52063e+06	
      6576.454	     4.52085e+06	
      6576.632	     4.52333e+06	
      6577.317	     4.53263e+06	
      6578.180	     4.54381e+06	
      6579.905	     4.56448e+06	
      6583.178	     4.59804e+06	
      6587.911	     4.63555e+06	
      6588.177	     4.63734e+06	
      6588.443	     4.63910e+06	
      6588.975	     4.64252e+06	
      6590.039	     4.64902e+06	
      6591.023	     4.65468e+06	
      6592.166	     4.66080e+06	
      6593.014	     4.66508e+06	
      6593.309	     4.66649e+06	
      6595.594	     4.67673e+06	
      6598.174	     4.68663e+06	
      6603.335	     4.70221e+06	
      6613.656	     4.72150e+06	
      6623.977	     4.73108e+06	
      6634.299	     4.73510e+06	
      6654.941	     4.73425e+06	
      6675.584	     4.72737e+06	
      6680.975	     4.72502e+06	
      6696.226	     4.71760e+06	
      6711.477	     4.70934e+06	
      6741.979	     4.69134e+06	
      6781.185	     4.66649e+06	
      6802.982	     4.65220e+06	
      6824.779	     4.63765e+06	
      6868.373	     4.60825e+06	
      6955.562	     4.54802e+06	
      6976.354	     4.53344e+06	
      7042.750	     4.48645e+06	
      7109.146	     4.43898e+06	
      7175.542	     4.39154e+06	
      7241.938	     4.34379e+06	
      7308.334	     4.29572e+06	
      7355.946	     4.26110e+06	
      7374.730	     4.24765e+06	
      7393.514	     4.23396e+06	
      7431.082	     4.20681e+06	
      7506.218	     4.15240e+06	
      7581.353	     4.09786e+06	
      7635.097	     4.05884e+06	
      7656.489	     4.04332e+06	
      7677.881	     4.02780e+06	
      7720.666	     3.99708e+06	
      7806.234	     3.93569e+06	
      7821.358	     3.92485e+06	
      7891.803	     3.87449e+06	
      7962.248	     3.82426e+06	
      7982.837	     3.80968e+06	
      8032.693	     3.77453e+06	
      8082.550	     3.73944e+06	
      8161.675	     3.68424e+06	
      8182.262	     3.66991e+06	
      8200.850	     3.65700e+06	
      8202.850	     3.65562e+06	
      8204.849	     3.65424e+06	
      8208.848	     3.65147e+06	
      8216.846	     3.64594e+06	
      8232.842	     3.63495e+06	
      8264.833	     3.61293e+06	
      8289.715	     3.59587e+06	
      8328.816	     3.56910e+06	
      8343.441	     3.55911e+06	
      8367.916	     3.54243e+06	
      8371.465	     3.54004e+06	
      8388.684	     3.52839e+06	
      8392.391	     3.52587e+06	
      8408.650	     3.51491e+06	
      8413.318	     3.51177e+06	
      8432.024	     3.49917e+06	
      8437.951	     3.49518e+06	
      8467.252	     3.47551e+06	
      8473.978	     3.47099e+06	
      8502.481	     3.45192e+06	
      8516.584	     3.44253e+06	
      8530.983	     3.43291e+06	
      8545.382	     3.42339e+06	
      8549.972	     3.42038e+06	
      8574.180	     3.40442e+06	
      8598.388	     3.38852e+06	
      8628.597	     3.36870e+06	
      8646.805	     3.35682e+06	
      8652.391	     3.35318e+06	
      8665.013	     3.34495e+06	
      8685.587	     3.33156e+06	
      8701.429	     3.32126e+06	
      8750.468	     3.28956e+06	
      8767.917	     3.27831e+06	
      8815.350	     3.24787e+06	
      8862.782	     3.21790e+06	
      8900.383	     3.19428e+06	
      8957.646	     3.15853e+06	
      9014.908	     3.12304e+06	
      9044.624	     3.10475e+06	
      9072.171	     3.08785e+06	
      9099.717	     3.07101e+06	
      9154.810	     3.03786e+06	
      9190.798	     3.01634e+06	
      9209.903	     3.00496e+06	
      9229.009	     2.99360e+06	
      9267.221	     2.97101e+06	
      9303.204	     2.94985e+06	
      9343.644	     2.92621e+06	
      9384.084	     2.90271e+06	
      9464.964	     2.85658e+06	
      9545.723	     2.81108e+06	
      9545.844	     2.81101e+06	
      9545.965	     2.81095e+06	
      9546.207	     2.81081e+06	
      9546.691	     2.81055e+06	
      9546.866	     2.81045e+06	
      9547.658	     2.81001e+06	
      9549.594	     2.80893e+06	
      9553.465	     2.80677e+06	
      9561.207	     2.80245e+06	
      9576.691	     2.79382e+06	
      9607.658	     2.77662e+06	
      9668.451	     2.74312e+06	
      9729.243	     2.71025e+06	
      9790.036	     2.67771e+06	
      9850.828	     2.64551e+06	
      9870.422	     2.63520e+06	
      9911.620	     2.61363e+06	
      9952.819	     2.59221e+06	
     10021.070	     2.55738e+06	
     10035.217	     2.55021e+06	
     10049.364	     2.54302e+06	
     10077.658	     2.52883e+06	
     10134.247	     2.50058e+06	
     10144.484	     2.49550e+06	
     10190.835	     2.47260e+06	
     10237.187	     2.44988e+06	
     10329.890	     2.40605e+06	
     10422.592	     2.36292e+06	
     10515.295	     2.32047e+06	
     10607.998	     2.27873e+06	
     10700.701	     2.23767e+06	
     10793.403	     2.19730e+06	
     10834.127	     2.17977e+06	
     10886.106	     2.15755e+06	
     10938.085	     2.13540e+06	
     10990.064	     2.11389e+06	
     11042.043	     2.09245e+06	
     11094.022	     2.07117e+06	
     11146.000	     2.05010e+06	
     11197.979	     2.02924e+06	
     11239.008	     2.01292e+06	
     11249.958	     2.00859e+06	
     11260.908	     2.00426e+06	
     11282.808	     1.99598e+06	
     11326.608	     1.97951e+06	
     11414.209	     1.94697e+06	
     11501.809	     1.91494e+06	
     11589.411	     1.88342e+06	
     11677.011	     1.85241e+06	
     11764.612	     1.82191e+06	
     11852.212	     1.79191e+06	
     11939.813	     1.76240e+06	
     12027.413	     1.73338e+06	
     12115.014	     1.70486e+06	
     12120.600	     1.70305e+06	
     12202.614	     1.67682e+06	
     12284.629	     1.65099e+06	
     12366.644	     1.62678e+06	
     12448.658	     1.60291e+06	
     12530.673	     1.57938e+06	
     12612.688	     1.55616e+06	
     12694.701	     1.53321e+06	
     12735.367	     1.52186e+06	
     12776.716	     1.51022e+06	
     12818.066	     1.49841e+06	
     12900.764	     1.47719e+06	
     12983.464	     1.45561e+06	
     13066.162	     1.43419e+06	
     13148.861	     1.41306e+06	
     13154.771	     1.41156e+06	
     13231.560	     1.39224e+06	
     13308.350	     1.37320e+06	
     13385.140	     1.35554e+06	
     13461.929	     1.33811e+06	
     13538.719	     1.32090e+06	
     13615.509	     1.30391e+06	
     13692.299	     1.28715e+06	
     13769.088	     1.27059e+06	
     13845.878	     1.25424e+06	
     13922.668	     1.23811e+06	
     13999.458	     1.22219e+06	
     14076.247	     1.20648e+06	
     14153.038	     1.19098e+06	
     14229.828	     1.17569e+06	
     14281.164	     1.16558e+06	
     14306.618	     1.16060e+06	
     14332.071	     1.15564e+06	
     14382.978	     1.14618e+06	
     14410.128	     1.14116e+06	
     14427.096	     1.13803e+06	
     14433.884	     1.13678e+06	
     14457.640	     1.13242e+06	
     14505.152	     1.12384e+06	
     14581.211	     1.11023e+06	
     14583.210	     1.10987e+06	
     14585.210	     1.10952e+06	
     14589.208	     1.10883e+06	
     14597.206	     1.10746e+06	
     14613.202	     1.10473e+06	
     14645.193	     1.09928e+06	
     14709.176	     1.08846e+06	
     14773.158	     1.07773e+06	
     14837.141	     1.06710e+06	
     14901.123	     1.05656e+06	
     14965.106	     1.04612e+06	
     15029.088	     1.03577e+06	
     15093.071	     1.02553e+06	
     15157.054	     1.01538e+06	
     15221.036	     1.00532e+06	
     15285.019	     9.95357e+05	
     15349.001	     9.85496e+05	
     15412.984	     9.75725e+05	
     15471.572	     9.66866e+05	
     15476.966	     9.66055e+05	
     15482.361	     9.65242e+05	
     15493.150	     9.63583e+05	
     15514.728	     9.60275e+05	
     15557.884	     9.53690e+05	
     15644.197	     9.40653e+05	
     15730.509	     9.27791e+05	
     15816.821	     9.15105e+05	
     15903.134	     9.02598e+05	
     15989.446	     8.90265e+05	
     16075.759	     8.78100e+05	
     16162.071	     8.66106e+05	
     16248.384	     8.54284e+05	
     16289.880	     8.48660e+05	
     16334.696	     8.42632e+05	
     16379.512	     8.36647e+05	
     16469.143	     8.22456e+05	
     16558.775	     8.08558e+05	
     16648.406	     7.94945e+05	
     16738.038	     7.81609e+05	
     16827.669	     7.68544e+05	
     16917.301	     7.55742e+05	
     17006.933	     7.43200e+05	
     17096.564	     7.30910e+05	
     17186.196	     7.18869e+05	
     17275.827	     7.07069e+05	
     17327.685	     7.00346e+05	
     17365.459	     6.95501e+05	
     17403.232	     6.90695e+05	
     17478.780	     6.81198e+05	
     17554.327	     6.71858e+05	
     17629.874	     6.62672e+05	
     17705.422	     6.53643e+05	
     17780.969	     6.44762e+05	
     17856.517	     6.36028e+05	
     17932.064	     6.27436e+05	
     18007.611	     6.18746e+05	
     18083.159	     6.10389e+05	
     18158.706	     6.02149e+05	
     18234.253	     5.94019e+05	
     18309.801	     5.85976e+05	
     18343.743	     5.82382e+05	
     18385.348	     5.77987e+05	
     18426.953	     5.73592e+05	
     18510.162	     5.64717e+05	
     18593.371	     5.55462e+05	
     18602.053	     5.54450e+05	
     18676.581	     5.45148e+05	
     18713.844	     5.40068e+05	
     18751.108	     5.35280e+05	
     18788.372	     5.33160e+05	
     18825.636	     5.31272e+05	
     18900.163	     5.26522e+05	
     18974.691	     5.20798e+05	
     19049.219	     5.14668e+05	
     19123.746	     5.08407e+05	
     19198.274	     5.02127e+05	
     19272.802	     4.95885e+05	
     19347.329	     4.89705e+05	
     19393.041	     4.85951e+05	
     19421.857	     4.83598e+05	
     19450.673	     4.81257e+05	
     19508.305	     4.76617e+05	
     19565.938	     4.72147e+05	
     19623.570	     4.67588e+05	
     19681.202	     4.63086e+05	
     19738.834	     4.58635e+05	
     19796.467	     4.54237e+05	
     19854.099	     4.49889e+05	
     19911.731	     4.45591e+05	
     19969.363	     4.41347e+05	
     20026.996	     4.37149e+05	
     20084.628	     4.33003e+05	
     20142.260	     4.28903e+05	
     20199.892	     4.24850e+05	
     20257.525	     4.20845e+05	
     20315.157	     4.16886e+05	
     20372.789	     4.12975e+05	
     20386.449	     4.12054e+05	
     20430.421	     4.09108e+05	
     20474.393	     4.06186e+05	
     20562.337	     4.00421e+05	
     20650.280	     3.94757e+05	
     20738.224	     3.89190e+05	
     20826.167	     3.83720e+05	
     20914.111	     3.78345e+05	
     21002.055	     3.73061e+05	
     21089.998	     3.67868e+05	
     21177.942	     3.62766e+05	
     21265.885	     3.57749e+05	
     21353.829	     3.52817e+05	
     21441.773	     3.47966e+05	
     21529.716	     3.43200e+05	
     21604.704	     3.39198e+05	
     21617.660	     3.38513e+05	
     21630.617	     3.37828e+05	
     21656.529	     3.36468e+05	
     21708.356	     3.33763e+05	
     21760.182	     3.31086e+05	
     21812.008	     3.28435e+05	
     21863.835	     3.25808e+05	
     21915.661	     3.23210e+05	
     21967.487	     3.20637e+05	
     22019.313	     3.18089e+05	
     22071.139	     3.15564e+05	
     22122.966	     3.13066e+05	
     22174.792	     3.10591e+05	
     22226.619	     3.08141e+05	
     22278.445	     3.05714e+05	
     22330.271	     3.03311e+05	
     22382.097	     3.00931e+05	
     22433.923	     2.98574e+05	
     22485.750	     2.96240e+05	
     22537.576	     2.93928e+05	
     22589.403	     2.91638e+05	
     22641.228	     2.89371e+05	
     22693.054	     2.87125e+05	
     22702.925	     2.86699e+05	
     22744.881	     2.84900e+05	
     22784.838	     2.83199e+05	
     22786.838	     2.83115e+05	
     22788.837	     2.83030e+05	
     22792.836	     2.82861e+05	
     22800.834	     2.82522e+05	
     22816.829	     2.81847e+05	
     22848.821	     2.80503e+05	
     22912.803	     2.77839e+05	
     22976.786	     2.75206e+05	
     23040.768	     2.72603e+05	
     23104.751	     2.70031e+05	
     23168.733	     2.67488e+05	
     23232.716	     2.64975e+05	
     23296.698	     2.62491e+05	
     23360.681	     2.60036e+05	
     23424.663	     2.57609e+05	
     23488.646	     2.55210e+05	
     23552.628	     2.52838e+05	
     23616.611	     2.50494e+05	
     23680.593	     2.48176e+05	
     23744.576	     2.45885e+05	
     23808.558	     2.43620e+05	
     23872.541	     2.41380e+05	
     23936.523	     2.39166e+05	
     24000.506	     2.36977e+05	
     24064.488	     2.34812e+05	
     24128.471	     2.32672e+05	
     24192.453	     2.30556e+05	
     24256.436	     2.28464e+05	
     24320.419	     2.26395e+05	
     24384.401	     2.24349e+05	
     24448.384	     2.22326e+05	
     24512.366	     2.20326e+05	
     24576.349	     2.18348e+05	
     24640.331	     2.16391e+05	
     24704.314	     2.14456e+05	
     24768.296	     2.12543e+05	
     24832.279	     2.10650e+05	
     24896.261	     2.08779e+05	
     24960.244	     2.06928e+05	
     25004.437	     2.05661e+05	
     25024.226	     2.05097e+05	
     25044.016	     2.04535e+05	
     25083.595	     2.03416e+05	
     25162.753	     2.01202e+05	
     25241.912	     1.99018e+05	
     25321.070	     1.96864e+05	
     25400.228	     1.94737e+05	
     25479.387	     1.92639e+05	
     25558.545	     1.90569e+05	
     25637.703	     1.88527e+05	
     25716.862	     1.86511e+05	
     25796.020	     1.84522e+05	
     25875.179	     1.82560e+05	
     25954.337	     1.80623e+05	
     26033.495	     1.78711e+05	
     26112.654	     1.76824e+05	
     26191.812	     1.74962e+05	
     26270.970	     1.73124e+05	
     26350.129	     1.71310e+05	
     26429.287	     1.69520e+05	
     26508.445	     1.67752e+05	
     26587.604	     1.66007e+05	
     26666.762	     1.64285e+05	
     26745.921	     1.62584e+05	
     26825.079	     1.60906e+05	
     26904.237	     1.59249e+05	
     26983.396	     1.57612e+05	
     27062.554	     1.55997e+05	
     27141.712	     1.54402e+05	
     27142.547	     1.54385e+05	
     27220.871	     1.52827e+05	
     27299.194	     1.51289e+05	
     27377.518	     1.49770e+05	
     27455.842	     1.48270e+05	
     27534.165	     1.46788e+05	
     27612.489	     1.45325e+05	
     27690.812	     1.43880e+05	
     27769.136	     1.42452e+05	
     27847.459	     1.41042e+05	
     27925.783	     1.39650e+05	
     28004.107	     1.38274e+05	
     28082.430	     1.36915e+05	
     28160.754	     1.35573e+05	
     28239.077	     1.34247e+05	
     28317.401	     1.32936e+05	
     28395.725	     1.31642e+05	
     28474.048	     1.30364e+05	
     28552.372	     1.29100e+05	
     28630.695	     1.27852e+05	
     28709.019	     1.26618e+05	
     28787.343	     1.25400e+05	
     28865.666	     1.24196e+05	
     28943.990	     1.23006e+05	
     29022.313	     1.21830e+05	
     29100.637	     1.20668e+05	
     29178.961	     1.19520e+05	
     29257.284	     1.18386e+05	
     29335.608	     1.17264e+05	
     29413.931	     1.16156e+05	
     29492.255	     1.15061e+05	
     29570.578	     1.13979e+05	
     29648.902	     1.12909e+05	
     29727.226	     1.11851e+05	
     29805.549	     1.10806e+05	
     29883.873	     1.09773e+05	
     29932.600	     1.09136e+05	
     29962.196	     1.08752e+05	
     29991.792	     1.08369e+05	
#time:0.037828
