# Koester WD models
# teff = 5250 K (value for the effective temperature for the model. Temperatures are given in K)
# logg = 9.5 log(cm/s2) (value for Log(G) for the model.)
#
#   WAVELENGTH	#           FLUX	
#   (ANGSTROM)	#  (ERG/CM2/S/A)	
##############	################	
       899.230	     5.36414e-04	
       900.235	     5.55886e-04	
       900.253	     5.56254e-04	
       902.244	     5.96821e-04	
       904.235	     6.40131e-04	
       906.226	     6.86353e-04	
       907.193	     7.09921e-04	
       908.218	     7.35676e-04	
       908.450	     7.41651e-04	
       909.241	     7.62298e-04	
       910.032	     7.83482e-04	
       911.193	     8.15579e-04	
       911.613	     8.27502e-04	
       912.034	     8.39584e-04	
       912.465	     8.52154e-04	
       912.875	     8.64246e-04	
       913.037	     8.69078e-04	
       913.241	     8.75201e-04	
       913.284	     8.76495e-04	
       913.478	     8.82363e-04	
       913.531	     8.83972e-04	
       913.755	     8.90773e-04	
       913.822	     8.92825e-04	
       914.080	     9.00770e-04	
       914.165	     9.03403e-04	
       914.499	     9.13817e-04	
       914.575	     9.16202e-04	
       915.071	     9.31878e-04	
       915.540	     9.46958e-04	
       915.609	     9.49163e-04	
       915.643	     9.50269e-04	
       915.677	     9.51375e-04	
       915.741	     9.53461e-04	
       915.813	     9.55811e-04	
       916.085	     9.64736e-04	
       916.429	     9.76140e-04	
       916.858	     9.90500e-04	
       917.118	     9.99322e-04	
       917.196	     1.00198e-03	
       917.378	     1.00822e-03	
       917.899	     1.02622e-03	
       917.952	     1.02807e-03	
       918.287	     1.03985e-03	
       918.602	     1.05101e-03	
       919.251	     1.07442e-03	
       920.215	     1.11005e-03	
       921.882	     1.17426e-03	
       921.999	     1.17890e-03	
       922.143	     1.18463e-03	
       922.405	     1.19509e-03	
       922.810	     1.21149e-03	
       923.621	     1.24492e-03	
       925.001	     1.30381e-03	
       925.242	     1.31437e-03	
       925.484	     1.32500e-03	
       925.564	     1.32855e-03	
       925.966	     1.34651e-03	
       926.164	     1.35544e-03	
       926.369	     1.36470e-03	
       927.173	     1.40175e-03	
       927.276	     1.40651e-03	
       928.182	     1.44952e-03	
       928.917	     1.48527e-03	
       928.980	     1.48838e-03	
       929.089	     1.49377e-03	
       929.261	     1.50231e-03	
       929.317	     1.50506e-03	
       929.543	     1.51637e-03	
       929.655	     1.52200e-03	
       929.769	     1.52775e-03	
       929.827	     1.53069e-03	
       929.883	     1.53353e-03	
       929.910	     1.53490e-03	
       929.939	     1.53637e-03	
       929.954	     1.53713e-03	
       929.968	     1.53785e-03	
       929.982	     1.53856e-03	
       929.996	     1.53927e-03	
       930.010	     1.53998e-03	
       930.024	     1.54070e-03	
       930.038	     1.54141e-03	
       930.052	     1.54213e-03	
       930.081	     1.54361e-03	
       930.137	     1.54646e-03	
       930.201	     1.54974e-03	
       930.247	     1.55210e-03	
       930.249	     1.55220e-03	
       930.251	     1.55230e-03	
       930.301	     1.55487e-03	
       930.326	     1.55611e-03	
       930.329	     1.55626e-03	
       930.402	     1.56002e-03	
       930.478	     1.56394e-03	
       930.630	     1.57181e-03	
       930.931	     1.58748e-03	
       931.229	     1.60309e-03	
       931.490	     1.61680e-03	
       931.534	     1.61913e-03	
       931.838	     1.63535e-03	
       932.447	     1.66818e-03	
       933.265	     1.71328e-03	
       933.403	     1.72100e-03	
       933.432	     1.72257e-03	
       933.542	     1.72876e-03	
       933.652	     1.73497e-03	
       933.872	     1.74746e-03	
       933.973	     1.75323e-03	
       934.073	     1.75896e-03	
       934.312	     1.77273e-03	
       934.316	     1.77296e-03	
       934.652	     1.79249e-03	
       935.230	     1.82683e-03	
       935.688	     1.85477e-03	
       936.144	     1.88312e-03	
       936.372	     1.89733e-03	
       936.601	     1.91151e-03	
       936.714	     1.91855e-03	
       936.829	     1.92575e-03	
       936.887	     1.92939e-03	
       936.944	     1.93297e-03	
       936.973	     1.93480e-03	
       937.001	     1.93656e-03	
       937.015	     1.93745e-03	
       937.029	     1.93833e-03	
       937.043	     1.93921e-03	
       937.058	     1.94016e-03	
       937.072	     1.94104e-03	
       937.086	     1.94193e-03	
       937.101	     1.94288e-03	
       937.115	     1.94376e-03	
       937.143	     1.94553e-03	
       937.200	     1.94914e-03	
       937.314	     1.95638e-03	
       937.493	     1.96781e-03	
       937.542	     1.97094e-03	
       937.593	     1.97421e-03	
       937.694	     1.98062e-03	
       937.788	     1.98666e-03	
       937.894	     1.99343e-03	
       938.000	     2.00015e-03	
       938.212	     2.01349e-03	
       938.359	     2.02263e-03	
       938.556	     2.03494e-03	
       938.636	     2.03992e-03	
       938.914	     2.05728e-03	
       939.231	     2.07735e-03	
       939.271	     2.07991e-03	
       939.986	     2.12623e-03	
       940.740	     2.17652e-03	
       941.452	     2.22506e-03	
       942.250	     2.28130e-03	
       943.048	     2.33877e-03	
       943.978	     2.40816e-03	
       944.643	     2.45943e-03	
       945.308	     2.51247e-03	
       946.115	     2.57990e-03	
       946.233	     2.59023e-03	
       946.637	     2.62625e-03	
       947.158	     2.67531e-03	
       947.621	     2.72020e-03	
       948.083	     2.76369e-03	
       948.314	     2.78439e-03	
       948.546	     2.80488e-03	
       948.661	     2.81512e-03	
       948.777	     2.82549e-03	
       948.835	     2.83068e-03	
       948.893	     2.83589e-03	
       948.922	     2.83849e-03	
       948.951	     2.84110e-03	
       948.966	     2.84245e-03	
       948.980	     2.84371e-03	
       948.994	     2.84497e-03	
       949.009	     2.84632e-03	
       949.023	     2.84759e-03	
       949.037	     2.84885e-03	
       949.052	     2.85020e-03	
       949.066	     2.85146e-03	
       949.095	     2.85408e-03	
       949.153	     2.85933e-03	
       949.230	     2.86630e-03	
       949.258	     2.86885e-03	
       949.269	     2.86984e-03	
       949.280	     2.87084e-03	
       949.330	     2.87539e-03	
       949.360	     2.87812e-03	
       949.430	     2.88450e-03	
       949.500	     2.89089e-03	
       949.640	     2.90372e-03	
       949.795	     2.91781e-03	
       949.879	     2.92543e-03	
       949.921	     2.92920e-03	
       949.963	     2.93297e-03	
       950.047	     2.94036e-03	
       950.131	     2.94753e-03	
       950.467	     2.97484e-03	
       950.718	     2.99417e-03	
       950.888	     3.00687e-03	
       951.728	     3.07152e-03	
       952.738	     3.16154e-03	
       953.748	     3.26273e-03	
       954.758	     3.37212e-03	
       955.522	     3.45839e-03	
       955.694	     3.47812e-03	
       955.768	     3.48660e-03	
       956.014	     3.51491e-03	
       956.506	     3.57428e-03	
       957.491	     3.69687e-03	
       958.148	     3.78144e-03	
       959.289	     3.93236e-03	
       960.430	     4.09849e-03	
       961.192	     4.21976e-03	
       961.571	     4.27652e-03	
       962.712	     4.44655e-03	
       964.231	     4.67202e-03	
       966.507	     5.02114e-03	
       966.767	     5.06236e-03	
       967.269	     5.14266e-03	
       968.032	     5.26625e-03	
       968.668	     5.37115e-03	
       968.979	     5.42277e-03	
       969.297	     5.47580e-03	
       969.927	     5.58123e-03	
       970.401	     5.66002e-03	
       970.638	     5.69788e-03	
       970.874	     5.73309e-03	
       970.992	     5.74842e-03	
       971.110	     5.75829e-03	
       971.230	     5.76005e-03	
       971.348	     5.75138e-03	
       971.466	     5.72040e-03	
       971.535	     5.69257e-03	
       971.567	     5.68085e-03	
       971.584	     5.67460e-03	
       971.635	     5.66863e-03	
       971.644	     5.67042e-03	
       971.703	     5.70290e-03	
       971.732	     5.72552e-03	
       971.762	     5.74004e-03	
       971.778	     5.74362e-03	
       971.792	     5.74607e-03	
       971.806	     5.74849e-03	
       971.821	     5.75109e-03	
       971.827	     5.75213e-03	
       971.833	     5.75317e-03	
       971.836	     5.75367e-03	
       971.839	     5.75420e-03	
       971.851	     5.75628e-03	
       971.866	     5.75888e-03	
       971.880	     5.76130e-03	
       971.910	     5.76617e-03	
       971.969	     5.75288e-03	
       972.037	     5.73749e-03	
       972.087	     5.75772e-03	
       972.137	     5.79259e-03	
       972.150	     5.80375e-03	
       972.237	     5.86718e-03	
       972.324	     5.92187e-03	
       972.499	     5.99177e-03	
       972.548	     6.00622e-03	
       972.673	     6.03720e-03	
       972.798	     6.06063e-03	
       973.048	     6.10876e-03	
       973.351	     6.16604e-03	
       973.548	     6.20408e-03	
       973.746	     6.24150e-03	
       974.140	     6.31407e-03	
       974.217	     6.32820e-03	
       974.821	     6.43970e-03	
       974.928	     6.45962e-03	
       975.640	     6.59326e-03	
       977.063	     6.87047e-03	
       979.305	     7.32626e-03	
       981.547	     7.80299e-03	
       983.653	     8.27819e-03	
       983.788	     8.30951e-03	
       983.923	     8.34096e-03	
       984.194	     8.40184e-03	
       984.734	     8.52525e-03	
       985.011	     8.58930e-03	
       985.815	     8.77792e-03	
       986.618	     8.97110e-03	
       987.139	     9.07455e-03	
       988.225	     9.33326e-03	
       989.312	     9.61572e-03	
       990.399	     9.91138e-03	
       991.266	     1.01533e-02	
       992.573	     1.05290e-02	
       993.880	     1.09180e-02	
       994.540	     1.11198e-02	
       995.186	     1.13209e-02	
       996.493	     1.17381e-02	
       997.574	     1.20942e-02	
       997.806	     1.21720e-02	
       998.447	     1.23893e-02	
       999.319	     1.26904e-02	
       999.435	     1.27305e-02	
      1001.064	     1.33078e-02	
      1002.694	     1.39125e-02	
      1004.323	     1.45449e-02	
      1005.836	     1.51300e-02	
      1005.952	     1.51775e-02	
      1007.581	     1.58674e-02	
      1009.326	     1.66460e-02	
      1011.071	     1.74668e-02	
      1011.303	     1.75789e-02	
      1012.816	     1.83266e-02	
      1014.329	     1.91048e-02	
      1015.378	     1.96629e-02	
      1015.842	     1.99149e-02	
      1017.355	     2.07583e-02	
      1017.620	     2.09086e-02	
      1019.332	     2.19118e-02	
      1020.189	     2.24322e-02	
      1021.044	     2.29708e-02	
      1021.901	     2.35371e-02	
      1022.470	     2.39426e-02	
      1022.756	     2.41609e-02	
      1023.043	     2.43960e-02	
      1023.189	     2.45229e-02	
      1023.615	     2.49355e-02	
      1024.041	     2.54687e-02	
      1024.394	     2.59084e-02	
      1024.467	     2.59432e-02	
      1024.540	     2.59677e-02	
      1024.582	     2.59440e-02	
      1024.687	     2.58414e-02	
      1024.791	     2.56737e-02	
      1024.852	     2.56809e-02	
      1024.875	     2.57149e-02	
      1024.895	     2.57656e-02	
      1024.915	     2.58228e-02	
      1024.947	     2.59179e-02	
      1024.978	     2.59746e-02	
      1024.993	     2.59885e-02	
      1025.009	     2.60000e-02	
      1025.025	     2.60112e-02	
      1025.040	     2.60216e-02	
      1025.056	     2.60328e-02	
      1025.072	     2.60440e-02	
      1025.087	     2.60544e-02	
      1025.103	     2.60656e-02	
      1025.134	     2.60871e-02	
      1025.196	     2.60697e-02	
      1025.271	     2.59713e-02	
      1025.320	     2.60136e-02	
      1025.371	     2.61410e-02	
      1025.471	     2.64440e-02	
      1025.521	     2.65640e-02	
      1025.571	     2.66713e-02	
      1025.621	     2.67487e-02	
      1025.721	     2.68455e-02	
      1025.821	     2.69001e-02	
      1025.874	     2.69101e-02	
      1025.972	     2.69095e-02	
      1026.021	     2.69093e-02	
      1026.070	     2.69059e-02	
      1026.248	     2.69234e-02	
      1026.266	     2.69235e-02	
      1026.659	     2.69968e-02	
      1027.069	     2.71846e-02	
      1027.479	     2.74090e-02	
      1027.532	     2.74406e-02	
      1028.300	     2.79355e-02	
      1028.796	     2.82835e-02	
      1029.067	     2.84791e-02	
      1029.338	     2.86773e-02	
      1029.881	     2.90825e-02	
      1030.965	     2.99162e-02	
      1033.082	     3.16274e-02	
      1033.135	     3.16707e-02	
      1033.187	     3.17141e-02	
      1033.230	     3.17499e-02	
      1033.291	     3.18008e-02	
      1033.499	     3.19754e-02	
      1033.915	     3.23276e-02	
      1034.747	     3.30426e-02	
      1036.265	     3.43844e-02	
      1037.783	     3.57777e-02	
      1039.172	     3.70994e-02	
      1039.258	     3.71826e-02	
      1039.301	     3.72244e-02	
      1039.344	     3.72662e-02	
      1039.504	     3.74233e-02	
      1039.516	     3.74349e-02	
      1039.860	     3.77748e-02	
      1040.549	     3.84628e-02	
      1041.925	     3.98744e-02	
      1044.347	     4.24743e-02	
      1046.768	     4.52311e-02	
      1049.029	     4.79539e-02	
      1049.189	     4.81524e-02	
      1049.349	     4.83516e-02	
      1049.670	     4.87497e-02	
      1050.310	     4.95549e-02	
      1051.591	     5.12023e-02	
      1053.952	     5.43734e-02	
      1054.152	     5.46502e-02	
      1054.352	     5.49285e-02	
      1054.752	     5.54887e-02	
      1054.952	     5.57708e-02	
      1055.553	     5.66250e-02	
      1057.153	     5.89627e-02	
      1059.355	     6.23226e-02	
      1061.556	     6.58827e-02	
      1063.156	     6.85885e-02	
      1063.757	     6.96290e-02	
      1064.357	     7.06836e-02	
      1065.558	     7.28378e-02	
      1066.558	     7.46788e-02	
      1067.959	     7.73281e-02	
      1069.359	     8.00635e-02	
      1069.960	     8.12520e-02	
      1072.161	     8.57491e-02	
      1074.362	     9.04735e-02	
      1076.563	     9.54359e-02	
      1078.163	     9.91999e-02	
      1078.687	     1.00461e-01	
      1078.764	     1.00647e-01	
      1078.980	     1.01172e-01	
      1079.364	     1.02112e-01	
      1080.565	     1.05131e-01	
      1080.712	     1.05504e-01	
      1082.442	     1.10015e-01	
      1084.173	     1.14700e-01	
      1085.905	     1.19560e-01	
      1087.637	     1.24606e-01	
      1089.318	     1.29695e-01	
      1089.367	     1.29846e-01	
      1089.418	     1.30003e-01	
      1089.518	     1.30310e-01	
      1089.718	     1.30926e-01	
      1090.119	     1.32166e-01	
      1090.669	     1.33890e-01	
      1090.919	     1.34680e-01	
      1092.520	     1.39838e-01	
      1094.370	     1.46026e-01	
      1096.221	     1.52464e-01	
      1096.771	     1.54427e-01	
      1098.072	     1.59160e-01	
      1099.372	     1.64025e-01	
      1099.573	     1.64790e-01	
      1101.974	     1.74229e-01	
      1104.374	     1.84159e-01	
      1106.775	     1.94599e-01	
      1108.976	     2.04638e-01	
      1109.176	     2.05574e-01	
      1109.376	     2.06513e-01	
      1109.777	     2.08380e-01	
      1109.977	     2.09319e-01	
      1110.577	     2.12159e-01	
      1112.177	     2.19906e-01	
      1114.378	     2.30979e-01	
      1116.579	     2.42558e-01	
      1118.180	     2.51309e-01	
      1118.684	     2.54124e-01	
      1118.780	     2.54664e-01	
      1119.380	     2.58060e-01	
      1120.076	     2.62050e-01	
      1121.469	     2.70201e-01	
      1123.778	     2.84227e-01	
      1124.254	     2.87221e-01	
      1124.730	     2.90257e-01	
      1125.682	     2.96418e-01	
      1125.790	     2.97126e-01	
      1127.075	     3.05656e-01	
      1127.587	     3.09119e-01	
      1127.845	     3.10877e-01	
      1129.384	     3.21545e-01	
      1129.769	     3.24269e-01	
      1131.692	     3.38183e-01	
      1133.616	     3.52644e-01	
      1135.540	     3.67673e-01	
      1137.463	     3.83303e-01	
      1139.387	     3.99560e-01	
      1141.310	     4.16478e-01	
      1142.080	     4.23446e-01	
      1143.234	     4.34102e-01	
      1144.004	     4.41365e-01	
      1144.388	     4.45032e-01	
      1146.697	     4.67657e-01	
      1149.390	     4.95514e-01	
      1149.774	     4.99636e-01	
      1152.083	     5.25042e-01	
      1154.391	     5.51522e-01	
      1156.700	     5.79335e-01	
      1158.625	     6.03384e-01	
      1159.001	     6.08137e-01	
      1159.009	     6.08241e-01	
      1159.393	     6.13113e-01	
      1160.161	     6.22915e-01	
      1161.697	     6.42650e-01	
      1164.394	     6.77532e-01	
      1169.395	     7.43232e-01	
      1171.896	     7.76888e-01	
      1174.397	     8.12036e-01	
      1175.647	     8.31093e-01	
      1176.897	     8.51142e-01	
      1177.860	     8.67453e-01	
      1178.148	     8.72392e-01	
      1179.398	     8.94666e-01	
      1180.936	     9.22865e-01	
      1182.858	     9.59493e-01	
      1184.013	     9.81958e-01	
      1185.168	     1.00485e+00	
      1185.558	     1.01261e+00	
      1187.479	     1.05160e+00	
      1189.400	     1.09187e+00	
      1191.322	     1.13353e+00	
      1192.085	     1.15050e+00	
      1193.243	     1.17668e+00	
      1194.034	     1.19480e+00	
      1194.402	     1.20333e+00	
      1196.718	     1.25828e+00	
      1196.902	     1.26273e+00	
      1199.403	     1.32456e+00	
      1201.903	     1.38924e+00	
      1204.404	     1.45729e+00	
      1206.904	     1.52807e+00	
      1208.485	     1.57409e+00	
      1209.405	     1.60138e+00	
      1210.325	     1.62904e+00	
      1211.639	     1.66927e+00	
      1212.165	     1.68562e+00	
      1212.691	     1.70212e+00	
      1213.613	     1.73135e+00	
      1213.744	     1.73555e+00	
      1213.807	     1.73757e+00	
      1213.875	     1.73975e+00	
      1214.137	     1.74819e+00	
      1214.171	     1.74928e+00	
      1214.467	     1.75886e+00	
      1214.615	     1.76367e+00	
      1214.763	     1.76849e+00	
      1214.837	     1.77090e+00	
      1214.911	     1.77332e+00	
      1214.948	     1.77453e+00	
      1214.985	     1.77574e+00	
      1215.004	     1.77636e+00	
      1215.022	     1.77695e+00	
      1215.040	     1.77754e+00	
      1215.059	     1.77816e+00	
      1215.077	     1.77875e+00	
      1215.095	     1.77934e+00	
      1215.114	     1.77997e+00	
      1215.132	     1.78056e+00	
      1215.169	     1.78177e+00	
      1215.243	     1.78420e+00	
      1215.391	     1.78907e+00	
      1215.637	     1.79719e+00	
      1215.687	     1.79885e+00	
      1215.737	     1.80050e+00	
      1215.795	     1.80243e+00	
      1215.837	     1.80382e+00	
      1216.037	     1.81047e+00	
      1216.064	     1.81137e+00	
      1216.279	     1.81854e+00	
      1216.763	     1.83479e+00	
      1217.462	     1.85848e+00	
      1218.315	     1.88774e+00	
      1218.861	     1.90670e+00	
      1218.985	     1.91103e+00	
      1219.407	     1.92583e+00	
      1219.829	     1.94073e+00	
      1220.104	     1.95049e+00	
      1220.673	     1.97075e+00	
      1222.361	     2.03128e+00	
      1224.619	     2.11307e+00	
      1228.858	     2.27408e+00	
      1229.134	     2.28503e+00	
      1229.409	     2.29602e+00	
      1229.740	     2.30940e+00	
      1229.959	     2.31830e+00	
      1230.178	     2.32722e+00	
      1230.616	     2.34524e+00	
      1231.492	     2.38155e+00	
      1231.694	     2.39001e+00	
      1233.244	     2.45602e+00	
      1234.794	     2.52405e+00	
      1236.380	     2.59548e+00	
      1237.895	     2.66551e+00	
      1239.410	     2.73745e+00	
      1240.470	     2.78869e+00	
      1242.441	     2.88643e+00	
      1244.411	     2.98731e+00	
      1247.291	     3.14086e+00	
      1248.352	     3.19912e+00	
      1248.652	     3.21580e+00	
      1249.412	     3.25840e+00	
      1251.532	     3.37998e+00	
      1251.912	     3.40222e+00	
      1254.413	     3.55160e+00	
      1256.913	     3.70670e+00	
      1259.413	     3.86834e+00	
      1261.914	     4.03610e+00	
      1264.414	     4.21115e+00	
      1266.914	     4.39515e+00	
      1269.415	     4.58735e+00	
      1271.915	     4.78857e+00	
      1274.415	     4.99881e+00	
      1276.915	     5.21680e+00	
      1279.416	     5.44444e+00	
      1281.916	     5.67887e+00	
      1284.416	     5.92134e+00	
      1286.917	     6.17185e+00	
      1289.417	     6.43185e+00	
      1291.917	     6.69954e+00	
      1294.417	     6.97679e+00	
      1296.918	     7.26474e+00	
      1299.418	     7.56272e+00	
      1301.918	     7.87283e+00	
      1304.418	     8.19425e+00	
      1306.919	     8.52619e+00	
      1309.419	     8.86963e+00	
      1311.919	     9.22334e+00	
      1314.419	     9.58886e+00	
      1316.919	     9.96787e+00	
      1319.420	     1.03603e+01	
      1321.920	     1.07669e+01	
      1324.420	     1.11881e+01	
      1326.920	     1.16254e+01	
      1329.420	     1.20778e+01	
      1334.421	     1.30235e+01	
      1339.421	     1.40307e+01	
      1341.921	     1.45585e+01	
      1344.421	     1.51041e+01	
      1346.921	     1.56711e+01	
      1349.421	     1.62571e+01	
      1354.422	     1.74871e+01	
      1359.422	     1.87978e+01	
      1364.422	     2.01870e+01	
      1365.191	     2.04081e+01	
      1369.422	     2.16630e+01	
      1373.653	     2.29871e+01	
      1376.346	     2.38694e+01	
      1377.884	     2.43866e+01	
      1379.422	     2.49143e+01	
      1380.574	     2.53161e+01	
      1382.499	     2.59997e+01	
      1384.423	     2.66997e+01	
      1387.119	     2.77084e+01	
      1388.271	     2.81495e+01	
      1389.031	     2.84439e+01	
      1389.423	     2.85968e+01	
      1391.727	     2.95116e+01	
      1394.423	     3.06122e+01	
      1399.423	     3.27370e+01	
      1404.423	     3.49933e+01	
      1409.423	     3.73865e+01	
      1414.423	     3.99296e+01	
      1419.423	     4.26327e+01	
      1424.423	     4.54940e+01	
      1429.423	     4.85150e+01	
      1434.423	     5.16905e+01	
      1439.423	     5.50404e+01	
      1444.422	     5.85763e+01	
      1449.422	     6.23223e+01	
      1454.422	     6.62970e+01	
      1459.422	     7.04945e+01	
      1464.422	     7.49317e+01	
      1465.960	     7.63464e+01	
      1469.422	     7.96240e+01	
      1472.884	     8.30053e+01	
      1473.268	     8.33845e+01	
      1474.422	     8.45337e+01	
      1476.345	     8.64802e+01	
      1479.421	     8.96611e+01	
      1484.421	     9.50608e+01	
      1489.421	     1.00727e+02	
      1494.421	     1.06635e+02	
      1499.420	     1.12856e+02	
      1504.420	     1.19457e+02	
      1509.420	     1.26437e+02	
      1514.420	     1.33789e+02	
      1519.419	     1.41538e+02	
      1524.419	     1.49734e+02	
      1529.419	     1.58318e+02	
      1534.418	     1.67254e+02	
      1539.418	     1.76553e+02	
      1544.418	     1.86260e+02	
      1549.417	     1.96385e+02	
      1554.417	     2.06841e+02	
      1559.417	     2.17580e+02	
      1564.416	     2.28725e+02	
      1566.724	     2.34055e+02	
      1569.416	     2.40465e+02	
      1570.186	     2.42340e+02	
      1572.107	     2.47070e+02	
      1574.415	     2.52859e+02	
      1574.800	     2.53834e+02	
      1579.415	     2.65835e+02	
      1584.414	     2.79394e+02	
      1589.414	     2.93507e+02	
      1594.413	     3.08327e+02	
      1599.413	     3.23914e+02	
      1604.413	     3.40212e+02	
      1609.412	     3.57450e+02	
      1614.412	     3.75656e+02	
      1619.411	     3.94961e+02	
      1624.410	     4.15331e+02	
      1629.410	     4.36961e+02	
      1634.409	     4.59499e+02	
      1639.409	     4.82385e+02	
      1644.408	     5.04703e+02	
      1649.408	     5.26471e+02	
      1654.407	     5.47646e+02	
      1659.407	     5.68418e+02	
      1664.406	     5.88794e+02	
      1665.560	     5.93535e+02	
      1669.405	     6.09664e+02	
      1670.174	     6.12928e+02	
      1673.251	     6.25984e+02	
      1674.405	     6.31001e+02	
      1676.328	     6.39499e+02	
      1679.404	     6.53643e+02	
      1684.404	     6.76881e+02	
      1689.403	     7.00729e+02	
      1694.402	     7.25567e+02	
      1699.402	     7.51953e+02	
      1704.401	     7.80287e+02	
      1709.400	     8.10751e+02	
      1714.400	     8.42911e+02	
      1719.399	     8.76737e+02	
      1724.398	     9.11995e+02	
      1729.398	     9.48896e+02	
      1734.397	     9.87481e+02	
      1739.396	     1.02789e+03	
      1744.396	     1.06988e+03	
      1749.395	     1.11379e+03	
      1754.394	     1.15931e+03	
      1759.393	     1.20644e+03	
      1764.393	     1.25521e+03	
      1767.084	     1.28216e+03	
      1767.854	     1.28996e+03	
      1769.392	     1.30567e+03	
      1771.700	     1.32950e+03	
      1774.391	     1.35774e+03	
      1775.545	     1.37001e+03	
      1779.391	     1.41156e+03	
      1784.390	     1.46689e+03	
      1789.389	     1.52421e+03	
      1794.388	     1.58374e+03	
      1799.387	     1.64523e+03	
      1809.386	     1.77414e+03	
      1819.384	     1.91159e+03	
      1823.999	     1.97799e+03	
      1829.383	     2.05790e+03	
      1834.767	     2.14051e+03	
      1840.151	     2.22583e+03	
      1845.535	     2.31394e+03	
      1856.303	     2.49846e+03	
      1863.998	     2.63779e+03	
      1867.072	     2.69530e+03	
      1870.145	     2.75388e+03	
      1876.292	     2.87451e+03	
      1882.439	     2.99954e+03	
      1888.586	     3.12926e+03	
      1894.733	     3.26371e+03	
      1900.880	     3.40282e+03	
      1906.980	     3.54566e+03	
      1907.027	     3.54680e+03	
      1913.174	     3.69577e+03	
      1919.368	     3.85103e+03	
      1925.561	     4.01100e+03	
      1931.755	     4.17640e+03	
      1937.949	     4.34910e+03	
      1944.143	     4.52594e+03	
      1944.472	     4.53549e+03	
      1950.337	     4.71258e+03	
      1956.531	     4.90173e+03	
      1968.590	     5.28680e+03	
      1980.648	     5.69577e+03	
      1992.707	     6.12900e+03	
      2004.766	     6.58814e+03	
      2015.838	     7.03343e+03	
      2016.825	     7.07427e+03	
      2017.811	     7.11530e+03	
      2019.785	     7.19795e+03	
      2023.732	     7.36594e+03	
      2031.627	     7.71135e+03	
      2039.521	     8.06884e+03	
      2047.416	     8.43939e+03	
      2055.310	     8.82335e+03	
      2059.377	     9.02633e+03	
      2063.205	     9.22073e+03	
      2067.032	     9.41853e+03	
      2074.686	     9.82489e+03	
      2082.341	     1.02452e+04	
      2089.995	     1.06797e+04	
      2094.355	     1.09332e+04	
      2097.650	     1.11278e+04	
      2105.304	     1.15905e+04	
      2116.253	     1.22784e+04	
      2127.202	     1.29980e+04	
      2138.151	     1.37518e+04	
      2149.099	     1.45388e+04	
      2154.622	     1.49488e+04	
      2160.048	     1.53603e+04	
      2165.474	     1.57807e+04	
      2176.326	     1.66496e+04	
      2181.364	     1.70655e+04	
      2187.177	     1.75548e+04	
      2198.029	     1.84969e+04	
      2214.695	     2.00186e+04	
      2231.360	     2.16066e+04	
      2232.137	     2.16826e+04	
      2248.025	     2.32761e+04	
      2263.914	     2.49289e+04	
      2279.803	     2.66804e+04	
      2295.691	     2.85136e+04	
      2310.025	     3.02672e+04	
      2311.580	     3.04647e+04	
      2313.134	     3.06631e+04	
      2316.244	     3.10600e+04	
      2322.462	     3.18649e+04	
      2334.899	     3.35403e+04	
      2347.337	     3.53338e+04	
      2357.193	     3.68085e+04	
      2359.774	     3.72034e+04	
      2362.354	     3.76089e+04	
      2367.515	     3.84503e+04	
      2377.837	     4.01841e+04	
      2387.688	     4.19029e+04	
      2388.159	     4.19868e+04	
      2398.481	     4.39210e+04	
      2409.274	     4.60746e+04	
      2420.066	     4.83296e+04	
      2430.860	     5.07870e+04	
      2441.652	     5.34165e+04	
      2448.697	     5.52034e+04	
      2451.595	     5.59546e+04	
      2452.445	     5.61764e+04	
      2456.194	     5.71654e+04	
      2460.793	     5.84811e+04	
      2469.991	     6.11913e+04	
      2479.189	     6.40109e+04	
      2488.387	     6.69511e+04	
      2497.585	     7.00833e+04	
      2503.552	     7.21822e+04	
      2506.782	     7.33279e+04	
      2510.013	     7.44639e+04	
      2516.473	     7.66951e+04	
      2522.934	     7.85602e+04	
      2529.394	     8.08294e+04	
      2535.855	     8.32487e+04	
      2542.315	     8.57221e+04	
      2551.240	     8.92266e+04	
      2555.236	     9.08256e+04	
      2559.232	     9.24464e+04	
      2567.224	     9.58396e+04	
      2575.216	     9.93387e+04	
      2583.209	     1.02958e+05	
      2591.201	     1.06707e+05	
      2599.193	     1.10598e+05	
      2607.185	     1.14640e+05	
      2615.177	     1.18863e+05	
      2623.169	     1.23269e+05	
      2631.161	     1.27905e+05	
      2636.621	     1.31188e+05	
      2639.153	     1.32744e+05	
      2647.145	     1.37804e+05	
      2657.670	     1.44930e+05	
      2668.194	     1.52131e+05	
      2678.719	     1.59797e+05	
      2689.243	     1.67789e+05	
      2699.768	     1.76151e+05	
      2710.292	     1.85061e+05	
      2720.817	     1.94317e+05	
      2731.341	     2.03906e+05	
      2741.866	     2.14018e+05	
      2748.672	     2.20719e+05	
      2752.390	     2.24430e+05	
      2756.108	     2.28172e+05	
      2763.545	     2.35923e+05	
      2778.417	     2.51905e+05	
      2793.289	     2.68656e+05	
      2808.162	     2.86251e+05	
      2821.266	     3.02188e+05	
      2823.034	     3.04368e+05	
      2837.906	     3.23022e+05	
      2846.226	     3.33697e+05	
      2854.546	     3.44633e+05	
      2862.866	     3.56398e+05	
      2871.186	     3.68336e+05	
      2887.826	     3.92800e+05	
      2889.229	     3.94898e+05	
      2904.466	     4.18036e+05	
      2905.168	     4.19117e+05	
      2921.106	     4.44048e+05	
      2937.045	     4.69737e+05	
      2952.933	     4.96158e+05	
      2952.983	     4.96243e+05	
      2953.033	     4.96325e+05	
      2953.133	     4.96485e+05	
      2953.333	     4.96811e+05	
      2953.733	     4.97468e+05	
      2954.533	     4.98788e+05	
      2956.132	     5.01433e+05	
      2959.332	     5.06745e+05	
      2965.730	     5.17436e+05	
      2978.527	     5.39122e+05	
      3004.120	     5.83724e+05	
      3008.007	     5.90641e+05	
      3029.714	     6.29987e+05	
      3040.567	     6.50137e+05	
      3051.421	     6.70626e+05	
      3062.274	     6.94028e+05	
      3073.127	     7.18105e+05	
      3083.980	     7.42625e+05	
      3105.687	     7.93004e+05	
      3127.394	     8.45120e+05	
      3148.343	     8.97119e+05	
      3149.100	     8.99030e+05	
      3149.857	     9.00943e+05	
      3151.371	     9.05187e+05	
      3154.398	     9.13717e+05	
      3160.452	     9.30920e+05	
      3172.561	     9.65886e+05	
      3196.779	     1.03831e+06	
      3220.997	     1.11477e+06	
      3242.136	     1.18392e+06	
      3245.215	     1.19417e+06	
      3248.294	     1.20446e+06	
      3248.393	     1.20472e+06	
      3254.452	     1.22020e+06	
      3260.611	     1.23602e+06	
      3272.928	     1.26793e+06	
      3297.562	     1.33280e+06	
      3322.145	     1.39891e+06	
      3346.730	     1.46637e+06	
      3371.315	     1.53745e+06	
      3395.798	     1.61009e+06	
      3395.898	     1.61040e+06	
      3420.483	     1.68476e+06	
      3445.167	     1.76063e+06	
      3445.468	     1.76156e+06	
      3494.535	     1.91651e+06	
      3495.922	     1.92095e+06	
      3543.602	     2.07542e+06	
      3591.283	     2.23481e+06	
      3635.884	     2.38765e+06	
      3638.963	     2.39828e+06	
      3642.042	     2.40918e+06	
      3643.122	     2.41299e+06	
      3645.121	     2.42007e+06	
      3645.281	     2.42063e+06	
      3647.121	     2.42715e+06	
      3648.960	     2.43367e+06	
      3651.320	     2.44202e+06	
      3652.639	     2.44670e+06	
      3653.959	     2.45138e+06	
      3654.239	     2.45237e+06	
      3656.598	     2.46073e+06	
      3658.958	     2.46910e+06	
      3663.397	     2.48485e+06	
      3663.676	     2.48584e+06	
      3663.956	     2.48683e+06	
      3664.516	     2.48882e+06	
      3665.636	     2.49279e+06	
      3666.796	     2.49691e+06	
      3667.875	     2.50074e+06	
      3668.275	     2.50216e+06	
      3668.955	     2.50458e+06	
      3671.115	     2.51224e+06	
      3673.954	     2.52233e+06	
      3675.202	     2.52676e+06	
      3678.952	     2.54008e+06	
      3682.583	     2.55296e+06	
      3682.703	     2.55339e+06	
      3682.822	     2.55381e+06	
      3683.062	     2.55466e+06	
      3683.178	     2.55507e+06	
      3683.542	     2.55636e+06	
      3684.502	     2.55977e+06	
      3684.819	     2.56090e+06	
      3685.826	     2.56447e+06	
      3686.832	     2.56805e+06	
      3688.742	     2.57483e+06	
      3688.846	     2.57520e+06	
      3688.939	     2.57553e+06	
      3688.950	     2.57557e+06	
      3689.158	     2.57630e+06	
      3689.377	     2.57708e+06	
      3689.730	     2.57834e+06	
      3689.815	     2.57864e+06	
      3689.900	     2.57894e+06	
      3690.070	     2.57954e+06	
      3690.410	     2.58075e+06	
      3690.624	     2.58151e+06	
      3691.089	     2.58316e+06	
      3691.469	     2.58451e+06	
      3691.554	     2.58481e+06	
      3691.700	     2.58533e+06	
      3692.484	     2.58812e+06	
      3693.499	     2.59172e+06	
      3694.397	     2.59491e+06	
      3695.297	     2.59811e+06	
      3695.808	     2.59992e+06	
      3696.197	     2.60130e+06	
      3696.525	     2.60247e+06	
      3696.586	     2.60269e+06	
      3696.647	     2.60290e+06	
      3696.666	     2.60297e+06	
      3696.759	     2.60330e+06	
      3696.769	     2.60334e+06	
      3696.872	     2.60370e+06	
      3696.929	     2.60390e+06	
      3696.985	     2.60410e+06	
      3697.041	     2.60430e+06	
      3697.097	     2.60450e+06	
      3697.153	     2.60470e+06	
      3697.209	     2.60490e+06	
      3697.265	     2.60510e+06	
      3697.322	     2.60530e+06	
      3697.347	     2.60539e+06	
      3697.405	     2.60560e+06	
      3697.434	     2.60570e+06	
      3697.463	     2.60580e+06	
      3697.499	     2.60593e+06	
      3697.529	     2.60604e+06	
      3697.579	     2.60621e+06	
      3697.659	     2.60650e+06	
      3697.819	     2.60707e+06	
      3698.109	     2.60809e+06	
      3698.429	     2.60923e+06	
      3698.688	     2.61015e+06	
      3698.886	     2.61086e+06	
      3698.947	     2.61108e+06	
      3699.008	     2.61129e+06	
      3699.130	     2.61172e+06	
      3699.374	     2.61259e+06	
      3699.533	     2.61315e+06	
      3699.862	     2.61432e+06	
      3699.879	     2.61438e+06	
      3700.191	     2.61549e+06	
      3700.198	     2.61552e+06	
      3700.503	     2.61660e+06	
      3700.808	     2.61768e+06	
      3700.842	     2.61780e+06	
      3701.092	     2.61869e+06	
      3701.418	     2.61985e+06	
      3701.994	     2.62189e+06	
      3702.444	     2.62350e+06	
      3702.895	     2.62510e+06	
      3703.121	     2.62590e+06	
      3703.346	     2.62670e+06	
      3703.458	     2.62710e+06	
      3703.571	     2.62750e+06	
      3703.628	     2.62770e+06	
      3703.684	     2.62790e+06	
      3703.740	     2.62810e+06	
      3703.797	     2.62830e+06	
      3703.853	     2.62850e+06	
      3703.909	     2.62870e+06	
      3703.966	     2.62890e+06	
      3704.022	     2.62910e+06	
      3704.085	     2.62932e+06	
      3704.134	     2.62950e+06	
      3704.185	     2.62968e+06	
      3704.210	     2.62977e+06	
      3704.222	     2.62981e+06	
      3704.285	     2.63003e+06	
      3704.314	     2.63014e+06	
      3704.360	     2.63030e+06	
      3704.406	     2.63046e+06	
      3704.491	     2.63077e+06	
      3704.567	     2.63104e+06	
      3704.590	     2.63112e+06	
      3704.689	     2.63147e+06	
      3704.811	     2.63190e+06	
      3705.055	     2.63277e+06	
      3705.373	     2.63390e+06	
      3705.543	     2.63450e+06	
      3705.713	     2.63511e+06	
      3706.052	     2.63631e+06	
      3706.073	     2.63639e+06	
      3706.732	     2.63873e+06	
      3707.267	     2.64063e+06	
      3707.391	     2.64107e+06	
      3707.515	     2.64151e+06	
      3707.614	     2.64186e+06	
      3707.763	     2.64239e+06	
      3707.912	     2.64292e+06	
      3708.118	     2.64365e+06	
      3708.210	     2.64398e+06	
      3708.302	     2.64430e+06	
      3708.486	     2.64496e+06	
      3708.763	     2.64594e+06	
      3708.854	     2.64626e+06	
      3708.873	     2.64633e+06	
      3708.945	     2.64659e+06	
      3709.127	     2.64723e+06	
      3709.206	     2.64751e+06	
      3709.491	     2.64853e+06	
      3710.108	     2.65072e+06	
      3710.902	     2.65354e+06	
      3711.011	     2.65393e+06	
      3711.120	     2.65432e+06	
      3711.213	     2.65465e+06	
      3711.323	     2.65504e+06	
      3711.338	     2.65509e+06	
      3711.463	     2.65553e+06	
      3711.517	     2.65573e+06	
      3711.576	     2.65593e+06	
      3711.603	     2.65603e+06	
      3711.689	     2.65634e+06	
      3711.746	     2.65654e+06	
      3711.802	     2.65674e+06	
      3711.858	     2.65694e+06	
      3711.915	     2.65714e+06	
      3711.971	     2.65734e+06	
      3712.027	     2.65754e+06	
      3712.084	     2.65774e+06	
      3712.140	     2.65794e+06	
      3712.203	     2.65816e+06	
      3712.252	     2.65833e+06	
      3712.303	     2.65852e+06	
      3712.327	     2.65860e+06	
      3712.331	     2.65862e+06	
      3712.403	     2.65887e+06	
      3712.479	     2.65914e+06	
      3712.631	     2.65968e+06	
      3712.931	     2.66075e+06	
      3713.228	     2.66180e+06	
      3713.531	     2.66288e+06	
      3713.833	     2.66395e+06	
      3714.242	     2.66541e+06	
      3714.420	     2.66604e+06	
      3714.439	     2.66611e+06	
      3714.636	     2.66681e+06	
      3715.030	     2.66820e+06	
      3715.640	     2.67037e+06	
      3716.765	     2.67437e+06	
      3716.790	     2.67446e+06	
      3716.860	     2.67470e+06	
      3716.955	     2.67504e+06	
      3717.145	     2.67572e+06	
      3717.524	     2.67706e+06	
      3718.189	     2.67943e+06	
      3718.259	     2.67967e+06	
      3718.329	     2.67992e+06	
      3718.469	     2.68042e+06	
      3718.556	     2.68073e+06	
      3718.631	     2.68100e+06	
      3718.734	     2.68136e+06	
      3718.749	     2.68142e+06	
      3718.942	     2.68210e+06	
      3719.253	     2.68320e+06	
      3719.474	     2.68399e+06	
      3719.772	     2.68505e+06	
      3720.070	     2.68611e+06	
      3720.356	     2.68701e+06	
      3720.523	     2.68754e+06	
      3720.666	     2.68800e+06	
      3720.976	     2.68898e+06	
      3721.202	     2.68966e+06	
      3721.428	     2.69033e+06	
      3721.542	     2.69068e+06	
      3721.655	     2.69101e+06	
      3721.711	     2.69118e+06	
      3721.768	     2.69135e+06	
      3721.825	     2.69152e+06	
      3721.881	     2.69169e+06	
      3721.938	     2.69186e+06	
      3721.995	     2.69203e+06	
      3722.051	     2.69220e+06	
      3722.108	     2.69237e+06	
      3722.221	     2.69271e+06	
      3722.398	     2.69323e+06	
      3722.447	     2.69338e+06	
      3722.498	     2.69353e+06	
      3722.598	     2.69383e+06	
      3722.695	     2.69412e+06	
      3722.798	     2.69443e+06	
      3722.901	     2.69474e+06	
      3723.107	     2.69535e+06	
      3723.231	     2.69572e+06	
      3723.519	     2.69658e+06	
      3723.807	     2.69744e+06	
      3724.383	     2.69917e+06	
      3725.451	     2.70236e+06	
      3725.534	     2.70261e+06	
      3725.617	     2.70285e+06	
      3725.751	     2.70325e+06	
      3725.783	     2.70335e+06	
      3725.916	     2.70375e+06	
      3725.931	     2.70379e+06	
      3726.115	     2.70434e+06	
      3726.479	     2.70543e+06	
      3727.042	     2.70711e+06	
      3727.366	     2.70808e+06	
      3728.153	     2.71043e+06	
      3728.639	     2.71188e+06	
      3728.940	     2.71278e+06	
      3729.009	     2.71299e+06	
      3729.240	     2.71368e+06	
      3729.842	     2.71548e+06	
      3730.676	     2.71796e+06	
      3732.194	     2.72250e+06	
      3732.344	     2.72295e+06	
      3732.494	     2.72339e+06	
      3732.794	     2.72429e+06	
      3733.352	     2.72596e+06	
      3733.384	     2.72605e+06	
      3733.393	     2.72608e+06	
      3733.402	     2.72611e+06	
      3733.452	     2.72626e+06	
      3733.552	     2.72655e+06	
      3733.648	     2.72684e+06	
      3733.752	     2.72715e+06	
      3733.856	     2.72746e+06	
      3734.004	     2.72790e+06	
      3734.044	     2.72802e+06	
      3734.064	     2.72808e+06	
      3734.084	     2.72814e+06	
      3734.131	     2.72828e+06	
      3734.140	     2.72831e+06	
      3734.164	     2.72838e+06	
      3734.197	     2.72848e+06	
      3734.254	     2.72865e+06	
      3734.311	     2.72882e+06	
      3734.368	     2.72899e+06	
      3734.425	     2.72916e+06	
      3734.482	     2.72933e+06	
      3734.539	     2.72950e+06	
      3734.652	     2.72984e+06	
      3734.829	     2.73037e+06	
      3734.878	     2.73051e+06	
      3734.929	     2.73067e+06	
      3735.029	     2.73096e+06	
      3735.124	     2.73125e+06	
      3735.173	     2.73139e+06	
      3735.229	     2.73156e+06	
      3735.334	     2.73187e+06	
      3735.391	     2.73205e+06	
      3735.495	     2.73235e+06	
      3735.817	     2.73331e+06	
      3736.000	     2.73386e+06	
      3736.243	     2.73459e+06	
      3736.486	     2.73531e+06	
      3736.971	     2.73676e+06	
      3737.826	     2.73931e+06	
      3737.943	     2.73966e+06	
      3738.060	     2.74001e+06	
      3738.294	     2.74071e+06	
      3738.587	     2.74158e+06	
      3738.762	     2.74210e+06	
      3738.937	     2.74263e+06	
      3739.287	     2.74367e+06	
      3739.498	     2.74430e+06	
      3739.987	     2.74576e+06	
      3740.476	     2.74722e+06	
      3741.212	     2.74942e+06	
      3741.453	     2.75013e+06	
      3741.694	     2.75085e+06	
      3742.092	     2.75204e+06	
      3742.176	     2.75229e+06	
      3742.260	     2.75254e+06	
      3742.428	     2.75304e+06	
      3742.671	     2.75377e+06	
      3742.733	     2.75395e+06	
      3742.764	     2.75404e+06	
      3742.795	     2.75413e+06	
      3742.864	     2.75434e+06	
      3742.919	     2.75450e+06	
      3743.167	     2.75524e+06	
      3743.663	     2.75672e+06	
      3744.620	     2.75958e+06	
      3744.654	     2.75968e+06	
      3746.445	     2.76502e+06	
      3747.605	     2.76847e+06	
      3748.269	     2.77045e+06	
      3748.844	     2.77217e+06	
      3748.904	     2.77235e+06	
      3748.934	     2.77243e+06	
      3748.964	     2.77252e+06	
      3748.986	     2.77259e+06	
      3749.084	     2.77288e+06	
      3749.118	     2.77298e+06	
      3749.182	     2.77317e+06	
      3749.378	     2.77376e+06	
      3749.409	     2.77385e+06	
      3749.638	     2.77453e+06	
      3749.753	     2.77487e+06	
      3749.867	     2.77521e+06	
      3749.924	     2.77538e+06	
      3749.981	     2.77555e+06	
      3750.038	     2.77572e+06	
      3750.095	     2.77589e+06	
      3750.152	     2.77606e+06	
      3750.209	     2.77623e+06	
      3750.266	     2.77640e+06	
      3750.323	     2.77657e+06	
      3750.437	     2.77691e+06	
      3750.616	     2.77744e+06	
      3750.665	     2.77759e+06	
      3750.716	     2.77774e+06	
      3750.816	     2.77804e+06	
      3750.910	     2.77832e+06	
      3751.016	     2.77864e+06	
      3751.122	     2.77895e+06	
      3751.334	     2.77958e+06	
      3751.481	     2.78002e+06	
      3751.758	     2.78084e+06	
      3752.035	     2.78167e+06	
      3752.588	     2.78332e+06	
      3753.533	     2.78613e+06	
      3753.696	     2.78662e+06	
      3753.782	     2.78687e+06	
      3753.859	     2.78710e+06	
      3754.185	     2.78807e+06	
      3754.274	     2.78834e+06	
      3754.837	     2.79001e+06	
      3755.892	     2.79315e+06	
      3756.086	     2.79373e+06	
      3757.473	     2.79786e+06	
      3757.509	     2.79797e+06	
      3757.548	     2.79808e+06	
      3758.932	     2.80220e+06	
      3760.390	     2.80654e+06	
      3761.656	     2.81030e+06	
      3762.717	     2.81346e+06	
      3763.233	     2.81499e+06	
      3764.809	     2.81968e+06	
      3765.066	     2.82044e+06	
      3766.902	     2.82589e+06	
      3768.545	     2.83078e+06	
      3768.737	     2.83134e+06	
      3768.929	     2.83192e+06	
      3768.971	     2.83204e+06	
      3769.196	     2.83271e+06	
      3769.313	     2.83306e+06	
      3769.655	     2.83407e+06	
      3769.885	     2.83475e+06	
      3770.114	     2.83543e+06	
      3770.228	     2.83577e+06	
      3770.343	     2.83611e+06	
      3770.401	     2.83628e+06	
      3770.458	     2.83645e+06	
      3770.515	     2.83662e+06	
      3770.573	     2.83680e+06	
      3770.630	     2.83696e+06	
      3770.687	     2.83713e+06	
      3770.745	     2.83730e+06	
      3770.802	     2.83747e+06	
      3770.867	     2.83767e+06	
      3770.916	     2.83781e+06	
      3770.967	     2.83796e+06	
      3770.988	     2.83803e+06	
      3771.003	     2.83807e+06	
      3771.067	     2.83826e+06	
      3771.146	     2.83849e+06	
      3771.304	     2.83897e+06	
      3771.604	     2.83986e+06	
      3771.890	     2.84071e+06	
      3771.951	     2.84089e+06	
      3772.206	     2.84165e+06	
      3772.522	     2.84258e+06	
      3773.154	     2.84446e+06	
      3774.357	     2.84803e+06	
      3775.497	     2.85141e+06	
      3776.762	     2.85516e+06	
      3777.127	     2.85624e+06	
      3778.027	     2.85891e+06	
      3778.399	     2.86001e+06	
      3778.927	     2.86158e+06	
      3780.726	     2.86691e+06	
      3781.844	     2.87023e+06	
      3783.053	     2.87381e+06	
      3783.159	     2.87413e+06	
      3784.263	     2.87740e+06	
      3785.367	     2.88066e+06	
      3786.225	     2.88321e+06	
      3787.401	     2.88669e+06	
      3787.574	     2.88720e+06	
      3788.924	     2.89120e+06	
      3790.447	     2.89570e+06	
      3792.841	     2.90278e+06	
      3793.492	     2.90471e+06	
      3794.143	     2.90664e+06	
      3794.897	     2.90887e+06	
      3795.066	     2.90937e+06	
      3795.444	     2.91048e+06	
      3795.991	     2.91210e+06	
      3796.454	     2.91347e+06	
      3796.916	     2.91483e+06	
      3797.147	     2.91552e+06	
      3797.378	     2.91620e+06	
      3797.494	     2.91654e+06	
      3797.609	     2.91688e+06	
      3797.666	     2.91705e+06	
      3797.724	     2.91722e+06	
      3797.782	     2.91739e+06	
      3797.840	     2.91756e+06	
      3797.898	     2.91773e+06	
      3797.956	     2.91790e+06	
      3798.014	     2.91807e+06	
      3798.072	     2.91825e+06	
      3798.187	     2.91859e+06	
      3798.367	     2.91912e+06	
      3798.416	     2.91927e+06	
      3798.467	     2.91942e+06	
      3798.567	     2.91971e+06	
      3798.655	     2.91998e+06	
      3798.753	     2.92026e+06	
      3798.767	     2.92031e+06	
      3798.837	     2.92051e+06	
      3798.879	     2.92064e+06	
      3798.921	     2.92076e+06	
      3799.046	     2.92113e+06	
      3799.089	     2.92126e+06	
      3799.425	     2.92225e+06	
      3799.471	     2.92238e+06	
      3799.804	     2.92337e+06	
      3800.562	     2.92561e+06	
      3801.653	     2.92883e+06	
      3802.319	     2.93080e+06	
      3803.834	     2.93527e+06	
      3805.349	     2.93974e+06	
      3807.837	     2.94708e+06	
      3808.378	     2.94867e+06	
      3808.919	     2.95027e+06	
      3810.000	     2.95346e+06	
      3811.586	     2.95813e+06	
      3812.164	     2.95983e+06	
      3812.742	     2.96154e+06	
      3813.897	     2.96494e+06	
      3815.777	     2.97048e+06	
      3816.093	     2.97141e+06	
      3816.209	     2.97175e+06	
      3816.641	     2.97302e+06	
      3817.439	     2.97544e+06	
      3817.504	     2.97563e+06	
      3818.916	     2.97991e+06	
      3820.393	     2.98445e+06	
      3822.566	     2.99114e+06	
      3823.346	     2.99354e+06	
      3823.512	     2.99404e+06	
      3824.126	     2.99593e+06	
      3825.685	     3.00073e+06	
      3826.804	     3.00416e+06	
      3827.859	     3.00740e+06	
      3828.914	     3.01064e+06	
      3830.454	     3.01537e+06	
      3831.023	     3.01711e+06	
      3831.592	     3.01886e+06	
      3832.001	     3.02011e+06	
      3832.525	     3.02172e+06	
      3832.730	     3.02235e+06	
      3833.458	     3.02458e+06	
      3833.925	     3.02601e+06	
      3834.392	     3.02744e+06	
      3834.626	     3.02816e+06	
      3834.859	     3.02887e+06	
      3834.975	     3.02922e+06	
      3835.092	     3.02958e+06	
      3835.151	     3.02976e+06	
      3835.209	     3.02994e+06	
      3835.267	     3.03012e+06	
      3835.326	     3.03030e+06	
      3835.384	     3.03047e+06	
      3835.442	     3.03065e+06	
      3835.501	     3.03083e+06	
      3835.559	     3.03101e+06	
      3835.626	     3.03122e+06	
      3835.675	     3.03137e+06	
      3835.726	     3.03152e+06	
      3835.743	     3.03158e+06	
      3835.774	     3.03167e+06	
      3835.826	     3.03183e+06	
      3835.909	     3.03209e+06	
      3836.075	     3.03260e+06	
      3836.376	     3.03352e+06	
      3836.646	     3.03435e+06	
      3836.977	     3.03536e+06	
      3837.029	     3.03552e+06	
      3837.308	     3.03637e+06	
      3837.970	     3.03840e+06	
      3838.647	     3.04047e+06	
      3838.911	     3.04128e+06	
      3839.175	     3.04209e+06	
      3839.703	     3.04370e+06	
      3840.758	     3.04692e+06	
      3842.753	     3.05302e+06	
      3842.831	     3.05326e+06	
      3842.870	     3.05338e+06	
      3842.909	     3.05350e+06	
      3843.065	     3.05397e+06	
      3843.377	     3.05492e+06	
      3844.001	     3.05683e+06	
      3844.588	     3.05862e+06	
      3845.248	     3.06064e+06	
      3845.547	     3.06155e+06	
      3845.908	     3.06265e+06	
      3847.228	     3.06668e+06	
      3847.442	     3.06733e+06	
      3848.908	     3.07180e+06	
      3850.375	     3.07627e+06	
      3851.976	     3.08115e+06	
      3853.308	     3.08521e+06	
      3854.640	     3.08926e+06	
      3855.701	     3.09249e+06	
      3857.303	     3.09736e+06	
      3858.906	     3.10224e+06	
      3862.006	     3.11166e+06	
      3862.111	     3.11198e+06	
      3862.216	     3.11229e+06	
      3862.426	     3.11293e+06	
      3862.846	     3.11421e+06	
      3863.685	     3.11676e+06	
      3865.170	     3.12126e+06	
      3865.365	     3.12185e+06	
      3865.560	     3.12244e+06	
      3865.950	     3.12363e+06	
      3866.730	     3.12599e+06	
      3867.675	     3.12886e+06	
      3868.289	     3.13072e+06	
      3868.903	     3.13258e+06	
      3870.131	     3.13630e+06	
      3871.324	     3.13991e+06	
      3872.586	     3.14373e+06	
      3873.848	     3.14756e+06	
      3876.324	     3.15504e+06	
      3876.368	     3.15516e+06	
      3876.371	     3.15516e+06	
      3876.374	     3.15520e+06	
      3876.424	     3.15532e+06	
      3876.524	     3.15564e+06	
      3876.724	     3.15623e+06	
      3876.947	     3.15692e+06	
      3877.124	     3.15746e+06	
      3877.924	     3.15988e+06	
      3878.900	     3.16283e+06	
      3880.290	     3.16701e+06	
      3880.854	     3.16870e+06	
      3881.418	     3.17040e+06	
      3882.546	     3.17383e+06	
      3884.398	     3.17942e+06	
      3884.801	     3.18061e+06	
      3884.923	     3.18099e+06	
      3885.204	     3.18184e+06	
      3886.010	     3.18426e+06	
      3886.151	     3.18470e+06	
      3887.096	     3.18752e+06	
      3887.568	     3.18894e+06	
      3888.042	     3.19038e+06	
      3888.280	     3.19110e+06	
      3888.516	     3.19180e+06	
      3888.633	     3.19214e+06	
      3888.752	     3.19252e+06	
      3888.844	     3.19277e+06	
      3888.866	     3.19286e+06	
      3888.871	     3.19286e+06	
      3888.898	     3.19296e+06	
      3888.930	     3.19305e+06	
      3888.989	     3.19321e+06	
      3889.048	     3.19340e+06	
      3889.107	     3.19355e+06	
      3889.166	     3.19374e+06	
      3889.225	     3.19393e+06	
      3889.294	     3.19415e+06	
      3889.343	     3.19428e+06	
      3889.394	     3.19443e+06	
      3889.408	     3.19450e+06	
      3889.450	     3.19462e+06	
      3889.494	     3.19475e+06	
      3889.580	     3.19500e+06	
      3889.752	     3.19553e+06	
      3890.054	     3.19644e+06	
      3890.315	     3.19723e+06	
      3890.474	     3.19770e+06	
      3890.657	     3.19824e+06	
      3890.999	     3.19927e+06	
      3891.683	     3.20135e+06	
      3892.892	     3.20496e+06	
      3893.942	     3.20813e+06	
      3894.458	     3.20967e+06	
      3895.309	     3.21225e+06	
      3896.219	     3.21498e+06	
      3896.677	     3.21633e+06	
      3898.895	     3.22299e+06	
      3899.603	     3.22513e+06	
      3901.572	     3.23103e+06	
      3903.894	     3.23798e+06	
      3904.248	     3.23904e+06	
      3908.893	     3.25293e+06	
      3913.891	     3.26785e+06	
      3918.890	     3.28397e+06	
      3923.889	     3.30024e+06	
      3928.216	     3.31432e+06	
      3928.353	     3.31476e+06	
      3928.887	     3.31649e+06	
      3929.559	     3.31868e+06	
      3930.903	     3.32302e+06	
      3933.453	     3.33128e+06	
      3935.810	     3.33892e+06	
      3937.347	     3.34388e+06	
      3938.885	     3.34884e+06	
      3940.036	     3.35255e+06	
      3941.960	     3.35877e+06	
      3943.883	     3.36496e+06	
      3946.579	     3.37363e+06	
      3947.730	     3.37734e+06	
      3948.882	     3.38104e+06	
      3950.653	     3.38673e+06	
      3951.015	     3.38789e+06	
      3951.186	     3.38846e+06	
      3951.718	     3.39016e+06	
      3952.784	     3.39358e+06	
      3954.554	     3.39923e+06	
      3957.306	     3.40806e+06	
      3958.093	     3.41058e+06	
      3958.624	     3.41227e+06	
      3958.880	     3.41309e+06	
      3960.453	     3.41812e+06	
      3962.283	     3.42396e+06	
      3965.737	     3.43499e+06	
      3965.942	     3.43565e+06	
      3966.147	     3.43631e+06	
      3966.557	     3.43759e+06	
      3966.675	     3.43797e+06	
      3967.279	     3.43989e+06	
      3967.376	     3.44020e+06	
      3968.078	     3.44243e+06	
      3968.709	     3.44444e+06	
      3968.877	     3.44498e+06	
      3969.045	     3.44551e+06	
      3969.234	     3.44611e+06	
      3969.287	     3.44630e+06	
      3969.381	     3.44658e+06	
      3969.528	     3.44705e+06	
      3969.648	     3.44743e+06	
      3969.769	     3.44780e+06	
      3969.830	     3.44799e+06	
      3969.890	     3.44818e+06	
      3969.950	     3.44837e+06	
      3970.011	     3.44856e+06	
      3970.071	     3.44875e+06	
      3970.131	     3.44893e+06	
      3970.192	     3.44912e+06	
      3970.252	     3.44934e+06	
      3970.323	     3.44956e+06	
      3970.372	     3.44972e+06	
      3970.423	     3.44988e+06	
      3970.432	     3.44991e+06	
      3970.495	     3.45013e+06	
      3970.523	     3.45022e+06	
      3970.613	     3.45051e+06	
      3970.795	     3.45107e+06	
      3971.096	     3.45204e+06	
      3971.333	     3.45280e+06	
      3971.591	     3.45362e+06	
      3971.698	     3.45396e+06	
      3972.063	     3.45512e+06	
      3972.793	     3.45745e+06	
      3973.995	     3.46125e+06	
      3974.936	     3.46427e+06	
      3976.398	     3.46888e+06	
      3976.845	     3.47030e+06	
      3977.860	     3.47353e+06	
      3978.874	     3.47674e+06	
      3979.577	     3.47897e+06	
      3980.904	     3.48318e+06	
      3982.230	     3.48736e+06	
      3984.180	     3.49351e+06	
      3984.884	     3.49574e+06	
      3985.119	     3.49650e+06	
      3985.588	     3.49797e+06	
      3986.995	     3.50240e+06	
      3988.872	     3.50834e+06	
      3991.379	     3.51623e+06	
      3992.625	     3.52015e+06	
      3993.854	     3.52402e+06	
      3993.870	     3.52408e+06	
      3996.362	     3.53190e+06	
      3998.869	     3.53976e+06	
      4003.868	     3.55540e+06	
      4008.866	     3.57102e+06	
      4013.865	     3.58688e+06	
      4018.864	     3.60316e+06	
      4023.863	     3.61940e+06	
      4025.341	     3.62420e+06	
      4028.861	     3.63561e+06	
      4032.381	     3.64695e+06	
      4032.946	     3.64877e+06	
      4033.860	     3.65172e+06	
      4035.902	     3.65829e+06	
      4038.859	     3.66778e+06	
      4043.857	     3.68377e+06	
      4048.856	     3.69970e+06	
      4053.855	     3.71556e+06	
      4058.853	     3.73136e+06	
      4063.852	     3.74707e+06	
      4068.851	     3.76275e+06	
      4073.849	     3.77833e+06	
      4075.421	     3.78323e+06	
      4078.848	     3.79388e+06	
      4082.275	     3.80447e+06	
      4082.559	     3.80535e+06	
      4084.004	     3.80981e+06	
      4085.702	     3.81506e+06	
      4088.845	     3.82470e+06	
      4089.695	     3.82731e+06	
      4093.687	     3.83953e+06	
      4096.515	     3.84817e+06	
      4097.679	     3.85172e+06	
      4098.010	     3.85272e+06	
      4098.678	     3.85473e+06	
      4098.843	     3.85524e+06	
      4099.676	     3.85775e+06	
      4100.174	     3.85926e+06	
      4100.673	     3.86077e+06	
      4100.922	     3.86152e+06	
      4101.172	     3.86227e+06	
      4101.297	     3.86265e+06	
      4101.422	     3.86300e+06	
      4101.485	     3.86319e+06	
      4101.547	     3.86337e+06	
      4101.609	     3.86353e+06	
      4101.672	     3.86372e+06	
      4101.734	     3.86391e+06	
      4101.797	     3.86410e+06	
      4101.859	     3.86428e+06	
      4101.922	     3.86450e+06	
      4102.047	     3.86491e+06	
      4102.296	     3.86567e+06	
      4102.745	     3.86705e+06	
      4102.794	     3.86721e+06	
      4102.845	     3.86736e+06	
      4102.945	     3.86768e+06	
      4103.145	     3.86827e+06	
      4103.296	     3.86875e+06	
      4103.545	     3.86950e+06	
      4103.794	     3.87025e+06	
      4104.291	     3.87176e+06	
      4104.785	     3.87327e+06	
      4105.287	     3.87481e+06	
      4105.789	     3.87632e+06	
      4106.793	     3.87936e+06	
      4108.680	     3.88505e+06	
      4108.760	     3.88530e+06	
      4108.800	     3.88543e+06	
      4108.840	     3.88555e+06	
      4108.859	     3.88562e+06	
      4109.000	     3.88606e+06	
      4109.320	     3.88709e+06	
      4109.781	     3.88860e+06	
      4110.703	     3.89155e+06	
      4111.319	     3.89356e+06	
      4112.546	     3.89752e+06	
      4113.774	     3.90148e+06	
      4114.693	     3.90443e+06	
      4116.229	     3.90937e+06	
      4116.694	     3.91087e+06	
      4117.766	     3.91430e+06	
      4118.126	     3.91546e+06	
      4118.838	     3.91775e+06	
      4120.981	     3.92460e+06	
      4123.836	     3.93371e+06	
      4126.144	     3.94107e+06	
      4128.835	     3.94961e+06	
      4129.605	     3.95203e+06	
      4131.526	     3.95812e+06	
      4133.834	     3.96538e+06	
      4134.219	     3.96661e+06	
      4138.832	     3.98109e+06	
      4143.831	     3.99670e+06	
      4148.830	     4.01222e+06	
      4153.828	     4.02768e+06	
      4158.827	     4.04301e+06	
      4163.826	     4.05825e+06	
      4168.824	     4.07342e+06	
      4173.823	     4.08847e+06	
      4178.822	     4.10345e+06	
      4183.820	     4.11831e+06	
      4188.819	     4.13311e+06	
      4193.818	     4.14778e+06	
      4198.817	     4.16239e+06	
      4203.815	     4.17687e+06	
      4208.814	     4.19151e+06	
      4213.813	     4.20622e+06	
      4216.525	     4.21413e+06	
      4217.242	     4.21624e+06	
      4218.811	     4.22082e+06	
      4221.098	     4.22748e+06	
      4223.810	     4.23531e+06	
      4224.954	     4.23864e+06	
      4228.809	     4.24973e+06	
      4233.807	     4.26402e+06	
      4238.806	     4.27822e+06	
      4243.805	     4.29230e+06	
      4248.803	     4.30628e+06	
      4253.802	     4.32013e+06	
      4258.801	     4.33392e+06	
      4263.799	     4.34759e+06	
      4268.798	     4.36113e+06	
      4273.797	     4.37457e+06	
      4278.795	     4.38793e+06	
      4283.794	     4.40115e+06	
      4288.793	     4.41425e+06	
      4293.791	     4.42729e+06	
      4298.790	     4.44020e+06	
      4303.789	     4.45292e+06	
      4308.788	     4.46511e+06	
      4313.786	     4.47721e+06	
      4314.073	     4.47790e+06	
      4318.785	     4.48921e+06	
      4320.854	     4.49414e+06	
      4323.497	     4.50046e+06	
      4326.139	     4.50671e+06	
      4326.475	     4.50749e+06	
      4328.782	     4.51293e+06	
      4330.233	     4.51632e+06	
      4331.090	     4.51833e+06	
      4331.149	     4.51846e+06	
      4331.946	     4.52034e+06	
      4333.660	     4.52433e+06	
      4334.060	     4.52524e+06	
      4336.171	     4.53015e+06	
      4337.786	     4.53388e+06	
      4338.220	     4.53489e+06	
      4338.283	     4.53501e+06	
      4338.780	     4.53615e+06	
      4338.812	     4.53624e+06	
      4339.339	     4.53743e+06	
      4339.602	     4.53800e+06	
      4339.867	     4.53860e+06	
      4340.001	     4.53888e+06	
      4340.132	     4.53913e+06	
      4340.197	     4.53926e+06	
      4340.263	     4.53938e+06	
      4340.329	     4.53951e+06	
      4340.395	     4.53960e+06	
      4340.461	     4.53976e+06	
      4340.527	     4.53992e+06	
      4340.593	     4.54010e+06	
      4340.659	     4.54029e+06	
      4340.791	     4.54067e+06	
      4341.005	     4.54120e+06	
      4341.055	     4.54133e+06	
      4341.105	     4.54145e+06	
      4341.205	     4.54171e+06	
      4341.227	     4.54177e+06	
      4341.238	     4.54180e+06	
      4341.405	     4.54218e+06	
      4341.583	     4.54262e+06	
      4341.939	     4.54347e+06	
      4342.640	     4.54510e+06	
      4343.330	     4.54673e+06	
      4343.570	     4.54730e+06	
      4344.041	     4.54840e+06	
      4344.752	     4.55003e+06	
      4346.174	     4.55333e+06	
      4348.578	     4.55886e+06	
      4348.777	     4.55933e+06	
      4348.976	     4.55977e+06	
      4349.374	     4.56068e+06	
      4350.170	     4.56250e+06	
      4350.322	     4.56285e+06	
      4351.761	     4.56615e+06	
      4353.201	     4.56945e+06	
      4354.734	     4.57293e+06	
      4356.077	     4.57598e+06	
      4356.080	     4.57598e+06	
      4357.426	     4.57903e+06	
      4358.774	     4.58208e+06	
      4359.170	     4.58296e+06	
      4361.472	     4.58795e+06	
      4363.773	     4.59310e+06	
      4367.980	     4.60250e+06	
      4368.376	     4.60338e+06	
      4368.524	     4.60369e+06	
      4368.772	     4.60426e+06	
      4369.563	     4.60598e+06	
      4371.147	     4.60950e+06	
      4373.770	     4.61528e+06	
      4378.769	     4.62622e+06	
      4383.768	     4.63705e+06	
      4388.766	     4.64780e+06	
      4393.765	     4.65842e+06	
      4398.764	     4.66897e+06	
      4403.762	     4.67742e+06	
      4408.761	     4.68499e+06	
      4413.760	     4.69253e+06	
      4418.758	     4.70004e+06	
      4423.757	     4.70746e+06	
      4428.756	     4.71484e+06	
      4433.754	     4.72219e+06	
      4438.753	     4.72948e+06	
      4443.752	     4.73670e+06	
      4448.751	     4.74390e+06	
      4453.749	     4.75103e+06	
      4458.748	     4.75813e+06	
      4463.747	     4.76517e+06	
      4468.745	     4.77217e+06	
      4473.744	     4.77912e+06	
      4478.743	     4.78600e+06	
      4483.741	     4.79285e+06	
      4488.740	     4.79966e+06	
      4493.739	     4.80642e+06	
      4498.737	     4.81443e+06	
      4503.736	     4.82558e+06	
      4508.735	     4.83661e+06	
      4513.733	     4.84751e+06	
      4514.118	     4.84833e+06	
      4518.732	     4.85822e+06	
      4523.346	     4.86802e+06	
      4527.190	     4.87607e+06	
      4527.960	     4.87767e+06	
      4528.729	     4.87927e+06	
      4530.269	     4.88247e+06	
      4532.968	     4.88804e+06	
      4533.288	     4.88870e+06	
      4533.348	     4.88882e+06	
      4533.728	     4.88961e+06	
      4534.488	     4.89115e+06	
      4536.007	     4.89422e+06	
      4538.727	     4.89978e+06	
      4543.725	     4.90981e+06	
      4548.724	     4.91970e+06	
      4553.723	     4.92947e+06	
      4558.721	     4.93909e+06	
      4563.720	     4.94857e+06	
      4568.719	     4.95794e+06	
      4573.717	     4.96714e+06	
      4578.716	     4.97625e+06	
      4583.715	     4.98520e+06	
      4588.713	     4.99403e+06	
      4593.712	     5.00273e+06	
      4596.529	     5.00691e+06	
      4596.984	     5.00757e+06	
      4598.711	     5.01012e+06	
      4600.892	     5.01323e+06	
      4603.709	     5.01722e+06	
      4604.800	     5.01876e+06	
      4608.708	     5.02422e+06	
      4613.707	     5.03117e+06	
      4618.705	     5.03802e+06	
      4623.704	     5.04480e+06	
      4628.703	     5.05149e+06	
      4633.701	     5.05809e+06	
      4638.700	     5.06462e+06	
      4643.699	     5.07110e+06	
      4648.697	     5.07747e+06	
      4653.696	     5.08379e+06	
      4658.695	     5.09001e+06	
      4663.694	     5.09613e+06	
      4668.692	     5.10223e+06	
      4673.691	     5.10823e+06	
      4678.690	     5.11414e+06	
      4683.688	     5.11998e+06	
      4688.687	     5.12576e+06	
      4693.686	     5.13126e+06	
      4698.684	     5.13644e+06	
      4703.683	     5.14153e+06	
      4708.682	     5.14659e+06	
      4713.680	     5.15155e+06	
      4715.603	     5.15347e+06	
      4718.679	     5.15648e+06	
      4720.984	     5.15872e+06	
      4721.755	     5.15947e+06	
      4723.678	     5.16132e+06	
      4724.830	     5.16245e+06	
      4728.676	     5.16613e+06	
      4733.675	     5.17087e+06	
      4738.674	     5.17552e+06	
      4743.672	     5.18014e+06	
      4748.671	     5.18466e+06	
      4753.670	     5.18916e+06	
      4758.668	     5.19359e+06	
      4763.667	     5.19792e+06	
      4768.666	     5.20223e+06	
      4773.664	     5.20644e+06	
      4778.663	     5.21061e+06	
      4783.662	     5.21470e+06	
      4788.660	     5.21875e+06	
      4793.659	     5.22258e+06	
      4798.658	     5.22638e+06	
      4803.656	     5.23012e+06	
      4808.655	     5.23380e+06	
      4813.654	     5.23741e+06	
      4818.652	     5.24096e+06	
      4823.651	     5.24445e+06	
      4828.650	     5.24790e+06	
      4833.648	     5.25127e+06	
      4834.972	     5.25218e+06	
      4838.647	     5.25463e+06	
      4839.161	     5.25494e+06	
      4842.322	     5.25705e+06	
      4845.483	     5.25912e+06	
      4845.503	     5.25915e+06	
      4847.054	     5.26016e+06	
      4848.644	     5.26116e+06	
      4851.785	     5.26317e+06	
      4854.393	     5.26484e+06	
      4856.517	     5.26616e+06	
      4858.401	     5.26729e+06	
      4858.642	     5.26741e+06	
      4858.664	     5.26745e+06	
      4858.883	     5.26757e+06	
      4859.364	     5.26782e+06	
      4859.473	     5.26789e+06	
      4860.065	     5.26817e+06	
      4860.361	     5.26829e+06	
      4860.657	     5.26839e+06	
      4860.805	     5.26839e+06	
      4860.953	     5.26836e+06	
      4861.027	     5.26833e+06	
      4861.101	     5.26826e+06	
      4861.175	     5.26817e+06	
      4861.248	     5.26811e+06	
      4861.322	     5.26807e+06	
      4861.396	     5.26820e+06	
      4861.470	     5.26836e+06	
      4861.543	     5.26855e+06	
      4861.641	     5.26877e+06	
      4861.687	     5.26886e+06	
      4861.689	     5.26886e+06	
      4861.691	     5.26886e+06	
      4861.695	     5.26886e+06	
      4861.741	     5.26895e+06	
      4861.841	     5.26908e+06	
      4861.979	     5.26927e+06	
      4861.987	     5.26927e+06	
      4862.279	     5.26958e+06	
      4862.579	     5.26986e+06	
      4862.596	     5.26990e+06	
      4863.178	     5.27037e+06	
      4863.727	     5.27084e+06	
      4863.761	     5.27084e+06	
      4864.927	     5.27175e+06	
      4866.127	     5.27263e+06	
      4868.413	     5.27429e+06	
      4868.526	     5.27439e+06	
      4868.639	     5.27445e+06	
      4868.865	     5.27464e+06	
      4869.317	     5.27495e+06	
      4869.583	     5.27514e+06	
      4870.221	     5.27561e+06	
      4870.858	     5.27605e+06	
      4872.134	     5.27696e+06	
      4874.623	     5.27872e+06	
      4874.685	     5.27876e+06	
      4874.747	     5.27882e+06	
      4874.871	     5.27891e+06	
      4875.119	     5.27907e+06	
      4875.615	     5.27942e+06	
      4876.607	     5.28011e+06	
      4878.452	     5.28143e+06	
      4878.544	     5.28149e+06	
      4878.590	     5.28152e+06	
      4878.636	     5.28155e+06	
      4878.820	     5.28168e+06	
      4879.188	     5.28193e+06	
      4879.526	     5.28215e+06	
      4879.924	     5.28243e+06	
      4880.322	     5.28271e+06	
      4880.941	     5.28315e+06	
      4881.118	     5.28328e+06	
      4882.709	     5.28438e+06	
      4884.478	     5.28557e+06	
      4887.396	     5.28755e+06	
      4888.015	     5.28799e+06	
      4888.634	     5.28840e+06	
      4889.871	     5.28922e+06	
      4891.061	     5.29003e+06	
      4892.347	     5.29088e+06	
      4893.632	     5.29173e+06	
      4893.777	     5.29182e+06	
      4896.204	     5.29343e+06	
      4898.631	     5.29503e+06	
      4903.340	     5.29804e+06	
      4903.485	     5.29814e+06	
      4903.630	     5.29823e+06	
      4903.920	     5.29842e+06	
      4904.499	     5.29880e+06	
      4905.659	     5.29955e+06	
      4907.328	     5.30059e+06	
      4907.977	     5.30103e+06	
      4908.628	     5.30144e+06	
      4909.929	     5.30225e+06	
      4911.434	     5.30320e+06	
      4912.530	     5.30386e+06	
      4913.014	     5.30417e+06	
      4913.627	     5.30455e+06	
      4915.550	     5.30574e+06	
      4915.820	     5.30590e+06	
      4918.240	     5.30741e+06	
      4918.626	     5.30763e+06	
      4921.701	     5.30948e+06	
      4923.624	     5.31064e+06	
      4925.162	     5.31155e+06	
      4928.623	     5.31363e+06	
      4933.622	     5.31652e+06	
      4938.620	     5.31941e+06	
      4943.619	     5.32220e+06	
      4948.618	     5.32497e+06	
      4953.616	     5.32767e+06	
      4958.615	     5.33031e+06	
      4963.614	     5.33292e+06	
      4968.612	     5.33549e+06	
      4973.611	     5.33801e+06	
      4978.610	     5.34046e+06	
      4983.608	     5.34288e+06	
      4988.607	     5.34511e+06	
      4993.606	     5.34730e+06	
      4998.604	     5.34947e+06	
      5003.603	     5.35158e+06	
      5008.602	     5.35365e+06	
      5013.600	     5.35569e+06	
      5018.599	     5.35767e+06	
      5023.598	     5.35962e+06	
      5028.596	     5.36154e+06	
      5033.595	     5.36342e+06	
      5038.594	     5.36527e+06	
      5043.592	     5.36707e+06	
      5048.591	     5.36882e+06	
      5053.590	     5.37055e+06	
      5058.588	     5.37225e+06	
      5063.587	     5.37388e+06	
      5068.586	     5.37552e+06	
      5073.584	     5.37709e+06	
      5078.583	     5.37863e+06	
      5083.582	     5.37995e+06	
      5088.580	     5.38114e+06	
      5093.579	     5.38230e+06	
      5098.578	     5.38346e+06	
      5103.576	     5.38456e+06	
      5108.575	     5.38563e+06	
      5113.574	     5.38670e+06	
      5118.572	     5.38771e+06	
      5123.571	     5.38871e+06	
      5128.570	     5.38968e+06	
      5133.568	     5.39063e+06	
      5138.567	     5.39151e+06	
      5143.566	     5.39242e+06	
      5148.564	     5.39327e+06	
      5153.563	     5.39408e+06	
      5158.562	     5.39487e+06	
      5163.560	     5.39565e+06	
      5168.559	     5.39641e+06	
      5173.558	     5.39713e+06	
      5178.556	     5.39776e+06	
      5183.555	     5.39820e+06	
      5188.554	     5.39861e+06	
      5193.552	     5.39898e+06	
      5198.551	     5.39936e+06	
      5203.550	     5.39971e+06	
      5208.548	     5.40005e+06	
      5213.547	     5.40033e+06	
      5218.546	     5.40062e+06	
      5223.544	     5.40087e+06	
      5228.543	     5.40109e+06	
      5233.542	     5.40131e+06	
      5238.540	     5.40147e+06	
      5243.539	     5.40165e+06	
      5248.537	     5.40178e+06	
      5253.536	     5.40187e+06	
      5258.535	     5.40197e+06	
      5263.533	     5.40203e+06	
      5268.532	     5.40209e+06	
      5273.531	     5.40213e+06	
      5278.529	     5.40291e+06	
      5283.528	     5.40382e+06	
      5288.527	     5.40467e+06	
      5293.525	     5.40546e+06	
      5298.524	     5.40624e+06	
      5303.523	     5.40696e+06	
      5308.521	     5.40765e+06	
      5313.520	     5.40828e+06	
      5318.519	     5.40888e+06	
      5323.517	     5.40945e+06	
      5328.516	     5.40998e+06	
      5333.515	     5.41045e+06	
      5338.513	     5.41089e+06	
      5343.512	     5.41130e+06	
      5348.511	     5.41168e+06	
      5353.509	     5.41202e+06	
      5358.508	     5.41230e+06	
      5363.507	     5.41281e+06	
      5368.505	     5.41303e+06	
      5373.504	     5.41284e+06	
      5378.503	     5.41212e+06	
      5383.501	     5.41139e+06	
      5388.500	     5.41064e+06	
      5393.499	     5.40989e+06	
      5398.497	     5.40910e+06	
      5403.496	     5.40828e+06	
      5408.495	     5.40747e+06	
      5413.493	     5.40662e+06	
      5418.492	     5.40574e+06	
      5423.491	     5.40486e+06	
      5428.489	     5.40395e+06	
      5433.488	     5.40304e+06	
      5438.487	     5.40209e+06	
      5443.485	     5.40115e+06	
      5448.484	     5.40015e+06	
      5453.483	     5.39917e+06	
      5458.481	     5.39814e+06	
      5463.480	     5.39713e+06	
      5468.479	     5.39606e+06	
      5473.477	     5.39556e+06	
      5478.476	     5.39506e+06	
      5483.475	     5.39449e+06	
      5488.473	     5.39393e+06	
      5493.472	     5.39333e+06	
      5498.471	     5.39273e+06	
      5503.469	     5.39207e+06	
      5508.468	     5.39141e+06	
      5513.466	     5.39072e+06	
      5518.465	     5.39003e+06	
      5523.464	     5.38931e+06	
      5528.462	     5.38855e+06	
      5533.461	     5.38777e+06	
      5538.460	     5.38698e+06	
      5543.458	     5.38617e+06	
      5548.457	     5.38532e+06	
      5553.456	     5.38444e+06	
      5558.454	     5.38356e+06	
      5563.453	     5.38268e+06	
      5568.452	     5.38174e+06	
      5573.450	     5.38076e+06	
      5578.449	     5.37979e+06	
      5583.448	     5.37878e+06	
      5588.446	     5.37775e+06	
      5593.445	     5.37668e+06	
      5598.444	     5.37564e+06	
      5603.442	     5.37454e+06	
      5608.441	     5.37344e+06	
      5613.440	     5.37231e+06	
      5618.438	     5.37115e+06	
      5623.437	     5.36999e+06	
      5628.436	     5.36879e+06	
      5633.434	     5.36760e+06	
      5638.433	     5.36637e+06	
      5643.432	     5.36512e+06	
      5648.430	     5.36386e+06	
      5653.429	     5.36257e+06	
      5658.428	     5.36128e+06	
      5663.426	     5.35997e+06	
      5668.425	     5.35871e+06	
      5673.424	     5.35733e+06	
      5673.979	     5.35717e+06	
      5678.422	     5.35594e+06	
      5682.865	     5.35469e+06	
      5686.198	     5.35375e+06	
      5687.309	     5.35343e+06	
      5687.864	     5.35327e+06	
      5688.420	     5.35312e+06	
      5690.641	     5.35249e+06	
      5693.418	     5.35167e+06	
      5698.417	     5.35023e+06	
      5703.415	     5.34875e+06	
      5704.770	     5.34834e+06	
      5708.414	     5.34724e+06	
      5708.882	     5.34712e+06	
      5712.058	     5.34614e+06	
      5713.413	     5.34573e+06	
      5715.234	     5.34520e+06	
      5718.411	     5.34423e+06	
      5723.410	     5.34266e+06	
      5728.409	     5.34112e+06	
      5733.407	     5.33951e+06	
      5738.406	     5.33794e+06	
      5743.405	     5.33631e+06	
      5748.403	     5.33468e+06	
      5753.402	     5.33304e+06	
      5758.401	     5.33138e+06	
      5763.399	     5.32802e+06	
      5768.398	     5.32629e+06	
      5773.397	     5.32456e+06	
      5778.395	     5.32283e+06	
      5783.394	     5.32107e+06	
      5788.393	     5.31928e+06	
      5793.391	     5.31749e+06	
      5798.390	     5.31567e+06	
      5803.389	     5.31385e+06	
      5808.387	     5.31199e+06	
      5813.386	     5.31014e+06	
      5818.385	     5.30829e+06	
      5823.383	     5.30637e+06	
      5828.382	     5.30448e+06	
      5833.381	     5.30257e+06	
      5838.379	     5.30062e+06	
      5843.378	     5.29867e+06	
      5848.377	     5.29669e+06	
      5853.375	     5.29471e+06	
      5858.374	     5.29274e+06	
      5863.372	     5.29072e+06	
      5868.371	     5.28871e+06	
      5873.370	     5.28670e+06	
      5878.368	     5.28466e+06	
      5883.367	     5.28259e+06	
      5888.366	     5.28051e+06	
      5893.364	     5.27844e+06	
      5898.363	     5.27634e+06	
      5903.362	     5.27423e+06	
      5908.360	     5.27210e+06	
      5913.359	     5.26996e+06	
      5918.358	     5.26779e+06	
      5923.356	     5.26562e+06	
      5928.355	     5.26342e+06	
      5933.354	     5.26123e+06	
      5938.352	     5.25899e+06	
      5943.351	     5.25676e+06	
      5948.350	     5.25453e+06	
      5953.348	     5.25227e+06	
      5958.347	     5.24998e+06	
      5963.346	     5.24768e+06	
      5968.344	     5.24536e+06	
      5973.343	     5.24300e+06	
      5978.342	     5.24068e+06	
      5983.340	     5.23829e+06	
      5988.339	     5.23594e+06	
      5993.338	     5.23355e+06	
      5998.336	     5.23113e+06	
      6003.335	     5.22871e+06	
      6008.333	     5.22629e+06	
      6013.332	     5.22387e+06	
      6018.331	     5.22142e+06	
      6023.329	     5.21894e+06	
      6028.328	     5.21646e+06	
      6033.327	     5.21398e+06	
      6038.325	     5.21146e+06	
      6043.324	     5.20895e+06	
      6048.323	     5.20644e+06	
      6053.321	     5.20389e+06	
      6058.320	     5.20135e+06	
      6063.319	     5.19877e+06	
      6068.317	     5.19619e+06	
      6073.316	     5.19362e+06	
      6078.315	     5.19101e+06	
      6083.313	     5.18840e+06	
      6088.312	     5.18576e+06	
      6093.311	     5.18313e+06	
      6098.309	     5.18049e+06	
      6103.308	     5.17782e+06	
      6108.307	     5.17515e+06	
      6113.305	     5.17244e+06	
      6118.304	     5.16974e+06	
      6123.303	     5.16704e+06	
      6128.301	     5.16431e+06	
      6133.300	     5.16157e+06	
      6138.298	     5.15884e+06	
      6143.297	     5.15608e+06	
      6148.296	     5.15331e+06	
      6153.294	     5.15052e+06	
      6158.293	     5.14772e+06	
      6163.292	     5.14489e+06	
      6168.290	     5.14206e+06	
      6173.289	     5.13924e+06	
      6178.288	     5.13638e+06	
      6183.286	     5.13352e+06	
      6188.285	     5.13063e+06	
      6193.284	     5.12774e+06	
      6198.282	     5.12485e+06	
      6203.281	     5.12196e+06	
      6208.280	     5.11901e+06	
      6213.278	     5.11608e+06	
      6218.277	     5.11313e+06	
      6223.276	     5.11018e+06	
      6228.274	     5.10719e+06	
      6233.273	     5.10421e+06	
      6238.272	     5.10122e+06	
      6243.270	     5.09821e+06	
      6244.381	     5.09752e+06	
      6248.269	     5.09516e+06	
      6252.157	     5.09280e+06	
      6253.821	     5.09180e+06	
      6256.044	     5.09045e+06	
      6258.266	     5.08907e+06	
      6262.157	     5.08671e+06	
      6262.711	     5.08636e+06	
      6263.265	     5.08602e+06	
      6264.372	     5.08533e+06	
      6264.912	     5.08501e+06	
      6266.588	     5.08398e+06	
      6268.263	     5.08294e+06	
      6269.967	     5.08187e+06	
      6271.615	     5.08087e+06	
      6273.262	     5.07983e+06	
      6274.854	     5.07886e+06	
      6276.557	     5.07779e+06	
      6278.261	     5.07672e+06	
      6280.076	     5.07559e+06	
      6281.668	     5.07461e+06	
      6283.259	     5.07361e+06	
      6284.627	     5.07276e+06	
      6286.443	     5.07163e+06	
      6288.258	     5.07047e+06	
      6290.521	     5.06905e+06	
      6291.889	     5.06817e+06	
      6293.257	     5.06733e+06	
      6293.729	     5.06701e+06	
      6295.992	     5.06560e+06	
      6298.255	     5.06415e+06	
      6302.310	     5.06158e+06	
      6302.782	     5.06126e+06	
      6303.254	     5.06098e+06	
      6303.918	     5.06054e+06	
      6304.198	     5.06038e+06	
      6306.085	     5.05916e+06	
      6308.253	     5.05778e+06	
      6311.924	     5.05542e+06	
      6312.587	     5.05501e+06	
      6313.251	     5.05457e+06	
      6314.579	     5.05372e+06	
      6316.219	     5.05265e+06	
      6317.234	     5.05200e+06	
      6317.314	     5.05196e+06	
      6318.250	     5.05134e+06	
      6320.281	     5.05002e+06	
      6323.249	     5.04810e+06	
      6328.247	     5.04483e+06	
      6333.246	     5.04157e+06	
      6338.245	     5.03827e+06	
      6343.243	     5.03497e+06	
      6348.242	     5.03164e+06	
      6353.241	     5.02828e+06	
      6358.239	     5.02491e+06	
      6363.238	     5.02152e+06	
      6368.236	     5.01819e+06	
      6373.235	     5.01477e+06	
      6378.234	     5.01134e+06	
      6383.232	     5.00786e+06	
      6388.231	     5.00437e+06	
      6393.230	     5.00088e+06	
      6398.228	     4.99733e+06	
      6403.227	     4.99378e+06	
      6408.226	     4.99020e+06	
      6413.224	     4.98662e+06	
      6418.223	     4.98297e+06	
      6423.222	     4.97933e+06	
      6428.220	     4.97565e+06	
      6433.219	     4.97195e+06	
      6438.218	     4.96821e+06	
      6443.216	     4.96447e+06	
      6448.215	     4.96067e+06	
      6453.214	     4.95687e+06	
      6458.212	     4.95303e+06	
      6463.211	     4.94914e+06	
      6468.210	     4.94524e+06	
      6473.208	     4.94135e+06	
      6478.207	     4.93739e+06	
      6483.205	     4.93340e+06	
      6488.204	     4.92941e+06	
      6493.203	     4.92536e+06	
      6498.201	     4.92134e+06	
      6503.200	     4.91725e+06	
      6508.199	     4.91317e+06	
      6513.197	     4.90905e+06	
      6518.196	     4.90494e+06	
      6523.195	     4.90082e+06	
      6523.719	     4.90038e+06	
      6528.193	     4.89667e+06	
      6532.668	     4.89297e+06	
      6536.095	     4.89014e+06	
      6537.143	     4.88929e+06	
      6537.383	     4.88907e+06	
      6538.191	     4.88841e+06	
      6540.286	     4.88668e+06	
      6543.189	     4.88430e+06	
      6546.457	     4.88156e+06	
      6546.724	     4.88134e+06	
      6548.188	     4.88015e+06	
      6549.918	     4.87870e+06	
      6553.113	     4.87600e+06	
      6554.426	     4.87487e+06	
      6556.306	     4.87321e+06	
      6556.871	     4.87270e+06	
      6557.903	     4.87173e+06	
      6558.185	     4.87148e+06	
      6559.500	     4.87013e+06	
      6560.298	     4.86922e+06	
      6561.096	     4.86815e+06	
      6561.496	     4.86746e+06	
      6561.895	     4.86658e+06	
      6562.094	     4.86601e+06	
      6562.294	     4.86526e+06	
      6562.394	     4.86476e+06	
      6562.494	     4.86410e+06	
      6562.594	     4.86331e+06	
      6562.693	     4.86265e+06	
      6562.793	     4.86227e+06	
      6562.892	     4.86253e+06	
      6562.992	     4.86306e+06	
      6563.092	     4.86372e+06	
      6563.291	     4.86460e+06	
      6563.641	     4.86535e+06	
      6563.687	     4.86542e+06	
      6563.689	     4.86542e+06	
      6563.691	     4.86542e+06	
      6563.741	     4.86548e+06	
      6563.841	     4.86560e+06	
      6564.041	     4.86576e+06	
      6564.294	     4.86589e+06	
      6564.392	     4.86592e+06	
      6564.441	     4.86592e+06	
      6564.490	     4.86595e+06	
      6564.685	     4.86598e+06	
      6565.077	     4.86598e+06	
      6565.636	     4.86595e+06	
      6565.861	     4.86592e+06	
      6566.086	     4.86586e+06	
      6566.536	     4.86576e+06	
      6566.689	     4.86570e+06	
      6567.085	     4.86557e+06	
      6567.436	     4.86548e+06	
      6568.183	     4.86520e+06	
      6569.280	     4.86479e+06	
      6570.478	     4.86428e+06	
      6571.476	     4.86385e+06	
      6572.473	     4.86341e+06	
      6573.270	     4.86306e+06	
      6574.469	     4.86249e+06	
      6575.667	     4.86196e+06	
      6577.950	     4.86089e+06	
      6578.065	     4.86083e+06	
      6578.180	     4.86077e+06	
      6578.410	     4.86067e+06	
      6578.870	     4.86045e+06	
      6579.789	     4.86001e+06	
      6580.079	     4.85989e+06	
      6581.629	     4.85913e+06	
      6583.178	     4.85841e+06	
      6584.378	     4.85784e+06	
      6586.278	     4.85693e+06	
      6587.911	     4.85615e+06	
      6588.177	     4.85602e+06	
      6588.443	     4.85590e+06	
      6588.975	     4.85565e+06	
      6590.039	     4.85514e+06	
      6591.023	     4.85467e+06	
      6592.166	     4.85411e+06	
      6593.014	     4.85370e+06	
      6593.309	     4.85357e+06	
      6595.594	     4.85247e+06	
      6598.174	     4.85125e+06	
      6603.335	     4.84877e+06	
      6613.656	     4.84377e+06	
      6634.299	     4.83356e+06	
      6639.690	     4.83083e+06	
      6675.584	     4.81169e+06	
      6711.477	     4.79109e+06	
      6741.748	     4.77283e+06	
      6783.263	     4.74663e+06	
      6824.779	     4.71936e+06	
      6907.811	     4.66303e+06	
      6990.842	     4.60473e+06	
      7038.601	     4.57055e+06	
      7073.874	     4.54507e+06	
      7109.146	     4.51943e+06	
      7179.691	     4.46816e+06	
      7250.236	     4.41639e+06	
      7320.781	     4.36427e+06	
      7389.137	     4.31432e+06	
      7391.326	     4.31268e+06	
      7393.514	     4.31105e+06	
      7397.891	     4.30781e+06	
      7406.645	     4.30134e+06	
      7424.152	     4.28837e+06	
      7459.167	     4.26242e+06	
      7529.196	     4.21039e+06	
      7599.225	     4.15834e+06	
      7660.626	     4.11269e+06	
      7669.254	     4.10628e+06	
      7677.881	     4.09987e+06	
      7695.137	     4.08715e+06	
      7729.647	     4.06177e+06	
      7798.668	     4.01100e+06	
      7867.690	     3.96035e+06	
      7911.174	     3.92853e+06	
      7936.711	     3.90984e+06	
      7962.248	     3.89121e+06	
      8013.322	     3.85423e+06	
      8046.242	     3.83045e+06	
      8064.396	     3.81738e+06	
      8082.550	     3.80431e+06	
      8118.857	     3.77830e+06	
      8180.092	     3.73460e+06	
      8191.471	     3.72649e+06	
      8200.850	     3.71983e+06	
      8202.850	     3.71839e+06	
      8204.849	     3.71698e+06	
      8208.848	     3.71415e+06	
      8216.846	     3.70849e+06	
      8232.842	     3.69721e+06	
      8264.833	     3.67466e+06	
      8289.715	     3.65716e+06	
      8328.816	     3.62973e+06	
      8343.441	     3.61949e+06	
      8367.916	     3.60243e+06	
      8371.465	     3.59995e+06	
      8388.684	     3.58801e+06	
      8392.391	     3.58547e+06	
      8408.650	     3.57422e+06	
      8413.318	     3.57099e+06	
      8432.024	     3.55807e+06	
      8437.951	     3.55399e+06	
      8467.252	     3.53382e+06	
      8473.978	     3.52920e+06	
      8502.481	     3.50966e+06	
      8516.584	     3.50002e+06	
      8530.983	     3.49018e+06	
      8545.382	     3.48044e+06	
      8549.972	     3.47733e+06	
      8574.180	     3.46097e+06	
      8598.388	     3.44466e+06	
      8628.597	     3.42437e+06	
      8646.805	     3.41218e+06	
      8652.391	     3.40844e+06	
      8665.013	     3.40002e+06	
      8685.587	     3.38629e+06	
      8701.429	     3.37574e+06	
      8750.468	     3.34325e+06	
      8767.917	     3.33175e+06	
      8815.350	     3.30059e+06	
      8862.782	     3.26986e+06	
      8900.383	     3.24564e+06	
      8957.646	     3.20901e+06	
      9014.908	     3.17266e+06	
      9044.624	     3.15391e+06	
      9072.171	     3.13659e+06	
      9099.717	     3.11936e+06	
      9154.810	     3.08537e+06	
      9190.798	     3.06333e+06	
      9209.903	     3.05167e+06	
      9229.009	     3.04004e+06	
      9267.221	     3.01690e+06	
      9303.204	     2.99522e+06	
      9343.644	     2.97101e+06	
      9384.084	     2.94695e+06	
      9464.964	     2.89968e+06	
      9545.723	     2.85310e+06	
      9545.844	     2.85303e+06	
      9545.965	     2.85296e+06	
      9546.207	     2.85282e+06	
      9546.691	     2.85254e+06	
      9546.866	     2.85244e+06	
      9547.658	     2.85199e+06	
      9549.594	     2.85088e+06	
      9553.465	     2.84867e+06	
      9561.207	     2.84424e+06	
      9576.691	     2.83540e+06	
      9607.658	     2.81779e+06	
      9668.451	     2.78349e+06	
      9729.243	     2.74982e+06	
      9790.036	     2.71649e+06	
      9850.828	     2.68351e+06	
      9870.422	     2.67295e+06	
      9911.620	     2.65088e+06	
      9952.819	     2.62896e+06	
     10021.070	     2.59330e+06	
     10035.217	     2.58597e+06	
     10049.364	     2.57865e+06	
     10077.658	     2.56406e+06	
     10134.247	     2.53512e+06	
     10144.484	     2.52991e+06	
     10190.835	     2.50647e+06	
     10237.187	     2.48322e+06	
     10329.890	     2.43825e+06	
     10422.592	     2.39402e+06	
     10515.295	     2.35051e+06	
     10607.998	     2.30774e+06	
     10700.701	     2.26570e+06	
     10793.403	     2.22440e+06	
     10834.127	     2.20648e+06	
     10886.106	     2.18381e+06	
     10938.085	     2.16136e+06	
     10990.064	     2.13915e+06	
     11042.043	     2.11716e+06	
     11094.022	     2.09539e+06	
     11146.000	     2.07385e+06	
     11197.979	     2.05253e+06	
     11239.008	     2.03585e+06	
     11249.958	     2.03142e+06	
     11260.908	     2.02700e+06	
     11282.808	     2.01850e+06	
     11326.608	     2.00160e+06	
     11414.209	     1.96821e+06	
     11501.809	     1.93536e+06	
     11589.411	     1.90305e+06	
     11677.011	     1.87128e+06	
     11764.612	     1.84005e+06	
     11852.212	     1.80934e+06	
     11939.813	     1.77915e+06	
     12027.413	     1.74947e+06	
     12115.014	     1.72031e+06	
     12120.600	     1.71847e+06	
     12202.614	     1.69165e+06	
     12284.629	     1.66527e+06	
     12366.644	     1.64039e+06	
     12448.658	     1.61587e+06	
     12530.673	     1.59173e+06	
     12612.688	     1.56795e+06	
     12694.701	     1.54453e+06	
     12735.367	     1.53305e+06	
     12776.716	     1.52147e+06	
     12818.066	     1.50998e+06	
     12900.764	     1.48728e+06	
     12983.464	     1.46493e+06	
     13066.162	     1.44293e+06	
     13148.861	     1.42128e+06	
     13154.771	     1.41975e+06	
     13231.560	     1.39998e+06	
     13308.350	     1.38049e+06	
     13385.140	     1.36228e+06	
     13461.929	     1.34431e+06	
     13538.719	     1.32657e+06	
     13615.509	     1.30906e+06	
     13692.299	     1.29180e+06	
     13769.088	     1.27476e+06	
     13845.878	     1.25795e+06	
     13922.668	     1.24138e+06	
     13999.458	     1.22502e+06	
     14076.247	     1.20889e+06	
     14153.038	     1.19298e+06	
     14229.828	     1.17729e+06	
     14281.164	     1.16693e+06	
     14306.618	     1.16182e+06	
     14332.071	     1.15674e+06	
     14382.978	     1.14697e+06	
     14410.128	     1.14179e+06	
     14427.096	     1.13857e+06	
     14433.884	     1.13728e+06	
     14457.640	     1.13279e+06	
     14505.152	     1.12393e+06	
     14581.211	     1.10988e+06	
     14583.210	     1.10952e+06	
     14585.210	     1.10915e+06	
     14589.208	     1.10844e+06	
     14597.206	     1.10702e+06	
     14613.202	     1.10418e+06	
     14645.193	     1.09852e+06	
     14709.176	     1.08729e+06	
     14773.158	     1.07616e+06	
     14837.141	     1.06514e+06	
     14901.123	     1.05423e+06	
     14965.106	     1.04343e+06	
     15029.088	     1.03274e+06	
     15093.071	     1.02215e+06	
     15157.054	     1.01166e+06	
     15221.036	     1.00128e+06	
     15285.019	     9.91009e+05	
     15349.001	     9.80840e+05	
     15412.984	     9.70777e+05	
     15471.572	     9.61654e+05	
     15476.966	     9.60818e+05	
     15482.361	     9.59983e+05	
     15493.150	     9.58283e+05	
     15514.728	     9.54890e+05	
     15557.884	     9.48139e+05	
     15644.197	     9.34787e+05	
     15730.509	     9.21633e+05	
     15816.821	     9.08668e+05	
     15903.134	     8.95891e+05	
     15989.446	     8.83303e+05	
     16075.759	     8.70900e+05	
     16162.071	     8.58682e+05	
     16248.384	     8.46647e+05	
     16289.880	     8.40926e+05	
     16334.696	     8.34793e+05	
     16379.512	     8.28708e+05	
     16469.143	     8.14756e+05	
     16558.775	     8.01087e+05	
     16648.406	     7.87695e+05	
     16738.038	     7.74572e+05	
     16827.669	     7.61717e+05	
     16917.301	     7.49119e+05	
     17006.933	     7.36769e+05	
     17096.564	     7.24671e+05	
     17186.196	     7.12812e+05	
     17275.827	     7.01188e+05	
     17327.685	     6.94565e+05	
     17365.459	     6.89793e+05	
     17403.232	     6.85059e+05	
     17478.780	     6.75700e+05	
     17554.327	     6.66498e+05	
     17629.874	     6.57447e+05	
     17705.422	     6.48547e+05	
     17780.969	     6.39792e+05	
     17856.517	     6.31181e+05	
     17932.064	     6.22711e+05	
     18007.611	     6.14232e+05	
     18083.159	     6.06026e+05	
     18158.706	     5.97955e+05	
     18234.253	     5.90013e+05	
     18309.801	     5.82200e+05	
     18343.743	     5.78728e+05	
     18385.348	     5.74509e+05	
     18426.953	     5.70328e+05	
     18510.162	     5.62081e+05	
     18593.371	     5.53979e+05	
     18602.053	     5.53140e+05	
     18676.581	     5.46021e+05	
     18751.108	     5.39009e+05	
     18825.636	     5.32129e+05	
     18900.163	     5.25356e+05	
     18974.691	     5.18686e+05	
     19049.219	     5.12124e+05	
     19123.746	     5.05661e+05	
     19198.274	     4.99300e+05	
     19272.802	     4.93035e+05	
     19347.329	     4.86865e+05	
     19393.041	     4.83127e+05	
     19421.857	     4.80789e+05	
     19450.673	     4.78465e+05	
     19508.305	     4.73856e+05	
     19565.938	     4.69395e+05	
     19623.570	     4.64887e+05	
     19681.202	     4.60432e+05	
     19738.834	     4.56030e+05	
     19796.467	     4.51682e+05	
     19854.099	     4.47382e+05	
     19911.731	     4.43134e+05	
     19969.363	     4.38934e+05	
     20026.996	     4.34781e+05	
     20084.628	     4.30678e+05	
     20142.260	     4.26622e+05	
     20199.892	     4.22613e+05	
     20257.525	     4.18652e+05	
     20315.157	     4.14734e+05	
     20372.789	     4.10861e+05	
     20386.449	     4.09950e+05	
     20430.421	     4.07034e+05	
     20474.393	     4.04141e+05	
     20562.337	     3.98436e+05	
     20650.280	     3.92828e+05	
     20738.224	     3.87318e+05	
     20826.167	     3.81901e+05	
     20914.111	     3.76580e+05	
     21002.055	     3.71346e+05	
     21089.998	     3.66203e+05	
     21177.942	     3.61148e+05	
     21265.885	     3.56175e+05	
     21353.829	     3.51290e+05	
     21441.773	     3.46483e+05	
     21529.716	     3.41761e+05	
     21604.704	     3.37793e+05	
     21617.660	     3.37115e+05	
     21630.617	     3.36436e+05	
     21656.529	     3.35089e+05	
     21708.356	     3.32406e+05	
     21760.182	     3.29754e+05	
     21812.008	     3.27125e+05	
     21863.835	     3.24523e+05	
     21915.661	     3.21944e+05	
     21967.487	     3.19393e+05	
     22019.313	     3.16867e+05	
     22071.139	     3.14363e+05	
     22122.966	     3.11886e+05	
     22174.792	     3.09432e+05	
     22226.619	     3.07002e+05	
     22278.445	     3.04595e+05	
     22330.271	     3.02212e+05	
     22382.097	     2.99851e+05	
     22433.923	     2.97513e+05	
     22485.750	     2.95198e+05	
     22537.576	     2.92904e+05	
     22589.403	     2.90633e+05	
     22641.228	     2.88382e+05	
     22693.054	     2.86154e+05	
     22702.925	     2.85732e+05	
     22744.881	     2.83947e+05	
     22784.838	     2.82260e+05	
     22786.838	     2.82175e+05	
     22788.837	     2.82091e+05	
     22792.836	     2.81923e+05	
     22800.834	     2.81588e+05	
     22816.829	     2.80918e+05	
     22848.821	     2.79584e+05	
     22912.803	     2.76940e+05	
     22976.786	     2.74326e+05	
     23040.768	     2.71743e+05	
     23104.751	     2.69189e+05	
     23168.733	     2.66666e+05	
     23232.716	     2.64171e+05	
     23296.698	     2.61705e+05	
     23360.681	     2.59267e+05	
     23424.663	     2.56858e+05	
     23488.646	     2.54475e+05	
     23552.628	     2.52120e+05	
     23616.611	     2.49792e+05	
     23680.593	     2.47491e+05	
     23744.576	     2.45215e+05	
     23808.558	     2.42965e+05	
     23872.541	     2.40741e+05	
     23936.523	     2.38541e+05	
     24000.506	     2.36367e+05	
     24064.488	     2.34216e+05	
     24128.471	     2.32090e+05	
     24192.453	     2.29988e+05	
     24256.436	     2.27909e+05	
     24320.419	     2.25853e+05	
     24384.401	     2.23820e+05	
     24448.384	     2.21809e+05	
     24512.366	     2.19821e+05	
     24576.349	     2.17855e+05	
     24640.331	     2.15910e+05	
     24704.314	     2.13987e+05	
     24768.296	     2.12085e+05	
     24832.279	     2.10204e+05	
     24896.261	     2.08344e+05	
     24960.244	     2.06503e+05	
     25004.437	     2.05244e+05	
     25024.226	     2.04683e+05	
     25044.016	     2.04124e+05	
     25083.595	     2.03012e+05	
     25162.753	     2.00811e+05	
     25241.912	     1.98639e+05	
     25321.070	     1.96496e+05	
     25400.228	     1.94381e+05	
     25479.387	     1.92295e+05	
     25558.545	     1.90236e+05	
     25637.703	     1.88204e+05	
     25716.862	     1.86199e+05	
     25796.020	     1.84221e+05	
     25875.179	     1.82268e+05	
     25954.337	     1.80341e+05	
     26033.495	     1.78439e+05	
     26112.654	     1.76562e+05	
     26191.812	     1.74709e+05	
     26270.970	     1.72880e+05	
     26350.129	     1.71074e+05	
     26429.287	     1.69293e+05	
     26508.445	     1.67534e+05	
     26587.604	     1.65797e+05	
     26666.762	     1.64083e+05	
     26745.921	     1.62390e+05	
     26825.079	     1.60719e+05	
     26904.237	     1.59069e+05	
     26983.396	     1.57440e+05	
     27062.554	     1.55832e+05	
     27141.712	     1.54244e+05	
     27142.547	     1.54227e+05	
     27220.871	     1.52676e+05	
     27299.194	     1.51144e+05	
     27377.518	     1.49631e+05	
     27455.842	     1.48137e+05	
     27534.165	     1.46662e+05	
     27612.489	     1.45205e+05	
     27690.812	     1.43765e+05	
     27769.136	     1.42344e+05	
     27847.459	     1.40939e+05	
     27925.783	     1.39552e+05	
     28004.107	     1.38181e+05	
     28082.430	     1.36828e+05	
     28160.754	     1.35490e+05	
     28239.077	     1.34169e+05	
     28317.401	     1.32864e+05	
     28395.725	     1.31574e+05	
     28474.048	     1.30300e+05	
     28552.372	     1.29041e+05	
     28630.695	     1.27797e+05	
     28709.019	     1.26568e+05	
     28787.343	     1.25354e+05	
     28865.666	     1.24154e+05	
     28943.990	     1.22968e+05	
     29022.313	     1.21796e+05	
     29100.637	     1.20638e+05	
     29178.961	     1.19494e+05	
     29257.284	     1.18363e+05	
     29335.608	     1.17245e+05	
     29413.931	     1.16140e+05	
     29492.255	     1.15048e+05	
     29570.578	     1.13969e+05	
     29648.902	     1.12902e+05	
     29727.226	     1.11848e+05	
     29805.549	     1.10806e+05	
     29883.873	     1.09776e+05	
     29932.600	     1.09141e+05	
     29962.196	     1.08758e+05	
     29991.792	     1.08376e+05	
#time:0.038154
