# Koester WD models
# teff = 5250 K (value for the effective temperature for the model. Temperatures are given in K)
# logg = 8 log(cm/s2) (value for Log(G) for the model.)
#
#   WAVELENGTH	#           FLUX	
#   (ANGSTROM)	#  (ERG/CM2/S/A)	
##############	################	
       899.230	     7.55814e-04	
       900.630	     7.93884e-04	
       902.031	     8.33732e-04	
       902.627	     8.51271e-04	
       903.431	     8.75439e-04	
       904.235	     9.00245e-04	
       905.843	     9.51833e-04	
       907.451	     1.00616e-03	
       908.875	     1.05672e-03	
       909.059	     1.06337e-03	
       909.180	     1.06782e-03	
       909.241	     1.07005e-03	
       909.606	     1.08353e-03	
       909.733	     1.08827e-03	
       910.032	     1.09946e-03	
       910.783	     1.12811e-03	
       910.884	     1.13198e-03	
       912.034	     1.17731e-03	
       913.037	     1.21822e-03	
       913.241	     1.22671e-03	
       913.284	     1.22851e-03	
       913.478	     1.23664e-03	
       913.531	     1.23887e-03	
       913.755	     1.24830e-03	
       913.822	     1.25115e-03	
       914.080	     1.26216e-03	
       914.165	     1.26581e-03	
       914.499	     1.28024e-03	
       914.575	     1.28355e-03	
       915.071	     1.30527e-03	
       915.540	     1.32617e-03	
       915.609	     1.32922e-03	
       915.643	     1.33075e-03	
       915.677	     1.33228e-03	
       915.741	     1.33517e-03	
       915.813	     1.33843e-03	
       916.085	     1.35079e-03	
       916.429	     1.36659e-03	
       916.858	     1.38648e-03	
       917.118	     1.39869e-03	
       917.196	     1.40237e-03	
       917.378	     1.41100e-03	
       917.899	     1.43593e-03	
       917.952	     1.43849e-03	
       918.287	     1.45480e-03	
       918.602	     1.47024e-03	
       919.251	     1.50263e-03	
       920.215	     1.55192e-03	
       921.882	     1.64067e-03	
       921.999	     1.64710e-03	
       922.143	     1.65503e-03	
       922.405	     1.66948e-03	
       922.810	     1.69212e-03	
       923.621	     1.73721e-03	
       925.001	     1.81894e-03	
       925.242	     1.83422e-03	
       925.484	     1.84891e-03	
       925.564	     1.85380e-03	
       925.966	     1.87752e-03	
       926.369	     1.89729e-03	
       926.771	     1.91779e-03	
       926.969	     1.92840e-03	
       927.576	     1.96302e-03	
       928.182	     2.00133e-03	
       928.489	     2.01854e-03	
       928.789	     2.04262e-03	
       928.917	     2.05392e-03	
       928.980	     2.05969e-03	
       929.089	     2.07005e-03	
       929.261	     2.08652e-03	
       929.317	     2.09181e-03	
       929.543	     2.11191e-03	
       929.655	     2.12048e-03	
       929.769	     2.12856e-03	
       929.827	     2.13261e-03	
       929.883	     2.13652e-03	
       929.910	     2.13841e-03	
       929.939	     2.14044e-03	
       929.954	     2.14149e-03	
       929.968	     2.14247e-03	
       929.982	     2.14345e-03	
       929.996	     2.14444e-03	
       930.010	     2.14542e-03	
       930.024	     2.14640e-03	
       930.038	     2.14738e-03	
       930.052	     2.14837e-03	
       930.081	     2.15041e-03	
       930.137	     2.15435e-03	
       930.201	     2.15886e-03	
       930.247	     2.16211e-03	
       930.249	     2.16225e-03	
       930.251	     2.16240e-03	
       930.301	     2.16592e-03	
       930.326	     2.16759e-03	
       930.329	     2.16780e-03	
       930.402	     2.17271e-03	
       930.478	     2.17744e-03	
       930.630	     2.18542e-03	
       930.931	     2.19809e-03	
       931.229	     2.21059e-03	
       931.490	     2.22300e-03	
       931.534	     2.22526e-03	
       931.838	     2.24206e-03	
       931.968	     2.24962e-03	
       932.447	     2.27947e-03	
       932.925	     2.31269e-03	
       933.265	     2.33778e-03	
       933.403	     2.34824e-03	
       933.432	     2.35038e-03	
       933.542	     2.35883e-03	
       933.652	     2.36739e-03	
       933.872	     2.38480e-03	
       933.973	     2.39294e-03	
       934.073	     2.40107e-03	
       934.312	     2.42102e-03	
       934.316	     2.42136e-03	
       934.652	     2.45039e-03	
       934.773	     2.46137e-03	
       935.230	     2.50463e-03	
       935.687	     2.55291e-03	
       936.144	     2.60598e-03	
       936.372	     2.63246e-03	
       936.601	     2.65613e-03	
       936.714	     2.66643e-03	
       936.829	     2.67639e-03	
       936.887	     2.68139e-03	
       936.944	     2.68632e-03	
       936.973	     2.68883e-03	
       937.001	     2.69125e-03	
       937.015	     2.69247e-03	
       937.029	     2.69368e-03	
       937.043	     2.69490e-03	
       937.058	     2.69620e-03	
       937.072	     2.69741e-03	
       937.086	     2.69863e-03	
       937.101	     2.69993e-03	
       937.115	     2.70115e-03	
       937.143	     2.70359e-03	
       937.200	     2.70855e-03	
       937.314	     2.71850e-03	
       937.493	     2.73390e-03	
       937.542	     2.73782e-03	
       937.593	     2.74176e-03	
       937.694	     2.74865e-03	
       937.788	     2.75454e-03	
       937.894	     2.76045e-03	
       938.000	     2.76612e-03	
       938.212	     2.77689e-03	
       938.359	     2.78481e-03	
       938.556	     2.79601e-03	
       938.636	     2.80075e-03	
       938.914	     2.81882e-03	
       939.271	     2.84531e-03	
       939.986	     2.90647e-03	
       940.580	     2.96238e-03	
       940.660	     2.97017e-03	
       940.675	     2.97163e-03	
       940.700	     2.97407e-03	
       940.740	     2.97798e-03	
       940.787	     2.98260e-03	
       940.901	     2.99372e-03	
       941.221	     3.02582e-03	
       941.861	     3.09117e-03	
       943.048	     3.21253e-03	
       943.457	     3.25554e-03	
       944.382	     3.34844e-03	
       945.308	     3.44259e-03	
       945.770	     3.49260e-03	
       946.233	     3.54576e-03	
       946.696	     3.60391e-03	
       947.158	     3.66800e-03	
       947.621	     3.73931e-03	
       948.083	     3.81440e-03	
       948.314	     3.85024e-03	
       948.546	     3.88207e-03	
       948.661	     3.89639e-03	
       948.777	     3.91062e-03	
       948.835	     3.91772e-03	
       948.893	     3.92485e-03	
       948.922	     3.92844e-03	
       948.951	     3.93199e-03	
       948.966	     3.93384e-03	
       948.980	     3.93557e-03	
       948.994	     3.93730e-03	
       949.009	     3.93915e-03	
       949.023	     3.94088e-03	
       949.037	     3.94260e-03	
       949.052	     3.94446e-03	
       949.066	     3.94619e-03	
       949.095	     3.94977e-03	
       949.153	     3.95696e-03	
       949.230	     3.96651e-03	
       949.258	     3.96997e-03	
       949.269	     3.97135e-03	
       949.280	     3.97270e-03	
       949.330	     3.97892e-03	
       949.360	     3.98266e-03	
       949.430	     3.99133e-03	
       949.500	     3.99981e-03	
       949.640	     4.01562e-03	
       949.795	     4.03101e-03	
       949.879	     4.03849e-03	
       949.921	     4.04200e-03	
       949.963	     4.04546e-03	
       950.047	     4.05253e-03	
       950.131	     4.05900e-03	
       950.467	     4.08561e-03	
       950.888	     4.12161e-03	
       951.308	     4.16393e-03	
       951.728	     4.21156e-03	
       952.400	     4.29839e-03	
       952.569	     4.32205e-03	
       952.738	     4.34624e-03	
       953.076	     4.39672e-03	
       953.753	     4.50247e-03	
       954.198	     4.57595e-03	
       954.430	     4.61472e-03	
       955.106	     4.73165e-03	
       956.014	     4.89115e-03	
       956.370	     4.95539e-03	
       957.830	     5.22390e-03	
       958.148	     5.28344e-03	
       959.289	     5.49977e-03	
       960.430	     5.72084e-03	
       961.192	     5.87192e-03	
       962.712	     6.18080e-03	
       964.231	     6.49766e-03	
       965.750	     6.82612e-03	
       966.507	     6.99479e-03	
       966.767	     7.05325e-03	
       967.269	     7.16682e-03	
       968.032	     7.34105e-03	
       968.668	     7.48733e-03	
       968.979	     7.55892e-03	
       969.297	     7.63165e-03	
       969.453	     7.66687e-03	
       969.927	     7.77057e-03	
       970.164	     7.81836e-03	
       970.400	     7.86042e-03	
       970.637	     7.89077e-03	
       970.756	     7.90010e-03	
       970.874	     7.90264e-03	
       970.992	     7.89206e-03	
       971.110	     7.87000e-03	
       971.230	     7.82954e-03	
       971.348	     7.77205e-03	
       971.466	     7.71484e-03	
       971.535	     7.70469e-03	
       971.567	     7.71120e-03	
       971.584	     7.71845e-03	
       971.635	     7.75537e-03	
       971.644	     7.76457e-03	
       971.703	     7.83265e-03	
       971.732	     7.86347e-03	
       971.762	     7.88326e-03	
       971.778	     7.88854e-03	
       971.792	     7.89196e-03	
       971.806	     7.89526e-03	
       971.821	     7.89878e-03	
       971.827	     7.90019e-03	
       971.833	     7.90161e-03	
       971.836	     7.90230e-03	
       971.839	     7.90302e-03	
       971.851	     7.90585e-03	
       971.866	     7.90937e-03	
       971.880	     7.91267e-03	
       971.910	     7.91895e-03	
       971.969	     7.90085e-03	
       972.037	     7.85342e-03	
       972.087	     7.83695e-03	
       972.137	     7.84358e-03	
       972.150	     7.84779e-03	
       972.199	     7.87786e-03	
       972.237	     7.90858e-03	
       972.324	     7.99633e-03	
       972.348	     8.02155e-03	
       972.499	     8.16484e-03	
       972.649	     8.27835e-03	
       972.798	     8.37055e-03	
       972.948	     8.44328e-03	
       973.097	     8.50891e-03	
       973.396	     8.61915e-03	
       973.645	     8.70303e-03	
       973.696	     8.71911e-03	
       973.746	     8.73495e-03	
       973.846	     8.76611e-03	
       974.046	     8.82684e-03	
       974.446	     8.94462e-03	
       974.853	     9.06221e-03	
       975.247	     9.17515e-03	
       975.640	     9.28790e-03	
       976.427	     9.51522e-03	
       976.695	     9.59398e-03	
       978.000	     9.98420e-03	
       979.305	     1.03856e-02	
       979.906	     1.05749e-02	
       981.915	     1.12276e-02	
       983.923	     1.19144e-02	
       985.245	     1.23866e-02	
       985.932	     1.26388e-02	
       986.618	     1.28953e-02	
       986.670	     1.29149e-02	
       987.991	     1.34220e-02	
       989.312	     1.39464e-02	
       990.029	     1.42383e-02	
       990.633	     1.44887e-02	
       991.954	     1.50497e-02	
       993.880	     1.59023e-02	
       995.805	     1.67980e-02	
       997.014	     1.73834e-02	
       997.574	     1.76610e-02	
       997.730	     1.77390e-02	
       997.806	     1.77771e-02	
       998.447	     1.81012e-02	
       999.319	     1.85512e-02	
       999.435	     1.86119e-02	
      1001.064	     1.94825e-02	
      1002.694	     2.03898e-02	
      1004.323	     2.13354e-02	
      1005.836	     2.22496e-02	
      1005.952	     2.23212e-02	
      1007.581	     2.33483e-02	
      1009.326	     2.44958e-02	
      1011.071	     2.56925e-02	
      1011.303	     2.58556e-02	
      1012.816	     2.69417e-02	
      1014.329	     2.80703e-02	
      1015.378	     2.88790e-02	
      1015.842	     2.92450e-02	
      1017.355	     3.04595e-02	
      1017.620	     3.06813e-02	
      1019.046	     3.18727e-02	
      1019.332	     3.21143e-02	
      1021.044	     3.35745e-02	
      1022.044	     3.44146e-02	
      1022.543	     3.48007e-02	
      1023.043	     3.51221e-02	
      1023.292	     3.52496e-02	
      1023.542	     3.53102e-02	
      1023.791	     3.53071e-02	
      1023.991	     3.52251e-02	
      1024.041	     3.51959e-02	
      1024.091	     3.51585e-02	
      1024.191	     3.50646e-02	
      1024.242	     3.50046e-02	
      1024.290	     3.49424e-02	
      1024.391	     3.47916e-02	
      1024.415	     3.47539e-02	
      1024.540	     3.45198e-02	
      1024.666	     3.43345e-02	
      1024.791	     3.44174e-02	
      1024.852	     3.46128e-02	
      1024.915	     3.48896e-02	
      1024.947	     3.50146e-02	
      1024.978	     3.50906e-02	
      1024.993	     3.51111e-02	
      1025.009	     3.51271e-02	
      1025.025	     3.51422e-02	
      1025.040	     3.51560e-02	
      1025.056	     3.51708e-02	
      1025.072	     3.51858e-02	
      1025.087	     3.51997e-02	
      1025.103	     3.52147e-02	
      1025.134	     3.52433e-02	
      1025.196	     3.52173e-02	
      1025.271	     3.50281e-02	
      1025.320	     3.49377e-02	
      1025.371	     3.49182e-02	
      1025.471	     3.50856e-02	
      1025.521	     3.52380e-02	
      1025.571	     3.54196e-02	
      1025.621	     3.56178e-02	
      1025.721	     3.59973e-02	
      1025.772	     3.61814e-02	
      1025.921	     3.66712e-02	
      1026.070	     3.71003e-02	
      1026.219	     3.74773e-02	
      1026.369	     3.78175e-02	
      1026.667	     3.83956e-02	
      1026.861	     3.87308e-02	
      1026.965	     3.88885e-02	
      1027.069	     3.90399e-02	
      1027.277	     3.93365e-02	
      1027.693	     3.98844e-02	
      1027.985	     4.02429e-02	
      1028.526	     4.08778e-02	
      1028.796	     4.11885e-02	
      1029.067	     4.14973e-02	
      1029.338	     4.18074e-02	
      1029.881	     4.24272e-02	
      1030.965	     4.36772e-02	
      1033.082	     4.61754e-02	
      1033.135	     4.62380e-02	
      1033.187	     4.63008e-02	
      1033.230	     4.63529e-02	
      1033.291	     4.64268e-02	
      1033.499	     4.66790e-02	
      1033.915	     4.71870e-02	
      1034.747	     4.82178e-02	
      1036.265	     5.01521e-02	
      1037.783	     5.21548e-02	
      1039.172	     5.40489e-02	
      1039.258	     5.41683e-02	
      1039.301	     5.42280e-02	
      1039.344	     5.42880e-02	
      1039.504	     5.45104e-02	
      1039.516	     5.45271e-02	
      1039.860	     5.50090e-02	
      1040.549	     5.59838e-02	
      1041.925	     5.79809e-02	
      1044.347	     6.16512e-02	
      1046.768	     6.55327e-02	
      1049.029	     6.93576e-02	
      1049.189	     6.96359e-02	
      1049.349	     6.99152e-02	
      1049.670	     7.04782e-02	
      1050.310	     7.16167e-02	
      1051.591	     7.39440e-02	
      1053.952	     7.84170e-02	
      1054.152	     7.88072e-02	
      1054.352	     7.91992e-02	
      1054.752	     7.99884e-02	
      1054.952	     8.03858e-02	
      1055.553	     8.15887e-02	
      1057.153	     8.48770e-02	
      1059.355	     8.95967e-02	
      1061.556	     9.45434e-02	
      1063.156	     9.82960e-02	
      1063.757	     9.97380e-02	
      1064.357	     1.01199e-01	
      1065.558	     1.04180e-01	
      1066.558	     1.06725e-01	
      1067.959	     1.10383e-01	
      1069.359	     1.14155e-01	
      1069.960	     1.15814e-01	
      1072.161	     1.22084e-01	
      1074.362	     1.28662e-01	
      1076.563	     1.35563e-01	
      1078.163	     1.40792e-01	
      1078.687	     1.42543e-01	
      1078.764	     1.42800e-01	
      1078.980	     1.43530e-01	
      1079.364	     1.44835e-01	
      1080.565	     1.48969e-01	
      1080.712	     1.49481e-01	
      1082.442	     1.55651e-01	
      1084.173	     1.62051e-01	
      1085.905	     1.68691e-01	
      1087.637	     1.75577e-01	
      1089.318	     1.82515e-01	
      1089.367	     1.82721e-01	
      1089.418	     1.82936e-01	
      1089.518	     1.83359e-01	
      1089.718	     1.84206e-01	
      1090.119	     1.85913e-01	
      1090.669	     1.88282e-01	
      1090.919	     1.89368e-01	
      1092.520	     1.96455e-01	
      1094.370	     2.04951e-01	
      1096.221	     2.13780e-01	
      1096.771	     2.16471e-01	
      1098.072	     2.22954e-01	
      1099.372	     2.29613e-01	
      1099.573	     2.30651e-01	
      1101.974	     2.43434e-01	
      1104.374	     2.56858e-01	
      1106.775	     2.70949e-01	
      1108.976	     2.84477e-01	
      1109.176	     2.85737e-01	
      1109.376	     2.87002e-01	
      1109.777	     2.89566e-01	
      1109.977	     2.90857e-01	
      1110.577	     2.94758e-01	
      1112.177	     3.05396e-01	
      1114.378	     3.20593e-01	
      1116.579	     3.36477e-01	
      1118.180	     3.48475e-01	
      1118.684	     3.52333e-01	
      1118.780	     3.53074e-01	
      1119.380	     3.57727e-01	
      1120.076	     3.63193e-01	
      1121.469	     3.74358e-01	
      1123.778	     3.93560e-01	
      1124.254	     3.97619e-01	
      1124.730	     4.01697e-01	
      1125.682	     4.09975e-01	
      1125.790	     4.10923e-01	
      1127.075	     4.22353e-01	
      1127.587	     4.26990e-01	
      1127.845	     4.29343e-01	
      1129.384	     4.43621e-01	
      1129.769	     4.47262e-01	
      1131.692	     4.65857e-01	
      1133.616	     4.85140e-01	
      1135.540	     5.05143e-01	
      1137.463	     5.25887e-01	
      1139.387	     5.47382e-01	
      1141.310	     5.69630e-01	
      1142.080	     5.78735e-01	
      1143.234	     5.92643e-01	
      1144.004	     6.02077e-01	
      1144.388	     6.06827e-01	
      1146.697	     6.36019e-01	
      1149.390	     6.71443e-01	
      1149.774	     6.76586e-01	
      1152.083	     7.08190e-01	
      1154.391	     7.40919e-01	
      1158.625	     8.03019e-01	
      1159.001	     8.08684e-01	
      1159.009	     8.08803e-01	
      1159.393	     8.14615e-01	
      1160.161	     8.26233e-01	
      1161.697	     8.49531e-01	
      1164.394	     8.91392e-01	
      1169.395	     9.70165e-01	
      1171.896	     1.01027e+00	
      1174.397	     1.05281e+00	
      1175.647	     1.07564e+00	
      1176.897	     1.09996e+00	
      1177.860	     1.11962e+00	
      1178.148	     1.12568e+00	
      1179.398	     1.15280e+00	
      1180.936	     1.18784e+00	
      1182.475	     1.22433e+00	
      1182.858	     1.23363e+00	
      1184.013	     1.26201e+00	
      1185.168	     1.29091e+00	
      1185.558	     1.30077e+00	
      1187.479	     1.35039e+00	
      1189.400	     1.40158e+00	
      1191.322	     1.45456e+00	
      1192.085	     1.47613e+00	
      1193.243	     1.50946e+00	
      1194.034	     1.53256e+00	
      1194.402	     1.54342e+00	
      1196.718	     1.61338e+00	
      1196.902	     1.61905e+00	
      1199.403	     1.69777e+00	
      1201.903	     1.78054e+00	
      1204.404	     1.86891e+00	
      1206.904	     1.96257e+00	
      1208.485	     2.02434e+00	
      1209.405	     2.06114e+00	
      1210.325	     2.09854e+00	
      1211.639	     2.15235e+00	
      1212.165	     2.17377e+00	
      1212.691	     2.19505e+00	
      1213.613	     2.23237e+00	
      1213.744	     2.23771e+00	
      1213.807	     2.24029e+00	
      1213.875	     2.24307e+00	
      1214.137	     2.25382e+00	
      1214.171	     2.25522e+00	
      1214.467	     2.26743e+00	
      1214.615	     2.27356e+00	
      1214.763	     2.27970e+00	
      1214.837	     2.28278e+00	
      1214.911	     2.28586e+00	
      1214.948	     2.28740e+00	
      1214.985	     2.28894e+00	
      1215.004	     2.28973e+00	
      1215.022	     2.29048e+00	
      1215.040	     2.29124e+00	
      1215.059	     2.29203e+00	
      1215.077	     2.29278e+00	
      1215.095	     2.29353e+00	
      1215.114	     2.29433e+00	
      1215.132	     2.29508e+00	
      1215.169	     2.29663e+00	
      1215.243	     2.29972e+00	
      1215.391	     2.30593e+00	
      1215.637	     2.31628e+00	
      1215.687	     2.31839e+00	
      1215.737	     2.32049e+00	
      1215.795	     2.32294e+00	
      1215.837	     2.32472e+00	
      1216.037	     2.33319e+00	
      1216.064	     2.33434e+00	
      1216.279	     2.34348e+00	
      1216.763	     2.36418e+00	
      1217.462	     2.39435e+00	
      1218.315	     2.43117e+00	
      1218.861	     2.45438e+00	
      1218.985	     2.45954e+00	
      1219.407	     2.47706e+00	
      1219.829	     2.49424e+00	
      1220.104	     2.50530e+00	
      1220.673	     2.52819e+00	
      1222.361	     2.59680e+00	
      1224.619	     2.69384e+00	
      1226.876	     2.79844e+00	
      1228.858	     2.89520e+00	
      1229.134	     2.90910e+00	
      1229.409	     2.92304e+00	
      1229.740	     2.93995e+00	
      1229.959	     2.95119e+00	
      1230.178	     2.96247e+00	
      1230.616	     2.98531e+00	
      1231.492	     3.03155e+00	
      1231.694	     3.04232e+00	
      1233.244	     3.12620e+00	
      1234.794	     3.21237e+00	
      1236.380	     3.30291e+00	
      1237.895	     3.39169e+00	
      1239.410	     3.48271e+00	
      1240.470	     3.54774e+00	
      1242.441	     3.67158e+00	
      1244.411	     3.79944e+00	
      1247.291	     3.99328e+00	
      1248.352	     4.06685e+00	
      1248.652	     4.08790e+00	
      1249.412	     4.14156e+00	
      1251.532	     4.29456e+00	
      1251.912	     4.32252e+00	
      1254.413	     4.51073e+00	
      1256.913	     4.70664e+00	
      1259.413	     4.91116e+00	
      1261.914	     5.12475e+00	
      1264.414	     5.34825e+00	
      1266.914	     5.58393e+00	
      1269.415	     5.83086e+00	
      1271.915	     6.08985e+00	
      1274.415	     6.35909e+00	
      1276.915	     6.63800e+00	
      1279.416	     6.92872e+00	
      1281.916	     7.22868e+00	
      1284.416	     7.53819e+00	
      1286.917	     7.85857e+00	
      1289.417	     8.19085e+00	
      1291.917	     8.52999e+00	
      1294.417	     8.88109e+00	
      1296.918	     9.24376e+00	
      1299.418	     9.61949e+00	
      1301.918	     1.00133e+01	
      1304.418	     1.04208e+01	
      1306.919	     1.08409e+01	
      1309.419	     1.12761e+01	
      1311.919	     1.17218e+01	
      1314.419	     1.21820e+01	
      1316.919	     1.26588e+01	
      1319.420	     1.31526e+01	
      1321.920	     1.36634e+01	
      1324.420	     1.41927e+01	
      1326.920	     1.47470e+01	
      1329.420	     1.53203e+01	
      1334.421	     1.65071e+01	
      1339.421	     1.77681e+01	
      1341.921	     1.84275e+01	
      1344.421	     1.91084e+01	
      1346.921	     1.98212e+01	
      1349.421	     2.05590e+01	
      1354.422	     2.21074e+01	
      1359.422	     2.37598e+01	
      1364.422	     2.54941e+01	
      1365.191	     2.57684e+01	
      1369.422	     2.73248e+01	
      1373.653	     2.89701e+01	
      1376.346	     3.00733e+01	
      1377.884	     3.07199e+01	
      1379.422	     3.13792e+01	
      1380.574	     3.18812e+01	
      1382.499	     3.27351e+01	
      1384.423	     3.36106e+01	
      1387.119	     3.48729e+01	
      1388.271	     3.54249e+01	
      1389.031	     3.57934e+01	
      1389.423	     3.59847e+01	
      1391.727	     3.71273e+01	
      1394.423	     3.84971e+01	
      1399.423	     4.11241e+01	
      1404.423	     4.39056e+01	
      1409.423	     4.68581e+01	
      1414.423	     5.00123e+01	
      1419.423	     5.33848e+01	
      1424.423	     5.69348e+01	
      1429.423	     6.06767e+01	
      1434.423	     6.45792e+01	
      1439.423	     6.86736e+01	
      1444.422	     7.29745e+01	
      1449.422	     7.75625e+01	
      1454.422	     8.24656e+01	
      1459.422	     8.76470e+01	
      1464.422	     9.31545e+01	
      1465.960	     9.49176e+01	
      1469.422	     9.89730e+01	
      1472.884	     1.03136e+02	
      1473.268	     1.03599e+02	
      1474.422	     1.04999e+02	
      1476.345	     1.07369e+02	
      1479.421	     1.11225e+02	
      1484.421	     1.17737e+02	
      1489.421	     1.24563e+02	
      1494.421	     1.31657e+02	
      1499.420	     1.39163e+02	
      1504.420	     1.47185e+02	
      1509.420	     1.55692e+02	
      1514.420	     1.64662e+02	
      1519.419	     1.74138e+02	
      1524.419	     1.84227e+02	
      1529.419	     1.94866e+02	
      1534.418	     2.05875e+02	
      1539.418	     2.17149e+02	
      1544.418	     2.28813e+02	
      1549.417	     2.40908e+02	
      1554.417	     2.53282e+02	
      1559.417	     2.65944e+02	
      1564.416	     2.79093e+02	
      1566.724	     2.85392e+02	
      1569.416	     2.92955e+02	
      1570.186	     2.95164e+02	
      1572.107	     3.00744e+02	
      1574.415	     3.07618e+02	
      1574.800	     3.08778e+02	
      1579.415	     3.23047e+02	
      1584.414	     3.39173e+02	
      1589.414	     3.55983e+02	
      1594.413	     3.73598e+02	
      1599.413	     3.92190e+02	
      1604.413	     4.11655e+02	
      1609.412	     4.32371e+02	
      1614.412	     4.54350e+02	
      1619.411	     4.77814e+02	
      1624.410	     5.02875e+02	
      1629.410	     5.29600e+02	
      1634.409	     5.58066e+02	
      1639.409	     5.87955e+02	
      1644.408	     6.19089e+02	
      1649.408	     6.50985e+02	
      1654.407	     6.83739e+02	
      1659.407	     7.17433e+02	
      1664.406	     7.52471e+02	
      1665.560	     7.60708e+02	
      1669.405	     7.88807e+02	
      1670.174	     7.94543e+02	
      1673.251	     8.17766e+02	
      1674.405	     8.26606e+02	
      1676.328	     8.41516e+02	
      1679.404	     8.65914e+02	
      1684.404	     9.07037e+02	
      1689.403	     9.50156e+02	
      1694.402	     9.95301e+02	
      1699.402	     1.04261e+03	
      1704.401	     1.09137e+03	
      1709.400	     1.14122e+03	
      1714.400	     1.19294e+03	
      1719.399	     1.24646e+03	
      1724.398	     1.30215e+03	
      1729.398	     1.35964e+03	
      1734.397	     1.41871e+03	
      1739.396	     1.47932e+03	
      1744.396	     1.54185e+03	
      1749.395	     1.60563e+03	
      1754.394	     1.67128e+03	
      1759.393	     1.73900e+03	
      1764.393	     1.80904e+03	
      1767.084	     1.84770e+03	
      1767.854	     1.85889e+03	
      1769.392	     1.88140e+03	
      1771.700	     1.91579e+03	
      1774.391	     1.95678e+03	
      1775.545	     1.97458e+03	
      1779.391	     2.03487e+03	
      1784.390	     2.11655e+03	
      1789.389	     2.20105e+03	
      1794.388	     2.28736e+03	
      1799.387	     2.37649e+03	
      1809.386	     2.56249e+03	
      1819.384	     2.76055e+03	
      1823.999	     2.85573e+03	
      1829.383	     2.97021e+03	
      1834.767	     3.08847e+03	
      1840.151	     3.21008e+03	
      1845.535	     3.33562e+03	
      1850.919	     3.46584e+03	
      1856.303	     3.60184e+03	
      1863.998	     3.80174e+03	
      1867.072	     3.88354e+03	
      1870.145	     3.96683e+03	
      1876.292	     4.13961e+03	
      1882.439	     4.31868e+03	
      1888.586	     4.50454e+03	
      1894.733	     4.69712e+03	
      1900.880	     4.89645e+03	
      1906.980	     5.10129e+03	
      1907.027	     5.10289e+03	
      1913.174	     5.31655e+03	
      1919.368	     5.53919e+03	
      1925.561	     5.76661e+03	
      1931.755	     6.00324e+03	
      1937.949	     6.25573e+03	
      1944.143	     6.50784e+03	
      1944.472	     6.52141e+03	
      1950.337	     6.77708e+03	
      1956.531	     7.04574e+03	
      1968.590	     7.59370e+03	
      1980.648	     8.17502e+03	
      1992.707	     8.79228e+03	
      2004.766	     9.44737e+03	
      2015.838	     1.00833e+04	
      2016.825	     1.01416e+04	
      2017.811	     1.02002e+04	
      2019.785	     1.03189e+04	
      2023.732	     1.05639e+04	
      2031.627	     1.10635e+04	
      2039.521	     1.15706e+04	
      2047.416	     1.20962e+04	
      2055.310	     1.26411e+04	
      2059.377	     1.29295e+04	
      2063.205	     1.32057e+04	
      2067.032	     1.34866e+04	
      2074.686	     1.40676e+04	
      2082.341	     1.46697e+04	
      2089.995	     1.52927e+04	
      2094.355	     1.56571e+04	
      2097.650	     1.59370e+04	
      2105.304	     1.66033e+04	
      2116.253	     1.75951e+04	
      2127.202	     1.86362e+04	
      2132.725	     1.91872e+04	
      2138.151	     1.97459e+04	
      2149.099	     2.08839e+04	
      2157.287	     2.17661e+04	
      2165.474	     2.26792e+04	
      2173.661	     2.36198e+04	
      2181.848	     2.45919e+04	
      2190.036	     2.55970e+04	
      2198.126	     2.66223e+04	
      2198.223	     2.66348e+04	
      2206.410	     2.77073e+04	
      2214.695	     2.88283e+04	
      2231.263	     3.11524e+04	
      2231.749	     3.12227e+04	
      2247.831	     3.36179e+04	
      2255.873	     3.48641e+04	
      2263.914	     3.61695e+04	
      2271.955	     3.75939e+04	
      2279.996	     3.90220e+04	
      2296.079	     4.20040e+04	
      2311.189	     4.49892e+04	
      2312.161	     4.51880e+04	
      2313.134	     4.53878e+04	
      2315.080	     4.57705e+04	
      2318.971	     4.65430e+04	
      2326.753	     4.81207e+04	
      2342.318	     5.14568e+04	
      2353.410	     5.39647e+04	
      2357.882	     5.50052e+04	
      2362.354	     5.60689e+04	
      2371.298	     5.82756e+04	
      2380.242	     6.05633e+04	
      2389.186	     6.29418e+04	
      2398.130	     6.54626e+04	
      2404.876	     6.74462e+04	
      2407.074	     6.81047e+04	
      2409.274	     6.87695e+04	
      2413.672	     7.01276e+04	
      2422.468	     7.29459e+04	
      2423.927	     7.34313e+04	
      2431.265	     7.60111e+04	
      2440.061	     7.91304e+04	
      2451.595	     8.34197e+04	
      2456.194	     8.51925e+04	
      2460.793	     8.72081e+04	
      2465.392	     8.92036e+04	
      2474.590	     9.33512e+04	
      2475.959	     9.39873e+04	
      2483.788	     9.77645e+04	
      2484.472	     9.81028e+04	
      2492.986	     1.02439e+05	
      2501.499	     1.07017e+05	
      2510.013	     1.11786e+05	
      2518.526	     1.16594e+05	
      2527.040	     1.21598e+05	
      2528.901	     1.22714e+05	
      2535.553	     1.26766e+05	
      2544.067	     1.32103e+05	
      2551.650	     1.37016e+05	
      2555.441	     1.39520e+05	
      2559.232	     1.42052e+05	
      2563.023	     1.44931e+05	
      2566.814	     1.47864e+05	
      2570.607	     1.50853e+05	
      2574.398	     1.53898e+05	
      2578.189	     1.57003e+05	
      2585.772	     1.63463e+05	
      2593.354	     1.70152e+05	
      2600.937	     1.77129e+05	
      2608.520	     1.84454e+05	
      2616.103	     1.91793e+05	
      2623.685	     1.99351e+05	
      2631.268	     2.07190e+05	
      2638.850	     2.15260e+05	
      2646.434	     2.23571e+05	
      2650.363	     2.27968e+05	
      2654.016	     2.32113e+05	
      2657.670	     2.36314e+05	
      2661.324	     2.39863e+05	
      2664.977	     2.43440e+05	
      2672.285	     2.50678e+05	
      2686.901	     2.65518e+05	
      2701.516	     2.80813e+05	
      2716.132	     2.96568e+05	
      2730.747	     3.12777e+05	
      2734.618	     3.17159e+05	
      2745.363	     3.29562e+05	
      2756.108	     3.42220e+05	
      2766.854	     3.55776e+05	
      2777.599	     3.69640e+05	
      2799.090	     3.98373e+05	
      2820.581	     4.28428e+05	
      2829.596	     4.41441e+05	
      2842.071	     4.59844e+05	
      2854.546	     4.78757e+05	
      2867.021	     4.99702e+05	
      2879.496	     5.21225e+05	
      2904.446	     5.65955e+05	
      2905.809	     5.68462e+05	
      2929.396	     6.13066e+05	
      2952.983	     6.59876e+05	
      2976.570	     7.06528e+05	
      2996.068	     7.46581e+05	
      3000.157	     7.55157e+05	
      3023.745	     8.05947e+05	
      3037.583	     8.36738e+05	
      3044.501	     8.52386e+05	
      3051.421	     8.68207e+05	
      3058.340	     8.86174e+05	
      3065.258	     9.04361e+05	
      3072.177	     9.22749e+05	
      3079.097	     9.41359e+05	
      3086.016	     9.60209e+05	
      3099.853	     9.98602e+05	
      3105.202	     1.01369e+06	
      3127.530	     1.07817e+06	
      3138.694	     1.11134e+06	
      3149.857	     1.14510e+06	
      3161.020	     1.18286e+06	
      3172.184	     1.22141e+06	
      3194.512	     1.30100e+06	
      3216.838	     1.38346e+06	
      3230.037	     1.43353e+06	
      3239.165	     1.46873e+06	
      3243.730	     1.48651e+06	
      3248.294	     1.50440e+06	
      3252.858	     1.51777e+06	
      3257.423	     1.53118e+06	
      3261.987	     1.54465e+06	
      3266.551	     1.55816e+06	
      3275.680	     1.58533e+06	
      3293.937	     1.64025e+06	
      3314.174	     1.70200e+06	
      3330.452	     1.75230e+06	
      3346.730	     1.80314e+06	
      3379.286	     1.90822e+06	
      3411.841	     2.01530e+06	
      3443.627	     2.12166e+06	
      3444.397	     2.12425e+06	
      3445.167	     2.12685e+06	
      3446.706	     2.13198e+06	
      3449.786	     2.14225e+06	
      3455.944	     2.16283e+06	
      3468.261	     2.20415e+06	
      3492.895	     2.28740e+06	
      3540.721	     2.45109e+06	
      3542.162	     2.45605e+06	
      3543.602	     2.46103e+06	
      3546.484	     2.47092e+06	
      3552.247	     2.49073e+06	
      3563.774	     2.53045e+06	
      3582.371	     2.59474e+06	
      3586.827	     2.61018e+06	
      3591.283	     2.62563e+06	
      3597.075	     2.64567e+06	
      3600.195	     2.65647e+06	
      3618.019	     2.71829e+06	
      3635.884	     2.78046e+06	
      3638.963	     2.79120e+06	
      3642.042	     2.80211e+06	
      3643.122	     2.80593e+06	
      3645.121	     2.81300e+06	
      3645.281	     2.81357e+06	
      3647.121	     2.82008e+06	
      3648.960	     2.82659e+06	
      3651.320	     2.83493e+06	
      3652.639	     2.83959e+06	
      3653.959	     2.84426e+06	
      3654.239	     2.84525e+06	
      3656.598	     2.85357e+06	
      3658.958	     2.86190e+06	
      3663.397	     2.87755e+06	
      3663.676	     2.87853e+06	
      3663.956	     2.87952e+06	
      3664.516	     2.88149e+06	
      3665.636	     2.88543e+06	
      3666.796	     2.88951e+06	
      3667.875	     2.89331e+06	
      3668.275	     2.89472e+06	
      3668.955	     2.89711e+06	
      3671.115	     2.90469e+06	
      3673.954	     2.91468e+06	
      3675.202	     2.91907e+06	
      3678.952	     2.93224e+06	
      3682.583	     2.94498e+06	
      3682.703	     2.94540e+06	
      3682.822	     2.94581e+06	
      3683.062	     2.94666e+06	
      3683.178	     2.94706e+06	
      3683.542	     2.94834e+06	
      3684.502	     2.95170e+06	
      3684.819	     2.95281e+06	
      3685.826	     2.95634e+06	
      3686.832	     2.95985e+06	
      3688.742	     2.96654e+06	
      3688.846	     2.96690e+06	
      3688.939	     2.96722e+06	
      3688.950	     2.96727e+06	
      3689.158	     2.96799e+06	
      3689.377	     2.96876e+06	
      3689.730	     2.96999e+06	
      3689.815	     2.97029e+06	
      3689.900	     2.97059e+06	
      3690.070	     2.97118e+06	
      3690.410	     2.97236e+06	
      3690.624	     2.97312e+06	
      3691.089	     2.97474e+06	
      3691.469	     2.97607e+06	
      3691.554	     2.97636e+06	
      3691.700	     2.97687e+06	
      3692.484	     2.97961e+06	
      3693.499	     2.98316e+06	
      3694.397	     2.98629e+06	
      3695.297	     2.98943e+06	
      3695.808	     2.99121e+06	
      3696.197	     2.99256e+06	
      3696.525	     2.99371e+06	
      3696.586	     2.99392e+06	
      3696.647	     2.99413e+06	
      3696.666	     2.99420e+06	
      3696.759	     2.99452e+06	
      3696.769	     2.99456e+06	
      3696.872	     2.99492e+06	
      3696.929	     2.99512e+06	
      3696.985	     2.99531e+06	
      3697.041	     2.99550e+06	
      3697.097	     2.99570e+06	
      3697.153	     2.99589e+06	
      3697.209	     2.99609e+06	
      3697.265	     2.99628e+06	
      3697.322	     2.99648e+06	
      3697.347	     2.99657e+06	
      3697.405	     2.99677e+06	
      3697.434	     2.99688e+06	
      3697.463	     2.99698e+06	
      3697.499	     2.99710e+06	
      3697.529	     2.99721e+06	
      3697.579	     2.99738e+06	
      3697.659	     2.99766e+06	
      3697.819	     2.99822e+06	
      3698.109	     2.99923e+06	
      3698.429	     3.00034e+06	
      3698.688	     3.00125e+06	
      3698.886	     3.00193e+06	
      3698.947	     3.00215e+06	
      3699.008	     3.00236e+06	
      3699.130	     3.00278e+06	
      3699.374	     3.00363e+06	
      3699.533	     3.00419e+06	
      3699.862	     3.00533e+06	
      3699.879	     3.00539e+06	
      3700.191	     3.00648e+06	
      3700.198	     3.00650e+06	
      3700.503	     3.00756e+06	
      3700.808	     3.00862e+06	
      3700.842	     3.00874e+06	
      3701.092	     3.00961e+06	
      3701.418	     3.01074e+06	
      3701.994	     3.01274e+06	
      3702.444	     3.01431e+06	
      3702.895	     3.01588e+06	
      3703.121	     3.01666e+06	
      3703.346	     3.01744e+06	
      3703.458	     3.01783e+06	
      3703.571	     3.01823e+06	
      3703.628	     3.01842e+06	
      3703.684	     3.01862e+06	
      3703.740	     3.01881e+06	
      3703.797	     3.01900e+06	
      3703.853	     3.01920e+06	
      3703.909	     3.01939e+06	
      3703.966	     3.01960e+06	
      3704.022	     3.01979e+06	
      3704.085	     3.02001e+06	
      3704.134	     3.02018e+06	
      3704.185	     3.02036e+06	
      3704.210	     3.02045e+06	
      3704.222	     3.02049e+06	
      3704.285	     3.02071e+06	
      3704.314	     3.02081e+06	
      3704.360	     3.02097e+06	
      3704.406	     3.02113e+06	
      3704.491	     3.02142e+06	
      3704.567	     3.02168e+06	
      3704.590	     3.02177e+06	
      3704.689	     3.02211e+06	
      3704.811	     3.02253e+06	
      3705.055	     3.02338e+06	
      3705.373	     3.02448e+06	
      3705.543	     3.02507e+06	
      3705.713	     3.02566e+06	
      3706.052	     3.02684e+06	
      3706.073	     3.02692e+06	
      3706.732	     3.02920e+06	
      3707.267	     3.03106e+06	
      3707.391	     3.03149e+06	
      3707.515	     3.03192e+06	
      3707.614	     3.03226e+06	
      3707.763	     3.03278e+06	
      3707.912	     3.03330e+06	
      3708.118	     3.03401e+06	
      3708.210	     3.03433e+06	
      3708.302	     3.03465e+06	
      3708.486	     3.03529e+06	
      3708.763	     3.03625e+06	
      3708.854	     3.03656e+06	
      3708.873	     3.03663e+06	
      3708.945	     3.03688e+06	
      3709.127	     3.03751e+06	
      3709.206	     3.03778e+06	
      3709.491	     3.03877e+06	
      3710.108	     3.04091e+06	
      3710.902	     3.04366e+06	
      3711.011	     3.04404e+06	
      3711.120	     3.04442e+06	
      3711.213	     3.04474e+06	
      3711.323	     3.04512e+06	
      3711.338	     3.04517e+06	
      3711.463	     3.04560e+06	
      3711.517	     3.04579e+06	
      3711.576	     3.04599e+06	
      3711.603	     3.04609e+06	
      3711.689	     3.04639e+06	
      3711.746	     3.04658e+06	
      3711.802	     3.04677e+06	
      3711.858	     3.04696e+06	
      3711.915	     3.04716e+06	
      3711.971	     3.04735e+06	
      3712.027	     3.04755e+06	
      3712.084	     3.04775e+06	
      3712.140	     3.04794e+06	
      3712.203	     3.04816e+06	
      3712.252	     3.04833e+06	
      3712.303	     3.04851e+06	
      3712.327	     3.04860e+06	
      3712.331	     3.04861e+06	
      3712.403	     3.04886e+06	
      3712.479	     3.04912e+06	
      3712.631	     3.04965e+06	
      3712.931	     3.05069e+06	
      3713.228	     3.05171e+06	
      3713.531	     3.05276e+06	
      3713.833	     3.05381e+06	
      3714.242	     3.05523e+06	
      3714.420	     3.05584e+06	
      3714.439	     3.05591e+06	
      3714.636	     3.05659e+06	
      3715.030	     3.05795e+06	
      3715.640	     3.06006e+06	
      3716.765	     3.06395e+06	
      3716.790	     3.06404e+06	
      3716.860	     3.06428e+06	
      3716.955	     3.06460e+06	
      3717.145	     3.06526e+06	
      3717.524	     3.06657e+06	
      3718.189	     3.06887e+06	
      3718.259	     3.06911e+06	
      3718.329	     3.06935e+06	
      3718.469	     3.06984e+06	
      3718.556	     3.07014e+06	
      3718.631	     3.07040e+06	
      3718.734	     3.07075e+06	
      3718.749	     3.07080e+06	
      3718.942	     3.07147e+06	
      3719.253	     3.07254e+06	
      3719.474	     3.07331e+06	
      3719.772	     3.07433e+06	
      3720.070	     3.07536e+06	
      3720.356	     3.07625e+06	
      3720.523	     3.07677e+06	
      3720.666	     3.07722e+06	
      3720.976	     3.07818e+06	
      3721.202	     3.07884e+06	
      3721.428	     3.07951e+06	
      3721.542	     3.07984e+06	
      3721.655	     3.08017e+06	
      3721.711	     3.08033e+06	
      3721.768	     3.08050e+06	
      3721.825	     3.08066e+06	
      3721.881	     3.08082e+06	
      3721.938	     3.08098e+06	
      3721.995	     3.08115e+06	
      3722.051	     3.08132e+06	
      3722.108	     3.08150e+06	
      3722.221	     3.08184e+06	
      3722.398	     3.08236e+06	
      3722.447	     3.08250e+06	
      3722.498	     3.08265e+06	
      3722.598	     3.08295e+06	
      3722.695	     3.08323e+06	
      3722.798	     3.08354e+06	
      3722.901	     3.08384e+06	
      3723.107	     3.08444e+06	
      3723.231	     3.08481e+06	
      3723.519	     3.08565e+06	
      3723.807	     3.08650e+06	
      3724.383	     3.08819e+06	
      3725.451	     3.09133e+06	
      3725.534	     3.09157e+06	
      3725.617	     3.09181e+06	
      3725.751	     3.09221e+06	
      3725.783	     3.09230e+06	
      3725.916	     3.09269e+06	
      3725.931	     3.09273e+06	
      3726.115	     3.09327e+06	
      3726.479	     3.09434e+06	
      3727.042	     3.09599e+06	
      3727.366	     3.09694e+06	
      3728.153	     3.09925e+06	
      3728.639	     3.10067e+06	
      3728.940	     3.10156e+06	
      3729.009	     3.10176e+06	
      3729.240	     3.10244e+06	
      3729.842	     3.10420e+06	
      3730.676	     3.10665e+06	
      3732.194	     3.11109e+06	
      3732.344	     3.11153e+06	
      3732.494	     3.11196e+06	
      3732.794	     3.11284e+06	
      3733.352	     3.11448e+06	
      3733.384	     3.11457e+06	
      3733.393	     3.11460e+06	
      3733.402	     3.11462e+06	
      3733.452	     3.11477e+06	
      3733.552	     3.11506e+06	
      3733.648	     3.11534e+06	
      3733.752	     3.11565e+06	
      3733.856	     3.11595e+06	
      3734.004	     3.11638e+06	
      3734.044	     3.11649e+06	
      3734.064	     3.11655e+06	
      3734.084	     3.11661e+06	
      3734.131	     3.11674e+06	
      3734.140	     3.11677e+06	
      3734.164	     3.11684e+06	
      3734.197	     3.11693e+06	
      3734.254	     3.11708e+06	
      3734.311	     3.11724e+06	
      3734.368	     3.11740e+06	
      3734.425	     3.11757e+06	
      3734.482	     3.11775e+06	
      3734.539	     3.11793e+06	
      3734.652	     3.11827e+06	
      3734.829	     3.11879e+06	
      3734.878	     3.11894e+06	
      3734.929	     3.11909e+06	
      3735.029	     3.11938e+06	
      3735.124	     3.11966e+06	
      3735.173	     3.11980e+06	
      3735.229	     3.11997e+06	
      3735.334	     3.12027e+06	
      3735.391	     3.12044e+06	
      3735.495	     3.12075e+06	
      3735.817	     3.12168e+06	
      3736.000	     3.12222e+06	
      3736.243	     3.12293e+06	
      3736.486	     3.12364e+06	
      3736.971	     3.12506e+06	
      3737.826	     3.12756e+06	
      3737.943	     3.12790e+06	
      3738.060	     3.12824e+06	
      3738.294	     3.12892e+06	
      3738.587	     3.12978e+06	
      3738.762	     3.13029e+06	
      3738.937	     3.13080e+06	
      3739.287	     3.13182e+06	
      3739.498	     3.13244e+06	
      3739.987	     3.13386e+06	
      3740.476	     3.13529e+06	
      3741.212	     3.13744e+06	
      3741.453	     3.13814e+06	
      3741.694	     3.13885e+06	
      3742.092	     3.14001e+06	
      3742.176	     3.14025e+06	
      3742.260	     3.14050e+06	
      3742.428	     3.14099e+06	
      3742.671	     3.14169e+06	
      3742.733	     3.14188e+06	
      3742.764	     3.14197e+06	
      3742.795	     3.14206e+06	
      3742.864	     3.14225e+06	
      3742.919	     3.14241e+06	
      3743.167	     3.14313e+06	
      3743.663	     3.14458e+06	
      3744.620	     3.14737e+06	
      3744.654	     3.14747e+06	
      3746.445	     3.15268e+06	
      3747.605	     3.15608e+06	
      3748.269	     3.15799e+06	
      3748.844	     3.15966e+06	
      3748.904	     3.15985e+06	
      3748.934	     3.15994e+06	
      3748.964	     3.16000e+06	
      3748.986	     3.16007e+06	
      3749.084	     3.16035e+06	
      3749.118	     3.16047e+06	
      3749.182	     3.16063e+06	
      3749.378	     3.16123e+06	
      3749.409	     3.16129e+06	
      3749.638	     3.16195e+06	
      3749.753	     3.16230e+06	
      3749.867	     3.16261e+06	
      3749.924	     3.16277e+06	
      3749.981	     3.16292e+06	
      3750.038	     3.16308e+06	
      3750.095	     3.16321e+06	
      3750.152	     3.16336e+06	
      3750.209	     3.16355e+06	
      3750.266	     3.16374e+06	
      3750.323	     3.16393e+06	
      3750.437	     3.16427e+06	
      3750.616	     3.16481e+06	
      3750.665	     3.16493e+06	
      3750.716	     3.16509e+06	
      3750.816	     3.16537e+06	
      3750.910	     3.16566e+06	
      3751.016	     3.16597e+06	
      3751.122	     3.16629e+06	
      3751.334	     3.16691e+06	
      3751.481	     3.16732e+06	
      3751.758	     3.16814e+06	
      3752.035	     3.16892e+06	
      3752.588	     3.17056e+06	
      3753.533	     3.17329e+06	
      3753.696	     3.17376e+06	
      3753.782	     3.17401e+06	
      3753.859	     3.17423e+06	
      3754.185	     3.17518e+06	
      3754.274	     3.17543e+06	
      3754.837	     3.17706e+06	
      3755.892	     3.18014e+06	
      3756.086	     3.18071e+06	
      3757.473	     3.18473e+06	
      3757.509	     3.18482e+06	
      3757.548	     3.18492e+06	
      3758.932	     3.18894e+06	
      3760.390	     3.19315e+06	
      3761.656	     3.19682e+06	
      3762.717	     3.19990e+06	
      3763.233	     3.20138e+06	
      3764.809	     3.20593e+06	
      3765.066	     3.20669e+06	
      3766.902	     3.21196e+06	
      3768.545	     3.21671e+06	
      3768.737	     3.21727e+06	
      3768.929	     3.21781e+06	
      3768.971	     3.21793e+06	
      3769.196	     3.21859e+06	
      3769.313	     3.21891e+06	
      3769.655	     3.21988e+06	
      3769.885	     3.22054e+06	
      3770.114	     3.22120e+06	
      3770.228	     3.22151e+06	
      3770.343	     3.22183e+06	
      3770.401	     3.22199e+06	
      3770.458	     3.22211e+06	
      3770.515	     3.22227e+06	
      3770.573	     3.22239e+06	
      3770.630	     3.22252e+06	
      3770.687	     3.22271e+06	
      3770.745	     3.22293e+06	
      3770.802	     3.22312e+06	
      3770.867	     3.22334e+06	
      3770.916	     3.22349e+06	
      3770.967	     3.22365e+06	
      3770.988	     3.22371e+06	
      3771.003	     3.22375e+06	
      3771.067	     3.22393e+06	
      3771.146	     3.22419e+06	
      3771.304	     3.22462e+06	
      3771.604	     3.22550e+06	
      3771.890	     3.22635e+06	
      3771.951	     3.22651e+06	
      3772.206	     3.22726e+06	
      3772.522	     3.22817e+06	
      3773.154	     3.23000e+06	
      3774.357	     3.23345e+06	
      3775.497	     3.23672e+06	
      3776.762	     3.24036e+06	
      3777.127	     3.24140e+06	
      3778.027	     3.24398e+06	
      3778.399	     3.24505e+06	
      3778.927	     3.24658e+06	
      3780.726	     3.25174e+06	
      3781.844	     3.25497e+06	
      3783.053	     3.25843e+06	
      3783.159	     3.25874e+06	
      3784.263	     3.26192e+06	
      3785.367	     3.26509e+06	
      3786.225	     3.26754e+06	
      3787.401	     3.27090e+06	
      3787.574	     3.27140e+06	
      3788.924	     3.27527e+06	
      3790.447	     3.27963e+06	
      3792.841	     3.28648e+06	
      3793.492	     3.28834e+06	
      3794.143	     3.29019e+06	
      3794.897	     3.29233e+06	
      3795.066	     3.29283e+06	
      3795.444	     3.29390e+06	
      3795.991	     3.29544e+06	
      3796.454	     3.29676e+06	
      3796.916	     3.29804e+06	
      3797.147	     3.29870e+06	
      3797.378	     3.29933e+06	
      3797.494	     3.29961e+06	
      3797.609	     3.29993e+06	
      3797.666	     3.30005e+06	
      3797.724	     3.30018e+06	
      3797.782	     3.30027e+06	
      3797.840	     3.30037e+06	
      3797.898	     3.30049e+06	
      3797.956	     3.30068e+06	
      3798.014	     3.30093e+06	
      3798.072	     3.30115e+06	
      3798.187	     3.30156e+06	
      3798.367	     3.30213e+06	
      3798.416	     3.30229e+06	
      3798.467	     3.30244e+06	
      3798.567	     3.30272e+06	
      3798.655	     3.30298e+06	
      3798.753	     3.30329e+06	
      3798.767	     3.30332e+06	
      3798.837	     3.30351e+06	
      3798.879	     3.30364e+06	
      3798.921	     3.30376e+06	
      3799.046	     3.30414e+06	
      3799.089	     3.30426e+06	
      3799.425	     3.30521e+06	
      3799.471	     3.30536e+06	
      3799.804	     3.30631e+06	
      3800.562	     3.30847e+06	
      3801.653	     3.31158e+06	
      3802.319	     3.31350e+06	
      3803.834	     3.31780e+06	
      3805.349	     3.32211e+06	
      3807.837	     3.32915e+06	
      3808.378	     3.33069e+06	
      3808.919	     3.33222e+06	
      3810.000	     3.33527e+06	
      3811.586	     3.33976e+06	
      3812.164	     3.34140e+06	
      3812.742	     3.34303e+06	
      3813.897	     3.34630e+06	
      3815.777	     3.35161e+06	
      3816.093	     3.35252e+06	
      3816.209	     3.35283e+06	
      3816.641	     3.35406e+06	
      3817.439	     3.35635e+06	
      3817.504	     3.35654e+06	
      3818.916	     3.36062e+06	
      3820.393	     3.36496e+06	
      3822.566	     3.37134e+06	
      3823.346	     3.37360e+06	
      3823.512	     3.37410e+06	
      3824.126	     3.37589e+06	
      3825.685	     3.38045e+06	
      3826.804	     3.38372e+06	
      3827.859	     3.38679e+06	
      3828.914	     3.38984e+06	
      3830.454	     3.39433e+06	
      3831.023	     3.39597e+06	
      3831.592	     3.39763e+06	
      3832.001	     3.39879e+06	
      3832.525	     3.40030e+06	
      3832.730	     3.40090e+06	
      3833.458	     3.40297e+06	
      3833.925	     3.40432e+06	
      3834.392	     3.40561e+06	
      3834.626	     3.40627e+06	
      3834.859	     3.40687e+06	
      3834.975	     3.40715e+06	
      3835.092	     3.40743e+06	
      3835.151	     3.40756e+06	
      3835.209	     3.40762e+06	
      3835.267	     3.40769e+06	
      3835.326	     3.40772e+06	
      3835.384	     3.40784e+06	
      3835.442	     3.40806e+06	
      3835.501	     3.40838e+06	
      3835.559	     3.40866e+06	
      3835.626	     3.40894e+06	
      3835.675	     3.40913e+06	
      3835.726	     3.40932e+06	
      3835.743	     3.40935e+06	
      3835.774	     3.40948e+06	
      3835.826	     3.40963e+06	
      3835.909	     3.40992e+06	
      3836.075	     3.41045e+06	
      3836.376	     3.41139e+06	
      3836.646	     3.41221e+06	
      3836.977	     3.41318e+06	
      3837.029	     3.41334e+06	
      3837.308	     3.41419e+06	
      3837.970	     3.41614e+06	
      3838.647	     3.41812e+06	
      3838.911	     3.41890e+06	
      3839.175	     3.41966e+06	
      3839.703	     3.42119e+06	
      3840.758	     3.42427e+06	
      3842.753	     3.43005e+06	
      3842.831	     3.43027e+06	
      3842.870	     3.43040e+06	
      3842.909	     3.43049e+06	
      3843.065	     3.43096e+06	
      3843.377	     3.43188e+06	
      3844.001	     3.43367e+06	
      3844.588	     3.43536e+06	
      3845.248	     3.43728e+06	
      3845.547	     3.43813e+06	
      3845.908	     3.43920e+06	
      3847.228	     3.44300e+06	
      3847.442	     3.44363e+06	
      3848.908	     3.44784e+06	
      3850.375	     3.45208e+06	
      3851.976	     3.45666e+06	
      3853.308	     3.46050e+06	
      3854.640	     3.46433e+06	
      3855.701	     3.46738e+06	
      3857.303	     3.47196e+06	
      3858.906	     3.47655e+06	
      3862.006	     3.48541e+06	
      3862.111	     3.48572e+06	
      3862.216	     3.48601e+06	
      3862.426	     3.48660e+06	
      3862.846	     3.48780e+06	
      3863.685	     3.49018e+06	
      3865.170	     3.49442e+06	
      3865.365	     3.49499e+06	
      3865.560	     3.49552e+06	
      3865.950	     3.49666e+06	
      3866.730	     3.49885e+06	
      3867.675	     3.50156e+06	
      3868.289	     3.50328e+06	
      3868.903	     3.50504e+06	
      3870.131	     3.50850e+06	
      3871.324	     3.51189e+06	
      3872.586	     3.51544e+06	
      3873.848	     3.51902e+06	
      3876.324	     3.52600e+06	
      3876.368	     3.52609e+06	
      3876.371	     3.52612e+06	
      3876.374	     3.52612e+06	
      3876.424	     3.52625e+06	
      3876.524	     3.52653e+06	
      3876.724	     3.52710e+06	
      3876.947	     3.52773e+06	
      3877.124	     3.52823e+06	
      3877.924	     3.53046e+06	
      3878.900	     3.53319e+06	
      3880.290	     3.53706e+06	
      3880.854	     3.53863e+06	
      3881.418	     3.54020e+06	
      3882.546	     3.54331e+06	
      3884.398	     3.54837e+06	
      3884.801	     3.54947e+06	
      3884.923	     3.54978e+06	
      3885.204	     3.55053e+06	
      3886.010	     3.55270e+06	
      3886.151	     3.55308e+06	
      3887.096	     3.55559e+06	
      3887.568	     3.55679e+06	
      3888.042	     3.55798e+06	
      3888.280	     3.55854e+06	
      3888.516	     3.55908e+06	
      3888.633	     3.55930e+06	
      3888.752	     3.55949e+06	
      3888.844	     3.55955e+06	
      3888.866	     3.55955e+06	
      3888.871	     3.55955e+06	
      3888.898	     3.55955e+06	
      3888.930	     3.55949e+06	
      3888.989	     3.55942e+06	
      3889.048	     3.55949e+06	
      3889.107	     3.55977e+06	
      3889.166	     3.56015e+06	
      3889.225	     3.56056e+06	
      3889.294	     3.56093e+06	
      3889.343	     3.56115e+06	
      3889.394	     3.56134e+06	
      3889.408	     3.56140e+06	
      3889.450	     3.56156e+06	
      3889.494	     3.56175e+06	
      3889.580	     3.56206e+06	
      3889.752	     3.56263e+06	
      3890.054	     3.56360e+06	
      3890.315	     3.56445e+06	
      3890.474	     3.56492e+06	
      3890.657	     3.56549e+06	
      3890.999	     3.56652e+06	
      3891.683	     3.56857e+06	
      3892.892	     3.57209e+06	
      3893.942	     3.57513e+06	
      3894.458	     3.57661e+06	
      3895.309	     3.57906e+06	
      3896.219	     3.58167e+06	
      3896.677	     3.58296e+06	
      3898.895	     3.58924e+06	
      3899.603	     3.59122e+06	
      3901.572	     3.59675e+06	
      3903.894	     3.60325e+06	
      3904.248	     3.60422e+06	
      3908.893	     3.61714e+06	
      3913.891	     3.63093e+06	
      3918.890	     3.64566e+06	
      3923.889	     3.66049e+06	
      3928.216	     3.67324e+06	
      3928.353	     3.67365e+06	
      3928.887	     3.67522e+06	
      3929.559	     3.67720e+06	
      3930.903	     3.68116e+06	
      3933.453	     3.68864e+06	
      3935.810	     3.69552e+06	
      3937.347	     3.69998e+06	
      3938.885	     3.70447e+06	
      3940.036	     3.70780e+06	
      3941.960	     3.71336e+06	
      3943.883	     3.71892e+06	
      3946.579	     3.72668e+06	
      3947.730	     3.72998e+06	
      3948.882	     3.73325e+06	
      3950.653	     3.73831e+06	
      3951.015	     3.73931e+06	
      3951.186	     3.73981e+06	
      3951.718	     3.74132e+06	
      3952.784	     3.74431e+06	
      3954.554	     3.74927e+06	
      3957.306	     3.75687e+06	
      3958.093	     3.75901e+06	
      3958.624	     3.76045e+06	
      3958.880	     3.76115e+06	
      3960.453	     3.76532e+06	
      3962.283	     3.77010e+06	
      3965.737	     3.77855e+06	
      3965.942	     3.77902e+06	
      3966.147	     3.77949e+06	
      3966.557	     3.78044e+06	
      3966.675	     3.78069e+06	
      3967.279	     3.78204e+06	
      3967.376	     3.78223e+06	
      3968.078	     3.78373e+06	
      3968.709	     3.78502e+06	
      3968.877	     3.78537e+06	
      3969.045	     3.78568e+06	
      3969.234	     3.78600e+06	
      3969.287	     3.78609e+06	
      3969.381	     3.78625e+06	
      3969.528	     3.78644e+06	
      3969.648	     3.78656e+06	
      3969.769	     3.78659e+06	
      3969.830	     3.78653e+06	
      3969.890	     3.78640e+06	
      3969.950	     3.78612e+06	
      3970.011	     3.78581e+06	
      3970.071	     3.78574e+06	
      3970.131	     3.78615e+06	
      3970.192	     3.78678e+06	
      3970.252	     3.78741e+06	
      3970.323	     3.78798e+06	
      3970.372	     3.78829e+06	
      3970.423	     3.78857e+06	
      3970.432	     3.78864e+06	
      3970.495	     3.78895e+06	
      3970.523	     3.78907e+06	
      3970.613	     3.78951e+06	
      3970.795	     3.79027e+06	
      3971.096	     3.79146e+06	
      3971.333	     3.79237e+06	
      3971.591	     3.79332e+06	
      3971.698	     3.79369e+06	
      3972.063	     3.79501e+06	
      3972.793	     3.79759e+06	
      3973.995	     3.80170e+06	
      3974.936	     3.80485e+06	
      3976.398	     3.80959e+06	
      3976.845	     3.81100e+06	
      3977.860	     3.81418e+06	
      3978.874	     3.81732e+06	
      3979.577	     3.81945e+06	
      3980.904	     3.82344e+06	
      3982.230	     3.82740e+06	
      3984.180	     3.83309e+06	
      3984.884	     3.83513e+06	
      3985.119	     3.83582e+06	
      3985.588	     3.83717e+06	
      3986.995	     3.84119e+06	
      3988.872	     3.84653e+06	
      3991.379	     3.85363e+06	
      3992.625	     3.85712e+06	
      3993.854	     3.86058e+06	
      3993.870	     3.86064e+06	
      3996.362	     3.86758e+06	
      3998.869	     3.87456e+06	
      4003.868	     3.88835e+06	
      4008.866	     3.90202e+06	
      4013.865	     3.91581e+06	
      4018.864	     3.92979e+06	
      4023.863	     3.94367e+06	
      4025.341	     3.94776e+06	
      4028.861	     3.95746e+06	
      4032.381	     3.96711e+06	
      4032.946	     3.96865e+06	
      4033.860	     3.97116e+06	
      4035.902	     3.97672e+06	
      4038.859	     3.98476e+06	
      4043.857	     3.99827e+06	
      4048.856	     4.01169e+06	
      4053.855	     4.02498e+06	
      4058.853	     4.03817e+06	
      4063.852	     4.05124e+06	
      4068.851	     4.06412e+06	
      4073.849	     4.07678e+06	
      4075.421	     4.08071e+06	
      4078.848	     4.08913e+06	
      4082.275	     4.09730e+06	
      4082.559	     4.09796e+06	
      4084.004	     4.10129e+06	
      4085.702	     4.10509e+06	
      4088.845	     4.11165e+06	
      4089.695	     4.11329e+06	
      4093.687	     4.11973e+06	
      4096.515	     4.12243e+06	
      4097.679	     4.12293e+06	
      4098.010	     4.12299e+06	
      4098.678	     4.12306e+06	
      4098.843	     4.12306e+06	
      4099.676	     4.12299e+06	
      4100.174	     4.12290e+06	
      4100.673	     4.12271e+06	
      4100.922	     4.12255e+06	
      4101.172	     4.12227e+06	
      4101.297	     4.12202e+06	
      4101.422	     4.12158e+06	
      4101.485	     4.12124e+06	
      4101.547	     4.12070e+06	
      4101.609	     4.11982e+06	
      4101.672	     4.11891e+06	
      4101.734	     4.11850e+06	
      4101.797	     4.11922e+06	
      4101.859	     4.12045e+06	
      4101.922	     4.12164e+06	
      4102.047	     4.12315e+06	
      4102.296	     4.12507e+06	
      4102.745	     4.12774e+06	
      4102.794	     4.12799e+06	
      4102.845	     4.12827e+06	
      4102.945	     4.12881e+06	
      4103.145	     4.12987e+06	
      4103.296	     4.13066e+06	
      4103.545	     4.13198e+06	
      4103.794	     4.13324e+06	
      4104.291	     4.13581e+06	
      4104.785	     4.13829e+06	
      4105.287	     4.14074e+06	
      4105.789	     4.14316e+06	
      4106.793	     4.14778e+06	
      4108.680	     4.15576e+06	
      4108.760	     4.15608e+06	
      4108.800	     4.15623e+06	
      4108.840	     4.15639e+06	
      4108.859	     4.15648e+06	
      4109.000	     4.15705e+06	
      4109.320	     4.15834e+06	
      4109.781	     4.16016e+06	
      4110.703	     4.16365e+06	
      4111.319	     4.16591e+06	
      4112.546	     4.17024e+06	
      4113.774	     4.17436e+06	
      4114.693	     4.17734e+06	
      4116.229	     4.18218e+06	
      4116.694	     4.18363e+06	
      4117.766	     4.18686e+06	
      4118.126	     4.18793e+06	
      4118.838	     4.19004e+06	
      4120.981	     4.19623e+06	
      4123.836	     4.20424e+06	
      4126.144	     4.21055e+06	
      4128.835	     4.21781e+06	
      4129.605	     4.21985e+06	
      4131.526	     4.22494e+06	
      4133.834	     4.23100e+06	
      4134.219	     4.23201e+06	
      4138.832	     4.24398e+06	
      4143.831	     4.25673e+06	
      4148.830	     4.26936e+06	
      4153.828	     4.28183e+06	
      4158.827	     4.29421e+06	
      4163.826	     4.30643e+06	
      4168.824	     4.31859e+06	
      4173.823	     4.33059e+06	
      4178.822	     4.34253e+06	
      4183.820	     4.35434e+06	
      4188.819	     4.36606e+06	
      4193.818	     4.37768e+06	
      4198.817	     4.38918e+06	
      4203.815	     4.40062e+06	
      4208.814	     4.41208e+06	
      4213.813	     4.42355e+06	
      4216.525	     4.42974e+06	
      4217.242	     4.43134e+06	
      4218.811	     4.43492e+06	
      4221.098	     4.44008e+06	
      4223.810	     4.44617e+06	
      4224.954	     4.44875e+06	
      4228.809	     4.45735e+06	
      4233.807	     4.46841e+06	
      4238.806	     4.47935e+06	
      4243.805	     4.49018e+06	
      4248.803	     4.50093e+06	
      4253.802	     4.51158e+06	
      4258.801	     4.52207e+06	
      4263.799	     4.53250e+06	
      4268.798	     4.54277e+06	
      4273.797	     4.55295e+06	
      4278.795	     4.56297e+06	
      4283.794	     4.57287e+06	
      4288.793	     4.58258e+06	
      4293.791	     4.59210e+06	
      4298.790	     4.60140e+06	
      4303.789	     4.61032e+06	
      4308.788	     4.61855e+06	
      4313.786	     4.62612e+06	
      4314.073	     4.62650e+06	
      4318.785	     4.63247e+06	
      4320.854	     4.63454e+06	
      4323.497	     4.63649e+06	
      4326.139	     4.63718e+06	
      4326.475	     4.63715e+06	
      4328.782	     4.63599e+06	
      4330.233	     4.63419e+06	
      4331.090	     4.63259e+06	
      4331.149	     4.63247e+06	
      4331.946	     4.63058e+06	
      4333.660	     4.62493e+06	
      4334.060	     4.62323e+06	
      4336.171	     4.61189e+06	
      4337.786	     4.60052e+06	
      4338.220	     4.59722e+06	
      4338.283	     4.59672e+06	
      4338.780	     4.59291e+06	
      4338.812	     4.59269e+06	
      4339.339	     4.58864e+06	
      4339.602	     4.58654e+06	
      4339.867	     4.58418e+06	
      4340.001	     4.58274e+06	
      4340.132	     4.58091e+06	
      4340.197	     4.57966e+06	
      4340.263	     4.57787e+06	
      4340.329	     4.57516e+06	
      4340.395	     4.57237e+06	
      4340.461	     4.57095e+06	
      4340.527	     4.57262e+06	
      4340.593	     4.57564e+06	
      4340.659	     4.57853e+06	
      4340.791	     4.58204e+06	
      4341.005	     4.58553e+06	
      4341.055	     4.58622e+06	
      4341.105	     4.58688e+06	
      4341.205	     4.58811e+06	
      4341.227	     4.58839e+06	
      4341.238	     4.58852e+06	
      4341.405	     4.59046e+06	
      4341.583	     4.59247e+06	
      4341.939	     4.59643e+06	
      4342.640	     4.60422e+06	
      4343.330	     4.61186e+06	
      4343.570	     4.61447e+06	
      4344.041	     4.61949e+06	
      4344.752	     4.62672e+06	
      4346.174	     4.63982e+06	
      4348.578	     4.65769e+06	
      4348.777	     4.65895e+06	
      4348.976	     4.66021e+06	
      4349.374	     4.66259e+06	
      4350.170	     4.66709e+06	
      4350.322	     4.66790e+06	
      4351.761	     4.67500e+06	
      4353.201	     4.68122e+06	
      4354.734	     4.68704e+06	
      4356.077	     4.69159e+06	
      4356.080	     4.69159e+06	
      4357.426	     4.69580e+06	
      4358.774	     4.69970e+06	
      4359.170	     4.70080e+06	
      4361.472	     4.70667e+06	
      4363.773	     4.71214e+06	
      4367.980	     4.72128e+06	
      4368.376	     4.72210e+06	
      4368.524	     4.72238e+06	
      4368.772	     4.72288e+06	
      4369.563	     4.72448e+06	
      4371.147	     4.72763e+06	
      4373.770	     4.73265e+06	
      4378.769	     4.74186e+06	
      4383.768	     4.75065e+06	
      4388.766	     4.75920e+06	
      4393.765	     4.76752e+06	
      4398.764	     4.77569e+06	
      4403.762	     4.78260e+06	
      4408.761	     4.78892e+06	
      4413.760	     4.79520e+06	
      4418.758	     4.80139e+06	
      4423.757	     4.80752e+06	
      4428.756	     4.81358e+06	
      4433.754	     4.81961e+06	
      4438.753	     4.82555e+06	
      4443.752	     4.83146e+06	
      4448.751	     4.83733e+06	
      4453.749	     4.84314e+06	
      4458.748	     4.84889e+06	
      4463.747	     4.85461e+06	
      4468.745	     4.86026e+06	
      4473.744	     4.86589e+06	
      4478.743	     4.87148e+06	
      4483.741	     4.87701e+06	
      4488.740	     4.88247e+06	
      4493.739	     4.88794e+06	
      4498.737	     4.89416e+06	
      4503.736	     4.90198e+06	
      4508.735	     4.90968e+06	
      4513.733	     4.91728e+06	
      4514.118	     4.91788e+06	
      4518.732	     4.92479e+06	
      4523.346	     4.93164e+06	
      4527.190	     4.93726e+06	
      4527.960	     4.93836e+06	
      4528.729	     4.93949e+06	
      4530.269	     4.94169e+06	
      4532.968	     4.94559e+06	
      4533.288	     4.94606e+06	
      4533.348	     4.94612e+06	
      4533.728	     4.94669e+06	
      4534.488	     4.94776e+06	
      4536.007	     4.94992e+06	
      4538.727	     4.95376e+06	
      4543.725	     4.96076e+06	
      4548.724	     4.96764e+06	
      4553.723	     4.97443e+06	
      4558.721	     4.98112e+06	
      4563.720	     4.98775e+06	
      4568.719	     4.99425e+06	
      4573.717	     5.00066e+06	
      4578.716	     5.00698e+06	
      4583.715	     5.01320e+06	
      4588.713	     5.01935e+06	
      4593.712	     5.02539e+06	
      4596.529	     5.02840e+06	
      4596.984	     5.02887e+06	
      4598.711	     5.03073e+06	
      4600.892	     5.03299e+06	
      4603.709	     5.03591e+06	
      4604.800	     5.03701e+06	
      4608.708	     5.04100e+06	
      4613.707	     5.04606e+06	
      4618.705	     5.05105e+06	
      4623.704	     5.05595e+06	
      4628.703	     5.06082e+06	
      4633.701	     5.06563e+06	
      4638.700	     5.07040e+06	
      4643.699	     5.07509e+06	
      4648.697	     5.07974e+06	
      4653.696	     5.08429e+06	
      4658.695	     5.08881e+06	
      4663.694	     5.09328e+06	
      4668.692	     5.09767e+06	
      4673.691	     5.10204e+06	
      4678.690	     5.10631e+06	
      4683.688	     5.11055e+06	
      4688.687	     5.11473e+06	
      4693.686	     5.11875e+06	
      4698.684	     5.12262e+06	
      4703.683	     5.12642e+06	
      4708.682	     5.13016e+06	
      4713.680	     5.13383e+06	
      4715.603	     5.13525e+06	
      4718.679	     5.13748e+06	
      4720.984	     5.13914e+06	
      4721.755	     5.13971e+06	
      4723.678	     5.14106e+06	
      4724.830	     5.14188e+06	
      4728.676	     5.14461e+06	
      4733.675	     5.14810e+06	
      4738.674	     5.15152e+06	
      4743.672	     5.15488e+06	
      4748.671	     5.15818e+06	
      4753.670	     5.16142e+06	
      4758.668	     5.16462e+06	
      4763.667	     5.16773e+06	
      4768.666	     5.17075e+06	
      4773.664	     5.17370e+06	
      4778.663	     5.17656e+06	
      4783.662	     5.17932e+06	
      4788.660	     5.18193e+06	
      4793.659	     5.18435e+06	
      4798.658	     5.18661e+06	
      4803.656	     5.18862e+06	
      4808.655	     5.19035e+06	
      4813.654	     5.19167e+06	
      4818.652	     5.19239e+06	
      4823.651	     5.19233e+06	
      4828.650	     5.19095e+06	
      4833.648	     5.18749e+06	
      4834.972	     5.18605e+06	
      4838.647	     5.18036e+06	
      4839.161	     5.17929e+06	
      4842.322	     5.17106e+06	
      4845.483	     5.15834e+06	
      4845.503	     5.15821e+06	
      4848.644	     5.13848e+06	
      4851.785	     5.10732e+06	
      4853.336	     5.08570e+06	
      4854.393	     5.06789e+06	
      4854.927	     5.05784e+06	
      4856.517	     5.02338e+06	
      4858.401	     4.97433e+06	
      4858.642	     4.96758e+06	
      4858.664	     4.96698e+06	
      4858.883	     4.96083e+06	
      4859.364	     4.94722e+06	
      4859.473	     4.94411e+06	
      4860.065	     4.92734e+06	
      4860.361	     4.91870e+06	
      4860.657	     4.90915e+06	
      4860.805	     4.90349e+06	
      4860.953	     4.89633e+06	
      4861.027	     4.89143e+06	
      4861.101	     4.88442e+06	
      4861.175	     4.87402e+06	
      4861.248	     4.86262e+06	
      4861.322	     4.85709e+06	
      4861.396	     4.86268e+06	
      4861.470	     4.87434e+06	
      4861.543	     4.88464e+06	
      4861.641	     4.89350e+06	
      4861.687	     4.89649e+06	
      4861.689	     4.89661e+06	
      4861.691	     4.89674e+06	
      4861.695	     4.89696e+06	
      4861.741	     4.89947e+06	
      4861.841	     4.90415e+06	
      4861.979	     4.90959e+06	
      4861.987	     4.90987e+06	
      4862.279	     4.91961e+06	
      4862.579	     4.92872e+06	
      4862.596	     4.92922e+06	
      4863.178	     4.94637e+06	
      4863.727	     4.96249e+06	
      4863.761	     4.96347e+06	
      4864.927	     4.99686e+06	
      4866.127	     5.02853e+06	
      4868.413	     5.07829e+06	
      4868.526	     5.08040e+06	
      4868.639	     5.08247e+06	
      4868.865	     5.08652e+06	
      4869.317	     5.09425e+06	
      4869.583	     5.09858e+06	
      4870.221	     5.10832e+06	
      4870.858	     5.11728e+06	
      4872.134	     5.13295e+06	
      4874.623	     5.15680e+06	
      4874.685	     5.15730e+06	
      4874.747	     5.15780e+06	
      4874.871	     5.15878e+06	
      4875.119	     5.16073e+06	
      4875.615	     5.16437e+06	
      4876.607	     5.17106e+06	
      4878.452	     5.18162e+06	
      4878.544	     5.18209e+06	
      4878.590	     5.18231e+06	
      4878.636	     5.18256e+06	
      4878.820	     5.18347e+06	
      4879.188	     5.18523e+06	
      4879.526	     5.18680e+06	
      4879.924	     5.18859e+06	
      4880.322	     5.19029e+06	
      4880.941	     5.19280e+06	
      4881.118	     5.19349e+06	
      4882.709	     5.19918e+06	
      4884.478	     5.20458e+06	
      4887.396	     5.21190e+06	
      4888.015	     5.21322e+06	
      4888.634	     5.21451e+06	
      4889.871	     5.21690e+06	
      4891.061	     5.21900e+06	
      4892.347	     5.22111e+06	
      4893.632	     5.22305e+06	
      4893.777	     5.22327e+06	
      4896.204	     5.22657e+06	
      4898.631	     5.22946e+06	
      4903.340	     5.23427e+06	
      4903.485	     5.23440e+06	
      4903.630	     5.23452e+06	
      4903.920	     5.23477e+06	
      4904.499	     5.23531e+06	
      4905.659	     5.23631e+06	
      4907.328	     5.23769e+06	
      4907.977	     5.23823e+06	
      4908.628	     5.23873e+06	
      4909.929	     5.23974e+06	
      4911.434	     5.24084e+06	
      4912.530	     5.24162e+06	
      4913.014	     5.24197e+06	
      4913.627	     5.24238e+06	
      4915.550	     5.24366e+06	
      4915.820	     5.24385e+06	
      4918.240	     5.24539e+06	
      4918.626	     5.24561e+06	
      4921.701	     5.24747e+06	
      4923.624	     5.24856e+06	
      4925.162	     5.24941e+06	
      4928.623	     5.25127e+06	
      4933.622	     5.25381e+06	
      4938.620	     5.25623e+06	
      4943.619	     5.25849e+06	
      4948.618	     5.26069e+06	
      4953.616	     5.26280e+06	
      4958.615	     5.26484e+06	
      4963.614	     5.26679e+06	
      4968.612	     5.26870e+06	
      4973.611	     5.27052e+06	
      4978.610	     5.27235e+06	
      4983.608	     5.27407e+06	
      4988.607	     5.27571e+06	
      4993.606	     5.27731e+06	
      4998.604	     5.27888e+06	
      5003.603	     5.28039e+06	
      5008.602	     5.28187e+06	
      5013.600	     5.28331e+06	
      5018.599	     5.28472e+06	
      5023.598	     5.28608e+06	
      5028.596	     5.28743e+06	
      5033.595	     5.28875e+06	
      5038.594	     5.29000e+06	
      5043.592	     5.29126e+06	
      5048.591	     5.29245e+06	
      5053.590	     5.29365e+06	
      5058.588	     5.29478e+06	
      5063.587	     5.29591e+06	
      5068.586	     5.29698e+06	
      5073.584	     5.29804e+06	
      5078.583	     5.29908e+06	
      5083.582	     5.29996e+06	
      5088.580	     5.30081e+06	
      5093.579	     5.30163e+06	
      5098.578	     5.30241e+06	
      5103.576	     5.30317e+06	
      5108.575	     5.30392e+06	
      5113.574	     5.30461e+06	
      5118.572	     5.30530e+06	
      5123.571	     5.30596e+06	
      5128.570	     5.30659e+06	
      5133.568	     5.30719e+06	
      5138.567	     5.30778e+06	
      5143.566	     5.30832e+06	
      5148.564	     5.30885e+06	
      5153.563	     5.30939e+06	
      5158.562	     5.30986e+06	
      5163.560	     5.31033e+06	
      5168.559	     5.31074e+06	
      5173.558	     5.31115e+06	
      5178.556	     5.31152e+06	
      5183.555	     5.31177e+06	
      5188.554	     5.31199e+06	
      5193.552	     5.31221e+06	
      5198.551	     5.31240e+06	
      5203.550	     5.31256e+06	
      5208.548	     5.31272e+06	
      5213.547	     5.31284e+06	
      5218.546	     5.31294e+06	
      5223.544	     5.31300e+06	
      5228.543	     5.31306e+06	
      5233.542	     5.31309e+06	
      5238.540	     5.31309e+06	
      5243.539	     5.31309e+06	
      5248.537	     5.31306e+06	
      5253.536	     5.31300e+06	
      5258.535	     5.31294e+06	
      5263.533	     5.31284e+06	
      5268.532	     5.31272e+06	
      5273.531	     5.31259e+06	
      5278.529	     5.31281e+06	
      5283.528	     5.31306e+06	
      5288.527	     5.31328e+06	
      5293.525	     5.31347e+06	
      5298.524	     5.31363e+06	
      5303.523	     5.31375e+06	
      5308.521	     5.31388e+06	
      5313.520	     5.31394e+06	
      5318.519	     5.31397e+06	
      5323.517	     5.31400e+06	
      5328.516	     5.31397e+06	
      5333.515	     5.31394e+06	
      5338.513	     5.31388e+06	
      5343.512	     5.31378e+06	
      5348.511	     5.31366e+06	
      5353.509	     5.31350e+06	
      5358.508	     5.31331e+06	
      5363.507	     5.31319e+06	
      5368.505	     5.31294e+06	
      5373.504	     5.31250e+06	
      5378.503	     5.31180e+06	
      5383.501	     5.31111e+06	
      5388.500	     5.31039e+06	
      5393.499	     5.30964e+06	
      5398.497	     5.30888e+06	
      5403.496	     5.30810e+06	
      5408.495	     5.30728e+06	
      5413.493	     5.30646e+06	
      5418.492	     5.30562e+06	
      5423.491	     5.30477e+06	
      5428.489	     5.30389e+06	
      5433.488	     5.30301e+06	
      5438.487	     5.30210e+06	
      5443.485	     5.30119e+06	
      5448.484	     5.30021e+06	
      5453.483	     5.29927e+06	
      5458.481	     5.29830e+06	
      5463.480	     5.29729e+06	
      5468.479	     5.29625e+06	
      5473.477	     5.29550e+06	
      5478.476	     5.29471e+06	
      5483.475	     5.29390e+06	
      5488.473	     5.29308e+06	
      5493.472	     5.29223e+06	
      5498.471	     5.29135e+06	
      5503.469	     5.29047e+06	
      5508.468	     5.28959e+06	
      5513.466	     5.28865e+06	
      5518.465	     5.28771e+06	
      5523.464	     5.28673e+06	
      5528.462	     5.28576e+06	
      5533.461	     5.28476e+06	
      5538.460	     5.28375e+06	
      5543.458	     5.28271e+06	
      5548.457	     5.28165e+06	
      5553.456	     5.28058e+06	
      5558.454	     5.27948e+06	
      5563.453	     5.27838e+06	
      5568.452	     5.27725e+06	
      5573.450	     5.27608e+06	
      5578.449	     5.27492e+06	
      5583.448	     5.27373e+06	
      5588.446	     5.27253e+06	
      5593.445	     5.27128e+06	
      5598.444	     5.27005e+06	
      5603.442	     5.26880e+06	
      5608.441	     5.26751e+06	
      5613.440	     5.26622e+06	
      5618.438	     5.26490e+06	
      5623.437	     5.26358e+06	
      5628.436	     5.26223e+06	
      5633.434	     5.26088e+06	
      5638.433	     5.25950e+06	
      5643.432	     5.25808e+06	
      5648.430	     5.25670e+06	
      5653.429	     5.25526e+06	
      5658.428	     5.25381e+06	
      5663.426	     5.25237e+06	
      5668.425	     5.25095e+06	
      5673.424	     5.24944e+06	
      5673.979	     5.24929e+06	
      5678.422	     5.24794e+06	
      5682.865	     5.24659e+06	
      5686.198	     5.24555e+06	
      5687.309	     5.24520e+06	
      5687.864	     5.24505e+06	
      5688.420	     5.24486e+06	
      5690.641	     5.24417e+06	
      5693.418	     5.24332e+06	
      5698.417	     5.24172e+06	
      5703.415	     5.24015e+06	
      5704.770	     5.23971e+06	
      5708.414	     5.23854e+06	
      5708.882	     5.23839e+06	
      5712.058	     5.23735e+06	
      5713.413	     5.23691e+06	
      5715.234	     5.23631e+06	
      5718.411	     5.23528e+06	
      5723.410	     5.23361e+06	
      5728.409	     5.23195e+06	
      5733.407	     5.23025e+06	
      5738.406	     5.22855e+06	
      5743.405	     5.22686e+06	
      5748.403	     5.22513e+06	
      5753.402	     5.22340e+06	
      5758.401	     5.22164e+06	
      5763.399	     5.21950e+06	
      5768.398	     5.21771e+06	
      5773.397	     5.21592e+06	
      5778.395	     5.21410e+06	
      5783.394	     5.21225e+06	
      5788.393	     5.21043e+06	
      5793.391	     5.20854e+06	
      5798.390	     5.20669e+06	
      5803.389	     5.20480e+06	
      5808.387	     5.20289e+06	
      5813.386	     5.20097e+06	
      5818.385	     5.19905e+06	
      5823.383	     5.19711e+06	
      5828.382	     5.19516e+06	
      5833.381	     5.19318e+06	
      5838.379	     5.19120e+06	
      5843.378	     5.18922e+06	
      5848.377	     5.18721e+06	
      5853.375	     5.18517e+06	
      5858.374	     5.18316e+06	
      5863.372	     5.18111e+06	
      5868.371	     5.17904e+06	
      5873.370	     5.17697e+06	
      5878.368	     5.17489e+06	
      5883.367	     5.17279e+06	
      5888.366	     5.17068e+06	
      5893.364	     5.16858e+06	
      5898.363	     5.16644e+06	
      5903.362	     5.16431e+06	
      5908.360	     5.16214e+06	
      5913.359	     5.15997e+06	
      5918.358	     5.15780e+06	
      5923.356	     5.15560e+06	
      5928.355	     5.15341e+06	
      5933.354	     5.15118e+06	
      5938.352	     5.14894e+06	
      5943.351	     5.14671e+06	
      5948.350	     5.14445e+06	
      5953.348	     5.14219e+06	
      5958.347	     5.13990e+06	
      5963.346	     5.13760e+06	
      5968.344	     5.13528e+06	
      5973.343	     5.13295e+06	
      5978.342	     5.13063e+06	
      5983.340	     5.12827e+06	
      5988.339	     5.12592e+06	
      5993.338	     5.12356e+06	
      5998.336	     5.12117e+06	
      6003.335	     5.11879e+06	
      6008.333	     5.11640e+06	
      6013.332	     5.11398e+06	
      6018.331	     5.11156e+06	
      6023.329	     5.10911e+06	
      6028.328	     5.10666e+06	
      6033.327	     5.10421e+06	
      6038.325	     5.10176e+06	
      6043.324	     5.09928e+06	
      6048.323	     5.09676e+06	
      6053.321	     5.09428e+06	
      6058.320	     5.09177e+06	
      6063.319	     5.08925e+06	
      6068.317	     5.08671e+06	
      6073.316	     5.08417e+06	
      6078.315	     5.08162e+06	
      6083.313	     5.07904e+06	
      6088.312	     5.07647e+06	
      6093.311	     5.07389e+06	
      6098.309	     5.07132e+06	
      6103.308	     5.06871e+06	
      6108.307	     5.06610e+06	
      6113.305	     5.06346e+06	
      6118.304	     5.06082e+06	
      6123.303	     5.05818e+06	
      6128.301	     5.05555e+06	
      6133.300	     5.05287e+06	
      6138.298	     5.05020e+06	
      6143.297	     5.04753e+06	
      6148.296	     5.04483e+06	
      6153.294	     5.04213e+06	
      6158.293	     5.03943e+06	
      6163.292	     5.03670e+06	
      6168.290	     5.03396e+06	
      6173.289	     5.03120e+06	
      6178.288	     5.02846e+06	
      6183.286	     5.02570e+06	
      6188.285	     5.02294e+06	
      6193.284	     5.02014e+06	
      6198.282	     5.01734e+06	
      6203.281	     5.01455e+06	
      6208.280	     5.01172e+06	
      6213.278	     5.00892e+06	
      6218.277	     5.00607e+06	
      6223.276	     5.00324e+06	
      6228.274	     5.00038e+06	
      6233.273	     4.99752e+06	
      6238.272	     4.99466e+06	
      6243.270	     4.99177e+06	
      6244.381	     4.99114e+06	
      6248.269	     4.98888e+06	
      6252.157	     4.98662e+06	
      6253.821	     4.98564e+06	
      6256.044	     4.98436e+06	
      6258.266	     4.98307e+06	
      6262.157	     4.98081e+06	
      6262.711	     4.98046e+06	
      6263.265	     4.98015e+06	
      6264.372	     4.97949e+06	
      6264.912	     4.97917e+06	
      6266.588	     4.97820e+06	
      6268.263	     4.97723e+06	
      6269.967	     4.97622e+06	
      6271.615	     4.97525e+06	
      6273.262	     4.97427e+06	
      6274.854	     4.97333e+06	
      6276.557	     4.97232e+06	
      6278.261	     4.97132e+06	
      6280.076	     4.97025e+06	
      6281.668	     4.96931e+06	
      6283.259	     4.96833e+06	
      6284.627	     4.96755e+06	
      6286.443	     4.96645e+06	
      6288.258	     4.96538e+06	
      6290.521	     4.96403e+06	
      6291.889	     4.96321e+06	
      6293.257	     4.96240e+06	
      6293.729	     4.96211e+06	
      6295.992	     4.96073e+06	
      6298.255	     4.95938e+06	
      6302.310	     4.95693e+06	
      6302.782	     4.95665e+06	
      6303.254	     4.95637e+06	
      6303.918	     4.95596e+06	
      6304.198	     4.95580e+06	
      6306.085	     4.95467e+06	
      6308.253	     4.95335e+06	
      6311.924	     4.95112e+06	
      6312.587	     4.95071e+06	
      6313.251	     4.95030e+06	
      6314.579	     4.94948e+06	
      6316.219	     4.94848e+06	
      6317.234	     4.94788e+06	
      6317.314	     4.94782e+06	
      6318.250	     4.94725e+06	
      6320.281	     4.94600e+06	
      6323.249	     4.94418e+06	
      6328.247	     4.94110e+06	
      6333.246	     4.93802e+06	
      6338.245	     4.93491e+06	
      6343.243	     4.93177e+06	
      6348.242	     4.92862e+06	
      6353.241	     4.92545e+06	
      6358.239	     4.92228e+06	
      6363.238	     4.91907e+06	
      6368.236	     4.91584e+06	
      6373.235	     4.91260e+06	
      6378.234	     4.90934e+06	
      6383.232	     4.90604e+06	
      6388.231	     4.90271e+06	
      6393.230	     4.89935e+06	
      6398.228	     4.89595e+06	
      6403.227	     4.89253e+06	
      6408.226	     4.88904e+06	
      6413.224	     4.88552e+06	
      6418.223	     4.88197e+06	
      6423.222	     4.87833e+06	
      6428.220	     4.87462e+06	
      6433.219	     4.87085e+06	
      6438.218	     4.86702e+06	
      6443.216	     4.86306e+06	
      6448.215	     4.85898e+06	
      6453.214	     4.85477e+06	
      6458.212	     4.85043e+06	
      6463.211	     4.84588e+06	
      6468.210	     4.84113e+06	
      6473.208	     4.83610e+06	
      6478.207	     4.83076e+06	
      6483.205	     4.82502e+06	
      6488.204	     4.81876e+06	
      6493.203	     4.81191e+06	
      6498.201	     4.80425e+06	
      6503.200	     4.79561e+06	
      6508.199	     4.78559e+06	
      6513.197	     4.77378e+06	
      6518.196	     4.75951e+06	
      6523.195	     4.74186e+06	
      6523.719	     4.73975e+06	
      6528.193	     4.71930e+06	
      6532.668	     4.69316e+06	
      6536.095	     4.66778e+06	
      6537.143	     4.65882e+06	
      6537.383	     4.65669e+06	
      6538.191	     4.64924e+06	
      6540.286	     4.62785e+06	
      6540.690	     4.62336e+06	
      6543.189	     4.59229e+06	
      6545.689	     4.55474e+06	
      6546.457	     4.54164e+06	
      6546.724	     4.53690e+06	
      6548.188	     4.50907e+06	
      6549.918	     4.47152e+06	
      6551.516	     4.43169e+06	
      6553.113	     4.38626e+06	
      6554.426	     4.34416e+06	
      6554.709	     4.33449e+06	
      6556.306	     4.27561e+06	
      6556.871	     4.25306e+06	
      6557.903	     4.20923e+06	
      6558.185	     4.19670e+06	
      6559.500	     4.13603e+06	
      6560.298	     4.09950e+06	
      6561.096	     4.06230e+06	
      6561.496	     4.04185e+06	
      6561.895	     4.01813e+06	
      6562.094	     4.00349e+06	
      6562.294	     3.98442e+06	
      6562.394	     3.97151e+06	
      6562.494	     3.95332e+06	
      6562.594	     3.92533e+06	
      6562.693	     3.89413e+06	
      6562.793	     3.87930e+06	
      6562.892	     3.89378e+06	
      6562.992	     3.92517e+06	
      6563.092	     3.95310e+06	
      6563.291	     3.98389e+06	
      6563.490	     4.00277e+06	
      6563.641	     4.01401e+06	
      6563.687	     4.01715e+06	
      6563.689	     4.01728e+06	
      6563.691	     4.01741e+06	
      6563.741	     4.02064e+06	
      6563.841	     4.02680e+06	
      6564.041	     4.03817e+06	
      6564.294	     4.05130e+06	
      6564.392	     4.05614e+06	
      6564.441	     4.05853e+06	
      6564.490	     4.06089e+06	
      6564.685	     4.07015e+06	
      6565.077	     4.08806e+06	
      6565.636	     4.11282e+06	
      6565.861	     4.12296e+06	
      6566.086	     4.13320e+06	
      6566.536	     4.15353e+06	
      6566.689	     4.16041e+06	
      6567.085	     4.17848e+06	
      6567.436	     4.19409e+06	
      6568.183	     4.22594e+06	
      6569.280	     4.26952e+06	
      6570.478	     4.31303e+06	
      6571.476	     4.34614e+06	
      6572.473	     4.37655e+06	
      6573.270	     4.39902e+06	
      6574.469	     4.43002e+06	
      6575.667	     4.45792e+06	
      6577.950	     4.50350e+06	
      6578.065	     4.50558e+06	
      6578.180	     4.50762e+06	
      6578.410	     4.51164e+06	
      6578.870	     4.51943e+06	
      6579.789	     4.53417e+06	
      6580.079	     4.53856e+06	
      6581.629	     4.56034e+06	
      6583.178	     4.57944e+06	
      6584.378	     4.59260e+06	
      6586.278	     4.61095e+06	
      6587.911	     4.62461e+06	
      6588.177	     4.62665e+06	
      6588.443	     4.62870e+06	
      6588.975	     4.63259e+06	
      6590.039	     4.63994e+06	
      6591.023	     4.64623e+06	
      6592.166	     4.65295e+06	
      6593.014	     4.65757e+06	
      6593.309	     4.65911e+06	
      6595.594	     4.66995e+06	
      6598.174	     4.68012e+06	
      6603.335	     4.69555e+06	
      6613.656	     4.71333e+06	
      6623.977	     4.72122e+06	
      6634.299	     4.72376e+06	
      6654.941	     4.72084e+06	
      6675.584	     4.71273e+06	
      6680.975	     4.71013e+06	
      6696.226	     4.70218e+06	
      6711.477	     4.69354e+06	
      6741.979	     4.67507e+06	
      6781.185	     4.64993e+06	
      6802.982	     4.63555e+06	
      6824.779	     4.62094e+06	
      6868.373	     4.59153e+06	
      6955.562	     4.53143e+06	
      6976.354	     4.51689e+06	
      7042.750	     4.47011e+06	
      7109.146	     4.42280e+06	
      7175.542	     4.37561e+06	
      7241.938	     4.32805e+06	
      7308.334	     4.28023e+06	
      7355.946	     4.24580e+06	
      7374.730	     4.23235e+06	
      7393.514	     4.21872e+06	
      7431.082	     4.19173e+06	
      7506.218	     4.13757e+06	
      7581.353	     4.08335e+06	
      7635.097	     4.04455e+06	
      7656.489	     4.02909e+06	
      7677.881	     4.01364e+06	
      7720.666	     3.98307e+06	
      7806.234	     3.92200e+06	
      7821.358	     3.91122e+06	
      7891.803	     3.86108e+06	
      7962.248	     3.81107e+06	
      7982.837	     3.79658e+06	
      8032.693	     3.76159e+06	
      8082.550	     3.72668e+06	
      8161.675	     3.67183e+06	
      8182.262	     3.65757e+06	
      8200.850	     3.64472e+06	
      8202.850	     3.64337e+06	
      8204.849	     3.64199e+06	
      8208.848	     3.63922e+06	
      8216.846	     3.63375e+06	
      8232.842	     3.62276e+06	
      8264.833	     3.60089e+06	
      8289.715	     3.58390e+06	
      8328.816	     3.55726e+06	
      8343.441	     3.54733e+06	
      8367.916	     3.53074e+06	
      8371.465	     3.52835e+06	
      8388.684	     3.51676e+06	
      8392.391	     3.51425e+06	
      8408.650	     3.50335e+06	
      8413.318	     3.50021e+06	
      8432.024	     3.48767e+06	
      8437.951	     3.48371e+06	
      8467.252	     3.46414e+06	
      8473.978	     3.45965e+06	
      8502.481	     3.44067e+06	
      8516.584	     3.43131e+06	
      8530.983	     3.42173e+06	
      8545.382	     3.41227e+06	
      8549.972	     3.40926e+06	
      8574.180	     3.39339e+06	
      8598.388	     3.37756e+06	
      8628.597	     3.35786e+06	
      8646.805	     3.34602e+06	
      8652.391	     3.34240e+06	
      8665.013	     3.33420e+06	
      8685.587	     3.32088e+06	
      8701.429	     3.31064e+06	
      8750.468	     3.27907e+06	
      8767.917	     3.26788e+06	
      8815.350	     3.23760e+06	
      8862.782	     3.20779e+06	
      8900.383	     3.18429e+06	
      8957.646	     3.14869e+06	
      9014.908	     3.11336e+06	
      9044.624	     3.09515e+06	
      9072.171	     3.07833e+06	
      9099.717	     3.06158e+06	
      9154.810	     3.02857e+06	
      9190.798	     3.00716e+06	
      9209.903	     2.99583e+06	
      9229.009	     2.98452e+06	
      9267.221	     2.96204e+06	
      9303.204	     2.94098e+06	
      9343.644	     2.91744e+06	
      9384.084	     2.89405e+06	
      9464.964	     2.84814e+06	
      9545.723	     2.80282e+06	
      9545.844	     2.80275e+06	
      9545.965	     2.80268e+06	
      9546.207	     2.80255e+06	
      9546.691	     2.80229e+06	
      9546.866	     2.80219e+06	
      9547.658	     2.80176e+06	
      9549.594	     2.80069e+06	
      9553.465	     2.79854e+06	
      9561.207	     2.79424e+06	
      9576.691	     2.78565e+06	
      9607.658	     2.76854e+06	
      9668.451	     2.73519e+06	
      9729.243	     2.70248e+06	
      9790.036	     2.67009e+06	
      9850.828	     2.63803e+06	
      9870.422	     2.62776e+06	
      9911.620	     2.60629e+06	
      9952.819	     2.58497e+06	
     10021.070	     2.55026e+06	
     10035.217	     2.54309e+06	
     10049.364	     2.53589e+06	
     10077.658	     2.52183e+06	
     10134.247	     2.49374e+06	
     10144.484	     2.48868e+06	
     10190.835	     2.46588e+06	
     10237.187	     2.44327e+06	
     10329.890	     2.39965e+06	
     10422.592	     2.35671e+06	
     10515.295	     2.31446e+06	
     10607.998	     2.27290e+06	
     10700.701	     2.23202e+06	
     10793.403	     2.19182e+06	
     10834.127	     2.17436e+06	
     10886.106	     2.15219e+06	
     10938.085	     2.12984e+06	
     10990.064	     2.10871e+06	
     11042.043	     2.08740e+06	
     11094.022	     2.06622e+06	
     11146.000	     2.04523e+06	
     11197.979	     2.02445e+06	
     11239.008	     2.00820e+06	
     11249.958	     2.00388e+06	
     11260.908	     1.99958e+06	
     11282.808	     1.99133e+06	
     11326.608	     1.97494e+06	
     11414.209	     1.94254e+06	
     11501.809	     1.91066e+06	
     11589.411	     1.87928e+06	
     11677.011	     1.84841e+06	
     11764.612	     1.81803e+06	
     11852.212	     1.78816e+06	
     11939.813	     1.75877e+06	
     12027.413	     1.72987e+06	
     12115.014	     1.70146e+06	
     12120.600	     1.69966e+06	
     12202.614	     1.67353e+06	
     12284.629	     1.64781e+06	
     12366.644	     1.62370e+06	
     12448.658	     1.59995e+06	
     12530.673	     1.57653e+06	
     12612.688	     1.55342e+06	
     12694.701	     1.53056e+06	
     12735.367	     1.51922e+06	
     12776.716	     1.50738e+06	
     12818.066	     1.49470e+06	
     12900.764	     1.47474e+06	
     12983.464	     1.45330e+06	
     13066.162	     1.43197e+06	
     13148.861	     1.41092e+06	
     13154.771	     1.40943e+06	
     13231.560	     1.39019e+06	
     13308.350	     1.37121e+06	
     13385.140	     1.35365e+06	
     13461.929	     1.33630e+06	
     13538.719	     1.31917e+06	
     13615.509	     1.30226e+06	
     13692.299	     1.28557e+06	
     13769.088	     1.26909e+06	
     13845.878	     1.25282e+06	
     13922.668	     1.23676e+06	
     13999.458	     1.22091e+06	
     14076.247	     1.20527e+06	
     14153.038	     1.18983e+06	
     14229.828	     1.17460e+06	
     14281.164	     1.16453e+06	
     14306.618	     1.15957e+06	
     14332.071	     1.15464e+06	
     14382.978	     1.14521e+06	
     14410.128	     1.14022e+06	
     14427.096	     1.13711e+06	
     14433.884	     1.13586e+06	
     14457.640	     1.13153e+06	
     14505.152	     1.12298e+06	
     14581.211	     1.10943e+06	
     14583.210	     1.10908e+06	
     14585.210	     1.10872e+06	
     14589.208	     1.10804e+06	
     14597.206	     1.10668e+06	
     14613.202	     1.10396e+06	
     14645.193	     1.09854e+06	
     14709.176	     1.08777e+06	
     14773.158	     1.07710e+06	
     14837.141	     1.06652e+06	
     14901.123	     1.05603e+06	
     14965.106	     1.04563e+06	
     15029.088	     1.03534e+06	
     15093.071	     1.02514e+06	
     15157.054	     1.01503e+06	
     15221.036	     1.00502e+06	
     15285.019	     9.95103e+05	
     15349.001	     9.85279e+05	
     15412.984	     9.75549e+05	
     15471.572	     9.66725e+05	
     15476.966	     9.65914e+05	
     15482.361	     9.65107e+05	
     15493.150	     9.63454e+05	
     15514.728	     9.60156e+05	
     15557.884	     9.53593e+05	
     15644.197	     9.40599e+05	
     15730.509	     9.27775e+05	
     15816.821	     9.15130e+05	
     15903.134	     9.02658e+05	
     15989.446	     8.90362e+05	
     16075.759	     8.78229e+05	
     16162.071	     8.66269e+05	
     16248.384	     8.54479e+05	
     16289.880	     8.48868e+05	
     16334.696	     8.42855e+05	
     16379.512	     8.36883e+05	
     16469.143	     8.22683e+05	
     16558.775	     8.08775e+05	
     16648.406	     7.95150e+05	
     16738.038	     7.81804e+05	
     16827.669	     7.68732e+05	
     16917.301	     7.55921e+05	
     17006.933	     7.43373e+05	
     17096.564	     7.31074e+05	
     17186.196	     7.19023e+05	
     17275.827	     7.07213e+05	
     17327.685	     7.00490e+05	
     17365.459	     6.95643e+05	
     17403.232	     6.90833e+05	
     17478.780	     6.81330e+05	
     17554.327	     6.71984e+05	
     17629.874	     6.62794e+05	
     17705.422	     6.53756e+05	
     17780.969	     6.44868e+05	
     17856.517	     6.36129e+05	
     17932.064	     6.27536e+05	
     18007.611	     6.18884e+05	
     18083.159	     6.10531e+05	
     18158.706	     6.02297e+05	
     18234.253	     5.94173e+05	
     18309.801	     5.86143e+05	
     18343.743	     5.82555e+05	
     18385.348	     5.78169e+05	
     18426.953	     5.73780e+05	
     18510.162	     5.64896e+05	
     18593.371	     5.55452e+05	
     18602.053	     5.54391e+05	
     18639.317	     5.49518e+05	
     18676.581	     5.43825e+05	
     18713.844	     5.36848e+05	
     18732.476	     5.33053e+05	
     18741.793	     5.31344e+05	
     18751.108	     5.29695e+05	
     18760.424	     5.29644e+05	
     18769.740	     5.29647e+05	
     18779.056	     5.29814e+05	
     18788.372	     5.30002e+05	
     18797.687	     5.30141e+05	
     18807.004	     5.30191e+05	
     18816.319	     5.30144e+05	
     18825.636	     5.30002e+05	
     18844.268	     5.29465e+05	
     18881.532	     5.27634e+05	
     18918.795	     5.25180e+05	
     18956.059	     5.22393e+05	
     19030.587	     5.16362e+05	
     19105.114	     5.10104e+05	
     19179.642	     5.03802e+05	
     19254.170	     4.97528e+05	
     19328.697	     4.91317e+05	
     19355.777	     4.89077e+05	
     19403.225	     4.85178e+05	
     19450.673	     4.81314e+05	
     19545.569	     4.73686e+05	
     19640.465	     4.66278e+05	
     19735.361	     4.58914e+05	
     19830.257	     4.51689e+05	
     19925.153	     4.44604e+05	
     20020.050	     4.37655e+05	
     20114.946	     4.30841e+05	
     20209.842	     4.24153e+05	
     20304.738	     4.17596e+05	
     20324.874	     4.16220e+05	
     20399.634	     4.11159e+05	
     20474.393	     4.06177e+05	
     20549.153	     4.01269e+05	
     20623.913	     3.96431e+05	
     20698.672	     3.91669e+05	
     20773.432	     3.86972e+05	
     20848.190	     3.82348e+05	
     20922.950	     3.77792e+05	
     20997.709	     3.73300e+05	
     21072.469	     3.68873e+05	
     21147.229	     3.64513e+05	
     21221.988	     3.60215e+05	
     21296.748	     3.55980e+05	
     21371.507	     3.51808e+05	
     21446.267	     3.47693e+05	
     21521.025	     3.43637e+05	
     21560.955	     3.41494e+05	
     21595.785	     3.39641e+05	
     21630.617	     3.37797e+05	
     21700.278	     3.34149e+05	
     21769.941	     3.30552e+05	
     21839.603	     3.26999e+05	
     21909.265	     3.23493e+05	
     21978.928	     3.20037e+05	
     22048.590	     3.16622e+05	
     22118.253	     3.13254e+05	
     22187.915	     3.09930e+05	
     22257.577	     3.06649e+05	
     22327.240	     3.03411e+05	
     22396.902	     3.00214e+05	
     22466.564	     2.97060e+05	
     22536.227	     2.93945e+05	
     22605.889	     2.90871e+05	
     22675.552	     2.87837e+05	
     22703.590	     2.86627e+05	
     22745.214	     2.84842e+05	
     22784.838	     2.83155e+05	
     22786.838	     2.83070e+05	
     22788.837	     2.82986e+05	
     22792.836	     2.82816e+05	
     22800.834	     2.82478e+05	
     22816.829	     2.81803e+05	
     22848.821	     2.80458e+05	
     22912.803	     2.77793e+05	
     22976.786	     2.75160e+05	
     23040.768	     2.72556e+05	
     23104.751	     2.69983e+05	
     23168.733	     2.67441e+05	
     23232.716	     2.64927e+05	
     23296.698	     2.62443e+05	
     23360.681	     2.59987e+05	
     23424.663	     2.57560e+05	
     23488.646	     2.55160e+05	
     23552.628	     2.52788e+05	
     23616.611	     2.50443e+05	
     23680.593	     2.48125e+05	
     23744.576	     2.45834e+05	
     23808.558	     2.43568e+05	
     23872.541	     2.41328e+05	
     23936.523	     2.39114e+05	
     24000.506	     2.36924e+05	
     24064.488	     2.34760e+05	
     24128.471	     2.32620e+05	
     24192.453	     2.30503e+05	
     24256.436	     2.28411e+05	
     24320.419	     2.26342e+05	
     24384.401	     2.24296e+05	
     24448.384	     2.22273e+05	
     24512.366	     2.20272e+05	
     24576.349	     2.18294e+05	
     24640.331	     2.16337e+05	
     24704.314	     2.14402e+05	
     24768.296	     2.12489e+05	
     24832.279	     2.10596e+05	
     24896.261	     2.08724e+05	
     24960.244	     2.06873e+05	
     25004.437	     2.05606e+05	
     25024.226	     2.05042e+05	
     25044.016	     2.04480e+05	
     25083.595	     2.03361e+05	
     25162.753	     2.01147e+05	
     25241.912	     1.98963e+05	
     25321.070	     1.96808e+05	
     25400.228	     1.94682e+05	
     25479.387	     1.92584e+05	
     25558.545	     1.90514e+05	
     25637.703	     1.88471e+05	
     25716.862	     1.86456e+05	
     25796.020	     1.84467e+05	
     25875.179	     1.82504e+05	
     25954.337	     1.80567e+05	
     26033.495	     1.78655e+05	
     26112.654	     1.76769e+05	
     26191.812	     1.74907e+05	
     26270.970	     1.73068e+05	
     26350.129	     1.71254e+05	
     26429.287	     1.69464e+05	
     26508.445	     1.67696e+05	
     26587.604	     1.65951e+05	
     26666.762	     1.64229e+05	
     26745.921	     1.62529e+05	
     26825.079	     1.60850e+05	
     26904.237	     1.59193e+05	
     26983.396	     1.57557e+05	
     27062.554	     1.55942e+05	
     27141.712	     1.54347e+05	
     27142.547	     1.54330e+05	
     27220.871	     1.52773e+05	
     27299.194	     1.51234e+05	
     27377.518	     1.49715e+05	
     27455.842	     1.48215e+05	
     27534.165	     1.46734e+05	
     27612.489	     1.45271e+05	
     27690.812	     1.43826e+05	
     27769.136	     1.42398e+05	
     27847.459	     1.40988e+05	
     27925.783	     1.39596e+05	
     28004.107	     1.38220e+05	
     28082.430	     1.36862e+05	
     28160.754	     1.35519e+05	
     28239.077	     1.34193e+05	
     28317.401	     1.32883e+05	
     28395.725	     1.31589e+05	
     28474.048	     1.30310e+05	
     28552.372	     1.29047e+05	
     28630.695	     1.27799e+05	
     28709.019	     1.26566e+05	
     28787.343	     1.25347e+05	
     28865.666	     1.24143e+05	
     28943.990	     1.22954e+05	
     29022.313	     1.21778e+05	
     29100.637	     1.20616e+05	
     29178.961	     1.19468e+05	
     29257.284	     1.18334e+05	
     29335.608	     1.17213e+05	
     29413.931	     1.16105e+05	
     29492.255	     1.15010e+05	
     29570.578	     1.13928e+05	
     29648.902	     1.12858e+05	
     29727.226	     1.11800e+05	
     29805.549	     1.10756e+05	
     29883.873	     1.09723e+05	
     29932.600	     1.09086e+05	
     29962.196	     1.08702e+05	
     29991.792	     1.08319e+05	
#time:0.038353
