# Koester WD models
# teff = 5500 K (value for the effective temperature for the model. Temperatures are given in K)
# logg = 9 log(cm/s2) (value for Log(G) for the model.)
#
#   WAVELENGTH	#           FLUX	
#   (ANGSTROM)	#  (ERG/CM2/S/A)	
##############	################	
       899.230	     3.30964e-03	
       901.358	     3.55361e-03	
       902.738	     3.72053e-03	
       903.486	     3.81421e-03	
       904.235	     3.91006e-03	
       905.733	     4.10851e-03	
       907.232	     4.31627e-03	
       908.219	     4.45839e-03	
       908.450	     4.49238e-03	
       908.729	     4.53373e-03	
       909.241	     4.61022e-03	
       910.032	     4.73096e-03	
       911.193	     4.91351e-03	
       911.613	     4.98122e-03	
       912.034	     5.04980e-03	
       912.465	     5.12105e-03	
       912.875	     5.18953e-03	
       913.037	     5.21690e-03	
       913.241	     5.25155e-03	
       913.284	     5.25887e-03	
       913.478	     5.29208e-03	
       913.531	     5.30115e-03	
       913.755	     5.33961e-03	
       913.822	     5.35123e-03	
       914.080	     5.39613e-03	
       914.165	     5.41098e-03	
       914.499	     5.46980e-03	
       914.575	     5.48324e-03	
       915.071	     5.57168e-03	
       915.540	     5.65666e-03	
       915.609	     5.66910e-03	
       915.643	     5.67532e-03	
       915.677	     5.68154e-03	
       915.741	     5.69326e-03	
       915.813	     5.70651e-03	
       916.085	     5.75675e-03	
       916.429	     5.82090e-03	
       916.858	     5.90161e-03	
       917.118	     5.95115e-03	
       917.196	     5.96610e-03	
       917.378	     6.00110e-03	
       917.899	     6.10210e-03	
       917.952	     6.11250e-03	
       918.287	     6.17851e-03	
       918.602	     6.24099e-03	
       919.251	     6.37200e-03	
       920.215	     6.57105e-03	
       921.882	     6.92875e-03	
       921.999	     6.95461e-03	
       922.143	     6.98659e-03	
       922.405	     7.04474e-03	
       922.810	     7.13559e-03	
       923.621	     7.31894e-03	
       925.001	     7.64576e-03	
       925.242	     7.70582e-03	
       925.484	     7.76463e-03	
       925.564	     7.78424e-03	
       925.966	     7.88053e-03	
       926.164	     7.92514e-03	
       926.369	     7.97167e-03	
       927.173	     8.16142e-03	
       927.276	     8.18599e-03	
       928.182	     8.41029e-03	
       928.917	     8.60887e-03	
       928.980	     8.62750e-03	
       929.089	     8.66068e-03	
       929.261	     8.71647e-03	
       929.317	     8.73454e-03	
       929.543	     8.81166e-03	
       929.655	     8.84738e-03	
       929.769	     8.88021e-03	
       929.827	     8.89633e-03	
       929.883	     8.91188e-03	
       929.910	     8.91939e-03	
       929.939	     8.92746e-03	
       929.954	     8.93164e-03	
       929.968	     8.93554e-03	
       929.982	     8.93946e-03	
       929.996	     8.94336e-03	
       930.010	     8.94726e-03	
       930.024	     8.95118e-03	
       930.038	     8.95508e-03	
       930.052	     8.95897e-03	
       930.081	     8.96708e-03	
       930.137	     8.98276e-03	
       930.201	     9.00069e-03	
       930.247	     9.01357e-03	
       930.249	     9.01414e-03	
       930.251	     9.01471e-03	
       930.301	     9.02850e-03	
       930.326	     9.03497e-03	
       930.329	     9.03572e-03	
       930.402	     9.05410e-03	
       930.478	     9.07103e-03	
       930.630	     9.09931e-03	
       930.931	     9.15049e-03	
       931.229	     9.20581e-03	
       931.534	     9.26707e-03	
       931.838	     9.33395e-03	
       932.447	     9.43332e-03	
       932.707	     9.48752e-03	
       933.055	     9.56986e-03	
       933.265	     9.62314e-03	
       933.403	     9.65933e-03	
       933.432	     9.66703e-03	
       933.542	     9.69753e-03	
       933.652	     9.72848e-03	
       933.872	     9.79134e-03	
       933.973	     9.82093e-03	
       934.073	     9.85075e-03	
       934.312	     9.92398e-03	
       934.652	     1.00337e-02	
       934.941	     1.01347e-02	
       935.230	     1.02465e-02	
       935.473	     1.03480e-02	
       935.520	     1.03687e-02	
       935.809	     1.05118e-02	
       936.144	     1.07031e-02	
       936.358	     1.08309e-02	
       936.372	     1.08394e-02	
       936.479	     1.08998e-02	
       936.601	     1.09601e-02	
       936.714	     1.10061e-02	
       936.829	     1.10464e-02	
       936.887	     1.10661e-02	
       936.944	     1.10855e-02	
       936.973	     1.10954e-02	
       937.001	     1.11049e-02	
       937.015	     1.11097e-02	
       937.029	     1.11144e-02	
       937.043	     1.11192e-02	
       937.058	     1.11243e-02	
       937.072	     1.11291e-02	
       937.086	     1.11339e-02	
       937.101	     1.11390e-02	
       937.115	     1.11438e-02	
       937.143	     1.11534e-02	
       937.200	     1.11729e-02	
       937.314	     1.12120e-02	
       937.493	     1.12688e-02	
       937.542	     1.12811e-02	
       937.593	     1.12915e-02	
       937.694	     1.13058e-02	
       937.788	     1.13127e-02	
       937.894	     1.13179e-02	
       938.000	     1.13198e-02	
       938.212	     1.13240e-02	
       938.359	     1.13297e-02	
       938.556	     1.13429e-02	
       938.636	     1.13509e-02	
       938.914	     1.13905e-02	
       939.271	     1.14571e-02	
       939.628	     1.15394e-02	
       939.986	     1.16329e-02	
       940.580	     1.18095e-02	
       940.660	     1.18348e-02	
       940.675	     1.18396e-02	
       940.700	     1.18476e-02	
       940.740	     1.18604e-02	
       940.901	     1.19120e-02	
       941.221	     1.20195e-02	
       941.861	     1.22460e-02	
       943.048	     1.26954e-02	
       943.160	     1.27407e-02	
       943.457	     1.28623e-02	
       944.234	     1.31890e-02	
       944.382	     1.32527e-02	
       945.308	     1.36572e-02	
       945.770	     1.38739e-02	
       946.233	     1.41090e-02	
       946.696	     1.43673e-02	
       947.158	     1.46672e-02	
       947.621	     1.50178e-02	
       948.083	     1.54069e-02	
       948.314	     1.55909e-02	
       948.546	     1.57408e-02	
       948.661	     1.58000e-02	
       948.777	     1.58554e-02	
       948.835	     1.58829e-02	
       948.893	     1.59104e-02	
       948.922	     1.59242e-02	
       948.951	     1.59380e-02	
       948.966	     1.59451e-02	
       948.980	     1.59518e-02	
       948.994	     1.59585e-02	
       949.009	     1.59656e-02	
       949.023	     1.59723e-02	
       949.037	     1.59790e-02	
       949.052	     1.59861e-02	
       949.066	     1.59928e-02	
       949.095	     1.60066e-02	
       949.153	     1.60344e-02	
       949.230	     1.60713e-02	
       949.258	     1.60847e-02	
       949.269	     1.60899e-02	
       949.280	     1.60952e-02	
       949.330	     1.61192e-02	
       949.360	     1.61335e-02	
       949.430	     1.61656e-02	
       949.500	     1.61954e-02	
       949.640	     1.62421e-02	
       949.795	     1.62746e-02	
       949.879	     1.62848e-02	
       949.921	     1.62898e-02	
       949.963	     1.62950e-02	
       950.047	     1.63003e-02	
       950.131	     1.63055e-02	
       950.467	     1.63310e-02	
       950.888	     1.63905e-02	
       951.308	     1.64934e-02	
       951.728	     1.66390e-02	
       952.149	     1.68148e-02	
       952.400	     1.69344e-02	
       952.569	     1.70197e-02	
       952.738	     1.71105e-02	
       953.076	     1.72999e-02	
       953.753	     1.77017e-02	
       954.198	     1.79826e-02	
       954.430	     1.81352e-02	
       955.106	     1.85751e-02	
       956.014	     1.91856e-02	
       956.370	     1.94509e-02	
       956.922	     1.98700e-02	
       957.830	     2.05759e-02	
       958.148	     2.08264e-02	
       959.289	     2.17295e-02	
       960.430	     2.26568e-02	
       961.192	     2.33051e-02	
       962.712	     2.45686e-02	
       964.231	     2.58316e-02	
       966.507	     2.77976e-02	
       966.767	     2.80257e-02	
       967.269	     2.84677e-02	
       968.032	     2.91435e-02	
       968.668	     2.97132e-02	
       968.979	     2.99881e-02	
       969.297	     3.02626e-02	
       969.453	     3.03942e-02	
       969.927	     3.07631e-02	
       970.164	     3.09240e-02	
       970.400	     3.10442e-02	
       970.637	     3.10753e-02	
       970.756	     3.10545e-02	
       970.874	     3.09916e-02	
       970.992	     3.08365e-02	
       971.110	     3.06122e-02	
       971.230	     3.02914e-02	
       971.348	     2.99019e-02	
       971.466	     2.96103e-02	
       971.535	     2.96423e-02	
       971.567	     2.97254e-02	
       971.584	     2.97998e-02	
       971.635	     3.00992e-02	
       971.644	     3.01651e-02	
       971.703	     3.06317e-02	
       971.732	     3.08170e-02	
       971.762	     3.09209e-02	
       971.778	     3.09431e-02	
       971.792	     3.09558e-02	
       971.806	     3.09681e-02	
       971.821	     3.09813e-02	
       971.827	     3.09865e-02	
       971.833	     3.09918e-02	
       971.836	     3.09945e-02	
       971.839	     3.09971e-02	
       971.851	     3.10076e-02	
       971.866	     3.10208e-02	
       971.880	     3.10331e-02	
       971.910	     3.10555e-02	
       971.969	     3.08992e-02	
       972.037	     3.04836e-02	
       972.087	     3.02567e-02	
       972.137	     3.01593e-02	
       972.150	     3.01564e-02	
       972.237	     3.03259e-02	
       972.324	     3.07140e-02	
       972.499	     3.16044e-02	
       972.548	     3.18243e-02	
       972.673	     3.23151e-02	
       972.798	     3.27307e-02	
       972.923	     3.30461e-02	
       973.048	     3.33320e-02	
       973.298	     3.37907e-02	
       973.351	     3.38752e-02	
       973.548	     3.41896e-02	
       973.746	     3.44642e-02	
       974.140	     3.49559e-02	
       974.217	     3.50470e-02	
       974.534	     3.54149e-02	
       974.821	     3.57397e-02	
       974.928	     3.58594e-02	
       975.640	     3.66605e-02	
       977.063	     3.82740e-02	
       979.305	     4.08680e-02	
       981.547	     4.35783e-02	
       983.653	     4.62735e-02	
       983.788	     4.64506e-02	
       983.923	     4.66281e-02	
       984.194	     4.69822e-02	
       984.734	     4.76969e-02	
       985.011	     4.80657e-02	
       985.815	     4.91477e-02	
       986.618	     5.02529e-02	
       987.139	     5.09717e-02	
       988.225	     5.25161e-02	
       989.312	     5.41086e-02	
       991.486	     5.74280e-02	
       993.439	     6.05649e-02	
       993.659	     6.09277e-02	
       993.880	     6.12925e-02	
       994.320	     6.20282e-02	
       995.200	     6.35239e-02	
       995.477	     6.39999e-02	
       996.962	     6.66140e-02	
       997.574	     6.77202e-02	
       997.806	     6.81433e-02	
       998.447	     6.93236e-02	
       999.319	     7.09614e-02	
       999.435	     7.11816e-02	
      1001.064	     7.43439e-02	
      1002.694	     7.76347e-02	
      1004.323	     8.10565e-02	
      1005.836	     8.43562e-02	
      1005.952	     8.46144e-02	
      1007.581	     8.83124e-02	
      1009.326	     9.24348e-02	
      1011.071	     9.67256e-02	
      1011.303	     9.73096e-02	
      1012.816	     1.01194e-01	
      1014.329	     1.05217e-01	
      1015.378	     1.08092e-01	
      1015.842	     1.09390e-01	
      1017.355	     1.13700e-01	
      1017.620	     1.14482e-01	
      1019.046	     1.18693e-01	
      1019.332	     1.19546e-01	
      1020.046	     1.21681e-01	
      1021.044	     1.24669e-01	
      1021.544	     1.26154e-01	
      1022.043	     1.27580e-01	
      1022.543	     1.28834e-01	
      1022.993	     1.29643e-01	
      1023.043	     1.29710e-01	
      1023.093	     1.29774e-01	
      1023.193	     1.29863e-01	
      1023.393	     1.29940e-01	
      1023.545	     1.29814e-01	
      1023.593	     1.29731e-01	
      1023.669	     1.29534e-01	
      1023.793	     1.29277e-01	
      1023.917	     1.28740e-01	
      1023.991	     1.28384e-01	
      1024.041	     1.28074e-01	
      1024.091	     1.27712e-01	
      1024.191	     1.26971e-01	
      1024.242	     1.26584e-01	
      1024.290	     1.26159e-01	
      1024.391	     1.25171e-01	
      1024.415	     1.24929e-01	
      1024.540	     1.23631e-01	
      1024.666	     1.22947e-01	
      1024.791	     1.24035e-01	
      1024.852	     1.25429e-01	
      1024.915	     1.27157e-01	
      1024.947	     1.27850e-01	
      1024.978	     1.28222e-01	
      1024.993	     1.28302e-01	
      1025.009	     1.28358e-01	
      1025.025	     1.28410e-01	
      1025.040	     1.28459e-01	
      1025.056	     1.28511e-01	
      1025.072	     1.28562e-01	
      1025.087	     1.28611e-01	
      1025.103	     1.28663e-01	
      1025.134	     1.28762e-01	
      1025.196	     1.28483e-01	
      1025.271	     1.26983e-01	
      1025.320	     1.26043e-01	
      1025.371	     1.25462e-01	
      1025.471	     1.25488e-01	
      1025.521	     1.25991e-01	
      1025.571	     1.26659e-01	
      1025.621	     1.27480e-01	
      1025.721	     1.29214e-01	
      1025.772	     1.30089e-01	
      1025.921	     1.32432e-01	
      1026.070	     1.34556e-01	
      1026.219	     1.36410e-01	
      1026.369	     1.38065e-01	
      1026.518	     1.39426e-01	
      1026.563	     1.39833e-01	
      1026.816	     1.41799e-01	
      1027.069	     1.43397e-01	
      1027.322	     1.44827e-01	
      1027.828	     1.47348e-01	
      1028.335	     1.49534e-01	
      1028.615	     1.50681e-01	
      1028.796	     1.51418e-01	
      1028.841	     1.51600e-01	
      1029.067	     1.52505e-01	
      1029.338	     1.53605e-01	
      1029.881	     1.55791e-01	
      1030.965	     1.60191e-01	
      1033.082	     1.68926e-01	
      1033.135	     1.69145e-01	
      1033.187	     1.69364e-01	
      1033.230	     1.69545e-01	
      1033.291	     1.69802e-01	
      1033.499	     1.70681e-01	
      1033.915	     1.72450e-01	
      1034.747	     1.76037e-01	
      1036.265	     1.82758e-01	
      1039.172	     1.96264e-01	
      1039.258	     1.96677e-01	
      1039.301	     1.96884e-01	
      1039.344	     1.97091e-01	
      1039.504	     1.97859e-01	
      1039.516	     1.97917e-01	
      1039.860	     1.99579e-01	
      1040.549	     2.02944e-01	
      1041.925	     2.09835e-01	
      1044.347	     2.22469e-01	
      1046.768	     2.35790e-01	
      1049.029	     2.48880e-01	
      1049.189	     2.49831e-01	
      1049.349	     2.50785e-01	
      1049.670	     2.52708e-01	
      1050.310	     2.56592e-01	
      1051.591	     2.64524e-01	
      1053.952	     2.79736e-01	
      1054.152	     2.81061e-01	
      1054.352	     2.82392e-01	
      1054.752	     2.85071e-01	
      1054.952	     2.86419e-01	
      1055.553	     2.90498e-01	
      1057.153	     3.01635e-01	
      1059.355	     3.17587e-01	
      1061.556	     3.34278e-01	
      1063.156	     3.46910e-01	
      1063.757	     3.51758e-01	
      1064.357	     3.56665e-01	
      1065.558	     3.66662e-01	
      1066.558	     3.75182e-01	
      1067.959	     3.87415e-01	
      1069.359	     4.00010e-01	
      1069.960	     4.05536e-01	
      1072.161	     4.26399e-01	
      1074.362	     4.48233e-01	
      1076.563	     4.71079e-01	
      1078.163	     4.88351e-01	
      1078.687	     4.94125e-01	
      1078.764	     4.94977e-01	
      1078.980	     4.97383e-01	
      1079.364	     5.01684e-01	
      1080.565	     5.15303e-01	
      1080.712	     5.16984e-01	
      1082.442	     5.37269e-01	
      1084.173	     5.58270e-01	
      1085.905	     5.80023e-01	
      1087.637	     6.02539e-01	
      1089.318	     6.25171e-01	
      1089.367	     6.25843e-01	
      1089.418	     6.26544e-01	
      1089.518	     6.27920e-01	
      1089.718	     6.30681e-01	
      1090.119	     6.36235e-01	
      1090.669	     6.43948e-01	
      1090.919	     6.47479e-01	
      1092.520	     6.70507e-01	
      1094.370	     6.98056e-01	
      1096.221	     7.26625e-01	
      1096.771	     7.35321e-01	
      1098.072	     7.56247e-01	
      1099.372	     7.77708e-01	
      1099.573	     7.81044e-01	
      1101.974	     8.22130e-01	
      1104.374	     8.65163e-01	
      1106.775	     9.10217e-01	
      1108.976	     9.53348e-01	
      1109.176	     9.57360e-01	
      1109.376	     9.61384e-01	
      1109.777	     9.69552e-01	
      1109.977	     9.73661e-01	
      1110.577	     9.86077e-01	
      1112.177	     1.01990e+00	
      1114.378	     1.06811e+00	
      1116.579	     1.11838e+00	
      1118.180	     1.15627e+00	
      1118.684	     1.16844e+00	
      1118.780	     1.17077e+00	
      1119.380	     1.18545e+00	
      1120.076	     1.20267e+00	
      1121.469	     1.23780e+00	
      1123.778	     1.29810e+00	
      1124.254	     1.31082e+00	
      1124.730	     1.32360e+00	
      1125.682	     1.34949e+00	
      1125.790	     1.35246e+00	
      1127.075	     1.38816e+00	
      1127.587	     1.40263e+00	
      1127.845	     1.40998e+00	
      1129.384	     1.45447e+00	
      1129.769	     1.46580e+00	
      1131.692	     1.52358e+00	
      1133.616	     1.58335e+00	
      1135.540	     1.64512e+00	
      1137.463	     1.70893e+00	
      1139.387	     1.77513e+00	
      1142.080	     1.87139e+00	
      1143.234	     1.91394e+00	
      1144.004	     1.94276e+00	
      1144.388	     1.95726e+00	
      1146.697	     2.04607e+00	
      1146.889	     2.05358e+00	
      1149.390	     2.15306e+00	
      1151.891	     2.25444e+00	
      1154.391	     2.35978e+00	
      1159.393	     2.57325e+00	
      1164.394	     2.78664e+00	
      1169.395	     2.99310e+00	
      1171.896	     3.09474e+00	
      1173.146	     3.14810e+00	
      1174.397	     3.20571e+00	
      1175.647	     3.26776e+00	
      1176.897	     3.33521e+00	
      1177.860	     3.39160e+00	
      1178.148	     3.40894e+00	
      1179.398	     3.48773e+00	
      1180.936	     3.59128e+00	
      1182.475	     3.69970e+00	
      1182.858	     3.72719e+00	
      1184.013	     3.81151e+00	
      1185.168	     3.89677e+00	
      1185.558	     3.92564e+00	
      1187.479	     4.07075e+00	
      1189.400	     4.21972e+00	
      1192.085	     4.43621e+00	
      1193.243	     4.53332e+00	
      1194.034	     4.60077e+00	
      1194.402	     4.63247e+00	
      1196.718	     4.83557e+00	
      1196.902	     4.85191e+00	
      1199.403	     5.07886e+00	
      1201.903	     5.31887e+00	
      1204.404	     5.58057e+00	
      1206.904	     5.86240e+00	
      1208.485	     6.05020e+00	
      1209.405	     6.16267e+00	
      1210.325	     6.27653e+00	
      1211.639	     6.43913e+00	
      1212.165	     6.50241e+00	
      1212.691	     6.56417e+00	
      1213.613	     6.67054e+00	
      1213.744	     6.68575e+00	
      1213.807	     6.69307e+00	
      1213.875	     6.70095e+00	
      1214.137	     6.73149e+00	
      1214.171	     6.73545e+00	
      1214.467	     6.77013e+00	
      1214.615	     6.78751e+00	
      1214.763	     6.80494e+00	
      1214.837	     6.81367e+00	
      1214.911	     6.82241e+00	
      1214.948	     6.82678e+00	
      1214.985	     6.83117e+00	
      1215.004	     6.83340e+00	
      1215.022	     6.83554e+00	
      1215.040	     6.83768e+00	
      1215.059	     6.83991e+00	
      1215.077	     6.84204e+00	
      1215.095	     6.84418e+00	
      1215.114	     6.84644e+00	
      1215.132	     6.84858e+00	
      1215.169	     6.85298e+00	
      1215.243	     6.86174e+00	
      1215.391	     6.87933e+00	
      1215.637	     6.90868e+00	
      1215.687	     6.91468e+00	
      1215.737	     6.92065e+00	
      1215.795	     6.92759e+00	
      1215.837	     6.93262e+00	
      1216.037	     6.95665e+00	
      1216.064	     6.95988e+00	
      1216.279	     6.98580e+00	
      1216.763	     7.04442e+00	
      1217.462	     7.12975e+00	
      1218.315	     7.23176e+00	
      1218.861	     7.29324e+00	
      1218.985	     7.30662e+00	
      1219.407	     7.35111e+00	
      1219.829	     7.39317e+00	
      1220.104	     7.42032e+00	
      1220.673	     7.47476e+00	
      1222.361	     7.63699e+00	
      1224.619	     7.87547e+00	
      1226.876	     8.14354e+00	
      1228.858	     8.39971e+00	
      1229.134	     8.43640e+00	
      1229.409	     8.47328e+00	
      1229.740	     8.51871e+00	
      1229.959	     8.54906e+00	
      1230.178	     8.57947e+00	
      1230.616	     8.64101e+00	
      1231.492	     8.76570e+00	
      1231.694	     8.79483e+00	
      1233.244	     9.02174e+00	
      1234.794	     9.25570e+00	
      1236.380	     9.50175e+00	
      1237.895	     9.74293e+00	
      1239.410	     9.98973e+00	
      1240.470	     1.01661e+01	
      1242.441	     1.05027e+01	
      1244.411	     1.08501e+01	
      1247.291	     1.13759e+01	
      1248.352	     1.15750e+01	
      1248.652	     1.16319e+01	
      1249.412	     1.17771e+01	
      1251.532	     1.21907e+01	
      1251.912	     1.22661e+01	
      1254.413	     1.27735e+01	
      1256.913	     1.33010e+01	
      1259.413	     1.38510e+01	
      1261.914	     1.44245e+01	
      1264.414	     1.50260e+01	
      1266.914	     1.56648e+01	
      1269.415	     1.63351e+01	
      1271.915	     1.70406e+01	
      1274.415	     1.77739e+01	
      1276.915	     1.85371e+01	
      1279.416	     1.93298e+01	
      1281.916	     2.01465e+01	
      1284.416	     2.09824e+01	
      1286.917	     2.18455e+01	
      1289.417	     2.27404e+01	
      1294.417	     2.45832e+01	
      1296.918	     2.55483e+01	
      1299.418	     2.65453e+01	
      1301.918	     2.75929e+01	
      1304.418	     2.86752e+01	
      1309.419	     3.09355e+01	
      1314.419	     3.33037e+01	
      1319.420	     3.58333e+01	
      1321.920	     3.71635e+01	
      1324.420	     3.85414e+01	
      1326.920	     3.99878e+01	
      1329.420	     4.14825e+01	
      1334.421	     4.45497e+01	
      1339.421	     4.77833e+01	
      1341.921	     4.94650e+01	
      1344.421	     5.11998e+01	
      1346.921	     5.30222e+01	
      1349.421	     5.49059e+01	
      1354.422	     5.88571e+01	
      1359.422	     6.30628e+01	
      1364.422	     6.74249e+01	
      1365.191	     6.81113e+01	
      1369.422	     7.20037e+01	
      1373.653	     7.61067e+01	
      1376.346	     7.88524e+01	
      1377.884	     8.04596e+01	
      1379.422	     8.21024e+01	
      1380.574	     8.33543e+01	
      1382.499	     8.54843e+01	
      1384.423	     8.76687e+01	
      1387.119	     9.08106e+01	
      1388.271	     9.21825e+01	
      1389.031	     9.30970e+01	
      1389.423	     9.35717e+01	
      1391.727	     9.64057e+01	
      1394.423	     9.97905e+01	
      1399.423	     1.06247e+02	
      1404.423	     1.13039e+02	
      1409.423	     1.20223e+02	
      1414.423	     1.27897e+02	
      1419.423	     1.36077e+02	
      1424.423	     1.44652e+02	
      1429.423	     1.53656e+02	
      1434.423	     1.62977e+02	
      1439.423	     1.72705e+02	
      1444.422	     1.82883e+02	
      1449.422	     1.93784e+02	
      1454.422	     2.05422e+02	
      1459.422	     2.17701e+02	
      1464.422	     2.30739e+02	
      1465.960	     2.34907e+02	
      1469.422	     2.44439e+02	
      1472.884	     2.54144e+02	
      1473.268	     2.55212e+02	
      1474.422	     2.58442e+02	
      1476.345	     2.63899e+02	
      1479.421	     2.72740e+02	
      1484.421	     2.87648e+02	
      1489.421	     3.03248e+02	
      1494.421	     3.19305e+02	
      1499.420	     3.36307e+02	
      1504.420	     3.54648e+02	
      1509.420	     3.74179e+02	
      1514.420	     3.94785e+02	
      1519.419	     4.16591e+02	
      1524.419	     4.39754e+02	
      1529.419	     4.64107e+02	
      1534.418	     4.89218e+02	
      1539.418	     5.14502e+02	
      1544.418	     5.40238e+02	
      1549.417	     5.66728e+02	
      1554.417	     5.93224e+02	
      1559.417	     6.20216e+02	
      1564.416	     6.48073e+02	
      1566.724	     6.61443e+02	
      1569.416	     6.77532e+02	
      1570.186	     6.82260e+02	
      1572.107	     6.94195e+02	
      1574.415	     7.08882e+02	
      1574.800	     7.11357e+02	
      1579.415	     7.41859e+02	
      1584.414	     7.76300e+02	
      1589.414	     8.12070e+02	
      1594.413	     8.49637e+02	
      1599.413	     8.89520e+02	
      1604.413	     9.31247e+02	
      1609.412	     9.75977e+02	
      1614.412	     1.02394e+03	
      1619.411	     1.07568e+03	
      1624.410	     1.13162e+03	
      1629.410	     1.19199e+03	
      1634.409	     1.25679e+03	
      1639.409	     1.32481e+03	
      1644.408	     1.39541e+03	
      1649.408	     1.46650e+03	
      1654.407	     1.53796e+03	
      1659.407	     1.60951e+03	
      1664.406	     1.68263e+03	
      1665.560	     1.69941e+03	
      1669.405	     1.75615e+03	
      1670.174	     1.76789e+03	
      1673.251	     1.81467e+03	
      1674.405	     1.83220e+03	
      1676.328	     1.86173e+03	
      1679.404	     1.90990e+03	
      1684.404	     1.99068e+03	
      1689.403	     2.07522e+03	
      1694.402	     2.16291e+03	
      1699.402	     2.25490e+03	
      1704.401	     2.35051e+03	
      1709.400	     2.44931e+03	
      1714.400	     2.55176e+03	
      1719.399	     2.65734e+03	
      1724.398	     2.76714e+03	
      1729.398	     2.88078e+03	
      1734.397	     2.99804e+03	
      1739.396	     3.11863e+03	
      1744.396	     3.24285e+03	
      1749.395	     3.36936e+03	
      1754.394	     3.49992e+03	
      1759.393	     3.63413e+03	
      1764.393	     3.77252e+03	
      1767.084	     3.84883e+03	
      1767.854	     3.87091e+03	
      1769.392	     3.91527e+03	
      1771.700	     3.98263e+03	
      1774.391	     4.06277e+03	
      1775.545	     4.09752e+03	
      1779.391	     4.21529e+03	
      1784.390	     4.37395e+03	
      1789.389	     4.53797e+03	
      1794.388	     4.70598e+03	
      1799.387	     4.87921e+03	
      1809.386	     5.23936e+03	
      1819.384	     5.62122e+03	
      1823.999	     5.80447e+03	
      1829.383	     6.02441e+03	
      1834.767	     6.25124e+03	
      1845.535	     6.72392e+03	
      1856.303	     7.22946e+03	
      1863.998	     7.60834e+03	
      1867.072	     7.76338e+03	
      1870.145	     7.92090e+03	
      1876.292	     8.24718e+03	
      1882.439	     8.58459e+03	
      1888.586	     8.93343e+03	
      1894.733	     9.29393e+03	
      1900.880	     9.66621e+03	
      1906.980	     1.00478e+04	
      1907.027	     1.00508e+04	
      1913.174	     1.04479e+04	
      1919.368	     1.08608e+04	
      1925.561	     1.12820e+04	
      1931.755	     1.17185e+04	
      1937.949	     1.21811e+04	
      1944.143	     1.26445e+04	
      1944.472	     1.26694e+04	
      1956.531	     1.36281e+04	
      1968.590	     1.46259e+04	
      1980.648	     1.56800e+04	
      1992.707	     1.67931e+04	
      2004.766	     1.79684e+04	
      2015.838	     1.91040e+04	
      2016.825	     1.92079e+04	
      2017.811	     1.93122e+04	
      2019.785	     1.95232e+04	
      2023.732	     1.99560e+04	
      2031.627	     2.08381e+04	
      2039.521	     2.17360e+04	
      2047.416	     2.26636e+04	
      2055.310	     2.36220e+04	
      2059.377	     2.41279e+04	
      2063.205	     2.46113e+04	
      2067.032	     2.51021e+04	
      2074.686	     2.61123e+04	
      2082.341	     2.71541e+04	
      2089.995	     2.82281e+04	
      2094.355	     2.88543e+04	
      2105.304	     3.04739e+04	
      2116.253	     3.21633e+04	
      2127.202	     3.39273e+04	
      2132.725	     3.48528e+04	
      2138.151	     3.57853e+04	
      2149.099	     3.76979e+04	
      2165.474	     4.06990e+04	
      2181.848	     4.38752e+04	
      2198.223	     4.72379e+04	
      2214.501	     5.07703e+04	
      2214.598	     5.07920e+04	
      2214.695	     5.08137e+04	
      2214.741	     5.08237e+04	
      2214.888	     5.08567e+04	
      2215.276	     5.09428e+04	
      2216.052	     5.11156e+04	
      2217.604	     5.14624e+04	
      2220.707	     5.21530e+04	
      2226.914	     5.35519e+04	
      2227.034	     5.35792e+04	
      2239.327	     5.64324e+04	
      2251.621	     5.93755e+04	
      2263.914	     6.24269e+04	
      2276.207	     6.56926e+04	
      2288.501	     6.90400e+04	
      2300.794	     7.25014e+04	
      2312.946	     7.61054e+04	
      2313.040	     7.61340e+04	
      2313.087	     7.61481e+04	
      2313.134	     7.61623e+04	
      2313.322	     7.62179e+04	
      2313.697	     7.63288e+04	
      2314.449	     7.65512e+04	
      2315.951	     7.69976e+04	
      2318.955	     7.78955e+04	
      2324.964	     7.97138e+04	
      2336.980	     8.35032e+04	
      2348.996	     8.74978e+04	
      2359.673	     9.11693e+04	
      2361.014	     9.16390e+04	
      2362.354	     9.21253e+04	
      2365.036	     9.31077e+04	
      2370.399	     9.51001e+04	
      2381.125	     9.92052e+04	
      2391.852	     1.03462e+05	
      2395.881	     1.05178e+05	
      2402.577	     1.08098e+05	
      2409.274	     1.11097e+05	
      2415.970	     1.14198e+05	
      2422.667	     1.17411e+05	
      2429.363	     1.20903e+05	
      2436.060	     1.24527e+05	
      2442.710	     1.28276e+05	
      2449.452	     1.32208e+05	
      2451.595	     1.33489e+05	
      2456.194	     1.36288e+05	
      2460.793	     1.39440e+05	
      2465.392	     1.42686e+05	
      2474.590	     1.49480e+05	
      2483.788	     1.56786e+05	
      2492.986	     1.64666e+05	
      2494.354	     1.65896e+05	
      2502.184	     1.73128e+05	
      2510.013	     1.80686e+05	
      2517.842	     1.88195e+05	
      2521.757	     1.91713e+05	
      2525.671	     1.95438e+05	
      2529.586	     1.99538e+05	
      2533.500	     2.03710e+05	
      2537.415	     2.08001e+05	
      2541.329	     2.12411e+05	
      2545.244	     2.16882e+05	
      2549.159	     2.21411e+05	
      2553.074	     2.25995e+05	
      2554.743	     2.27967e+05	
      2556.988	     2.30622e+05	
      2559.232	     2.33297e+05	
      2563.721	     2.39155e+05	
      2568.210	     2.45133e+05	
      2577.188	     2.57491e+05	
      2586.166	     2.70616e+05	
      2595.144	     2.84262e+05	
      2604.122	     2.98403e+05	
      2613.100	     3.13031e+05	
      2622.077	     3.28278e+05	
      2631.055	     3.44080e+05	
      2640.033	     3.60344e+05	
      2640.352	     3.60931e+05	
      2649.011	     3.77073e+05	
      2653.340	     3.85301e+05	
      2657.670	     3.93620e+05	
      2662.000	     4.00864e+05	
      2666.329	     4.08153e+05	
      2670.659	     4.15488e+05	
      2674.988	     4.22865e+05	
      2679.318	     4.30285e+05	
      2687.977	     4.45252e+05	
      2705.295	     4.75851e+05	
      2722.612	     5.07345e+05	
      2723.751	     5.09438e+05	
      2739.930	     5.39481e+05	
      2756.108	     5.70089e+05	
      2772.286	     6.02771e+05	
      2788.465	     6.36292e+05	
      2804.644	     6.70686e+05	
      2820.823	     7.06173e+05	
      2837.001	     7.42635e+05	
      2851.813	     7.76793e+05	
      2853.180	     7.79982e+05	
      2854.546	     7.83180e+05	
      2857.280	     7.90114e+05	
      2862.746	     8.04072e+05	
      2873.680	     8.32384e+05	
      2895.546	     8.90670e+05	
      2917.413	     9.51189e+05	
      2925.576	     9.74365e+05	
      2939.280	     1.01396e+06	
      2952.983	     1.05448e+06	
      2980.390	     1.13396e+06	
      3007.798	     1.21729e+06	
      3018.989	     1.25228e+06	
      3035.205	     1.30388e+06	
      3043.313	     1.33009e+06	
      3051.421	     1.35654e+06	
      3059.529	     1.38674e+06	
      3067.637	     1.41732e+06	
      3075.745	     1.44827e+06	
      3083.853	     1.47960e+06	
      3100.068	     1.54334e+06	
      3115.144	     1.60389e+06	
      3132.500	     1.67519e+06	
      3141.179	     1.71150e+06	
      3149.857	     1.74824e+06	
      3158.535	     1.78941e+06	
      3167.214	     1.83138e+06	
      3175.891	     1.87386e+06	
      3184.570	     1.91685e+06	
      3201.927	     2.00434e+06	
      3224.986	     2.12362e+06	
      3236.640	     2.18521e+06	
      3242.467	     2.21631e+06	
      3248.294	     2.24764e+06	
      3254.122	     2.27078e+06	
      3259.948	     2.29401e+06	
      3265.776	     2.31731e+06	
      3266.398	     2.31981e+06	
      3271.602	     2.34070e+06	
      3283.256	     2.38770e+06	
      3306.564	     2.48259e+06	
      3346.730	     2.64869e+06	
      3386.896	     2.82132e+06	
      3408.955	     2.91731e+06	
      3419.154	     2.96196e+06	
      3427.061	     2.99668e+06	
      3445.167	     3.07649e+06	
      3481.379	     3.23571e+06	
      3495.922	     3.30005e+06	
      3543.602	     3.51211e+06	
      3591.283	     3.72492e+06	
      3635.884	     3.92429e+06	
      3638.963	     3.93808e+06	
      3642.042	     3.95212e+06	
      3643.122	     3.95702e+06	
      3645.121	     3.96610e+06	
      3645.281	     3.96683e+06	
      3647.121	     3.97521e+06	
      3648.960	     3.98357e+06	
      3651.320	     3.99428e+06	
      3652.639	     4.00028e+06	
      3653.959	     4.00625e+06	
      3654.239	     4.00754e+06	
      3656.598	     4.01822e+06	
      3658.958	     4.02890e+06	
      3663.397	     4.04898e+06	
      3663.676	     4.05024e+06	
      3663.956	     4.05152e+06	
      3664.516	     4.05404e+06	
      3665.636	     4.05906e+06	
      3666.796	     4.06431e+06	
      3667.875	     4.06918e+06	
      3668.275	     4.07097e+06	
      3668.955	     4.07402e+06	
      3671.115	     4.08372e+06	
      3673.954	     4.09651e+06	
      3675.202	     4.10210e+06	
      3678.952	     4.11891e+06	
      3682.583	     4.13518e+06	
      3682.703	     4.13572e+06	
      3682.822	     4.13625e+06	
      3683.062	     4.13732e+06	
      3683.178	     4.13785e+06	
      3683.542	     4.13949e+06	
      3684.502	     4.14376e+06	
      3684.819	     4.14517e+06	
      3685.826	     4.14967e+06	
      3686.832	     4.15419e+06	
      3688.742	     4.16270e+06	
      3688.846	     4.16318e+06	
      3688.939	     4.16358e+06	
      3688.950	     4.16362e+06	
      3689.158	     4.16456e+06	
      3689.377	     4.16553e+06	
      3689.730	     4.16710e+06	
      3689.815	     4.16748e+06	
      3689.900	     4.16786e+06	
      3690.070	     4.16861e+06	
      3690.410	     4.17015e+06	
      3690.624	     4.17109e+06	
      3691.089	     4.17317e+06	
      3691.469	     4.17486e+06	
      3691.554	     4.17524e+06	
      3691.700	     4.17590e+06	
      3692.484	     4.17939e+06	
      3693.499	     4.18391e+06	
      3694.397	     4.18790e+06	
      3695.297	     4.19189e+06	
      3695.808	     4.19418e+06	
      3696.197	     4.19591e+06	
      3696.525	     4.19736e+06	
      3696.586	     4.19764e+06	
      3696.647	     4.19789e+06	
      3696.666	     4.19798e+06	
      3696.759	     4.19839e+06	
      3696.769	     4.19846e+06	
      3696.872	     4.19890e+06	
      3696.929	     4.19915e+06	
      3696.985	     4.19940e+06	
      3697.041	     4.19965e+06	
      3697.097	     4.19990e+06	
      3697.153	     4.20015e+06	
      3697.209	     4.20040e+06	
      3697.265	     4.20065e+06	
      3697.322	     4.20091e+06	
      3697.347	     4.20100e+06	
      3697.405	     4.20128e+06	
      3697.434	     4.20141e+06	
      3697.463	     4.20153e+06	
      3697.499	     4.20169e+06	
      3697.529	     4.20182e+06	
      3697.579	     4.20204e+06	
      3697.659	     4.20241e+06	
      3697.819	     4.20311e+06	
      3698.109	     4.20439e+06	
      3698.429	     4.20584e+06	
      3698.688	     4.20697e+06	
      3698.886	     4.20785e+06	
      3698.947	     4.20813e+06	
      3699.008	     4.20838e+06	
      3699.130	     4.20895e+06	
      3699.374	     4.21002e+06	
      3699.533	     4.21074e+06	
      3699.862	     4.21218e+06	
      3699.879	     4.21225e+06	
      3700.191	     4.21363e+06	
      3700.198	     4.21366e+06	
      3700.503	     4.21504e+06	
      3700.808	     4.21639e+06	
      3700.842	     4.21652e+06	
      3701.092	     4.21765e+06	
      3701.418	     4.21910e+06	
      3701.994	     4.22164e+06	
      3702.444	     4.22365e+06	
      3702.895	     4.22563e+06	
      3703.121	     4.22664e+06	
      3703.346	     4.22764e+06	
      3703.458	     4.22814e+06	
      3703.571	     4.22862e+06	
      3703.628	     4.22887e+06	
      3703.684	     4.22912e+06	
      3703.740	     4.22937e+06	
      3703.797	     4.22962e+06	
      3703.853	     4.22987e+06	
      3703.909	     4.23012e+06	
      3703.966	     4.23037e+06	
      3704.022	     4.23063e+06	
      3704.085	     4.23091e+06	
      3704.134	     4.23113e+06	
      3704.185	     4.23135e+06	
      3704.210	     4.23147e+06	
      3704.222	     4.23151e+06	
      3704.285	     4.23179e+06	
      3704.314	     4.23191e+06	
      3704.360	     4.23213e+06	
      3704.406	     4.23232e+06	
      3704.491	     4.23270e+06	
      3704.567	     4.23304e+06	
      3704.590	     4.23314e+06	
      3704.689	     4.23358e+06	
      3704.811	     4.23411e+06	
      3705.055	     4.23521e+06	
      3705.373	     4.23659e+06	
      3705.543	     4.23735e+06	
      3705.713	     4.23810e+06	
      3706.052	     4.23961e+06	
      3706.073	     4.23970e+06	
      3706.732	     4.24263e+06	
      3707.267	     4.24498e+06	
      3707.391	     4.24552e+06	
      3707.515	     4.24608e+06	
      3707.614	     4.24652e+06	
      3707.763	     4.24718e+06	
      3707.912	     4.24784e+06	
      3708.118	     4.24875e+06	
      3708.210	     4.24916e+06	
      3708.302	     4.24957e+06	
      3708.486	     4.25039e+06	
      3708.763	     4.25158e+06	
      3708.854	     4.25199e+06	
      3708.873	     4.25208e+06	
      3708.945	     4.25240e+06	
      3709.127	     4.25321e+06	
      3709.206	     4.25356e+06	
      3709.491	     4.25482e+06	
      3710.108	     4.25755e+06	
      3710.902	     4.26104e+06	
      3711.011	     4.26151e+06	
      3711.120	     4.26201e+06	
      3711.213	     4.26242e+06	
      3711.323	     4.26289e+06	
      3711.338	     4.26295e+06	
      3711.463	     4.26352e+06	
      3711.517	     4.26377e+06	
      3711.576	     4.26402e+06	
      3711.603	     4.26415e+06	
      3711.689	     4.26452e+06	
      3711.746	     4.26477e+06	
      3711.802	     4.26499e+06	
      3711.858	     4.26525e+06	
      3711.915	     4.26550e+06	
      3711.971	     4.26575e+06	
      3712.027	     4.26600e+06	
      3712.084	     4.26625e+06	
      3712.140	     4.26650e+06	
      3712.203	     4.26679e+06	
      3712.252	     4.26701e+06	
      3712.303	     4.26723e+06	
      3712.327	     4.26732e+06	
      3712.331	     4.26735e+06	
      3712.403	     4.26767e+06	
      3712.479	     4.26801e+06	
      3712.631	     4.26867e+06	
      3712.931	     4.26999e+06	
      3713.228	     4.27131e+06	
      3713.531	     4.27263e+06	
      3713.833	     4.27398e+06	
      3714.242	     4.27577e+06	
      3714.420	     4.27656e+06	
      3714.439	     4.27665e+06	
      3714.636	     4.27750e+06	
      3715.030	     4.27926e+06	
      3715.640	     4.28193e+06	
      3716.765	     4.28689e+06	
      3716.790	     4.28699e+06	
      3716.860	     4.28730e+06	
      3716.955	     4.28771e+06	
      3717.145	     4.28856e+06	
      3717.524	     4.29022e+06	
      3718.189	     4.29314e+06	
      3718.259	     4.29346e+06	
      3718.329	     4.29377e+06	
      3718.469	     4.29437e+06	
      3718.556	     4.29475e+06	
      3718.631	     4.29509e+06	
      3718.734	     4.29553e+06	
      3718.749	     4.29559e+06	
      3718.942	     4.29644e+06	
      3719.253	     4.29782e+06	
      3719.474	     4.29880e+06	
      3719.772	     4.30012e+06	
      3720.070	     4.30141e+06	
      3720.356	     4.30254e+06	
      3720.523	     4.30320e+06	
      3720.666	     4.30376e+06	
      3720.976	     4.30499e+06	
      3721.202	     4.30580e+06	
      3721.428	     4.30665e+06	
      3721.542	     4.30706e+06	
      3721.655	     4.30747e+06	
      3721.711	     4.30769e+06	
      3721.768	     4.30791e+06	
      3721.825	     4.30810e+06	
      3721.881	     4.30832e+06	
      3721.938	     4.30854e+06	
      3721.995	     4.30873e+06	
      3722.051	     4.30895e+06	
      3722.108	     4.30917e+06	
      3722.221	     4.30957e+06	
      3722.398	     4.31023e+06	
      3722.447	     4.31042e+06	
      3722.498	     4.31061e+06	
      3722.598	     4.31096e+06	
      3722.695	     4.31133e+06	
      3722.798	     4.31171e+06	
      3722.901	     4.31209e+06	
      3723.107	     4.31284e+06	
      3723.231	     4.31331e+06	
      3723.519	     4.31438e+06	
      3723.807	     4.31545e+06	
      3724.383	     4.31755e+06	
      3725.451	     4.32151e+06	
      3725.534	     4.32183e+06	
      3725.617	     4.32211e+06	
      3725.751	     4.32261e+06	
      3725.783	     4.32274e+06	
      3725.916	     4.32321e+06	
      3725.931	     4.32327e+06	
      3726.115	     4.32396e+06	
      3726.479	     4.32531e+06	
      3727.042	     4.32739e+06	
      3727.366	     4.32858e+06	
      3728.153	     4.33147e+06	
      3728.639	     4.33326e+06	
      3728.940	     4.33436e+06	
      3729.009	     4.33461e+06	
      3729.240	     4.33549e+06	
      3729.842	     4.33769e+06	
      3730.676	     4.34077e+06	
      3732.194	     4.34636e+06	
      3732.344	     4.34690e+06	
      3732.494	     4.34746e+06	
      3732.794	     4.34856e+06	
      3733.352	     4.35060e+06	
      3733.384	     4.35073e+06	
      3733.393	     4.35076e+06	
      3733.402	     4.35079e+06	
      3733.452	     4.35098e+06	
      3733.552	     4.35136e+06	
      3733.648	     4.35170e+06	
      3733.752	     4.35208e+06	
      3733.856	     4.35246e+06	
      3734.004	     4.35299e+06	
      3734.044	     4.35315e+06	
      3734.064	     4.35321e+06	
      3734.084	     4.35330e+06	
      3734.131	     4.35346e+06	
      3734.140	     4.35349e+06	
      3734.164	     4.35359e+06	
      3734.197	     4.35371e+06	
      3734.254	     4.35390e+06	
      3734.311	     4.35412e+06	
      3734.368	     4.35434e+06	
      3734.425	     4.35453e+06	
      3734.482	     4.35475e+06	
      3734.539	     4.35497e+06	
      3734.652	     4.35538e+06	
      3734.829	     4.35604e+06	
      3734.878	     4.35623e+06	
      3734.929	     4.35642e+06	
      3735.029	     4.35676e+06	
      3735.124	     4.35711e+06	
      3735.173	     4.35729e+06	
      3735.229	     4.35751e+06	
      3735.334	     4.35789e+06	
      3735.391	     4.35811e+06	
      3735.495	     4.35849e+06	
      3735.817	     4.35968e+06	
      3736.000	     4.36034e+06	
      3736.243	     4.36122e+06	
      3736.486	     4.36213e+06	
      3736.971	     4.36389e+06	
      3737.826	     4.36703e+06	
      3737.943	     4.36747e+06	
      3738.060	     4.36791e+06	
      3738.294	     4.36876e+06	
      3738.587	     4.36983e+06	
      3738.762	     4.37049e+06	
      3738.937	     4.37112e+06	
      3739.287	     4.37241e+06	
      3739.498	     4.37316e+06	
      3739.987	     4.37495e+06	
      3740.476	     4.37674e+06	
      3741.212	     4.37944e+06	
      3741.453	     4.38032e+06	
      3741.694	     4.38123e+06	
      3742.092	     4.38268e+06	
      3742.176	     4.38299e+06	
      3742.260	     4.38331e+06	
      3742.428	     4.38390e+06	
      3742.671	     4.38478e+06	
      3742.733	     4.38504e+06	
      3742.764	     4.38513e+06	
      3742.795	     4.38525e+06	
      3742.864	     4.38551e+06	
      3742.919	     4.38569e+06	
      3743.167	     4.38661e+06	
      3743.663	     4.38843e+06	
      3744.620	     4.39192e+06	
      3744.654	     4.39204e+06	
      3746.445	     4.39861e+06	
      3747.605	     4.40282e+06	
      3748.269	     4.40527e+06	
      3748.844	     4.40734e+06	
      3748.904	     4.40756e+06	
      3748.934	     4.40769e+06	
      3748.964	     4.40778e+06	
      3748.986	     4.40787e+06	
      3749.084	     4.40822e+06	
      3749.118	     4.40835e+06	
      3749.182	     4.40860e+06	
      3749.378	     4.40929e+06	
      3749.409	     4.40941e+06	
      3749.638	     4.41023e+06	
      3749.753	     4.41067e+06	
      3749.867	     4.41108e+06	
      3749.924	     4.41127e+06	
      3749.981	     4.41149e+06	
      3750.038	     4.41168e+06	
      3750.095	     4.41190e+06	
      3750.152	     4.41208e+06	
      3750.209	     4.41230e+06	
      3750.266	     4.41252e+06	
      3750.323	     4.41274e+06	
      3750.437	     4.41315e+06	
      3750.616	     4.41381e+06	
      3750.665	     4.41400e+06	
      3750.716	     4.41419e+06	
      3750.816	     4.41453e+06	
      3750.910	     4.41488e+06	
      3751.016	     4.41526e+06	
      3751.122	     4.41567e+06	
      3751.334	     4.41642e+06	
      3751.481	     4.41695e+06	
      3751.758	     4.41796e+06	
      3752.035	     4.41900e+06	
      3752.588	     4.42101e+06	
      3753.533	     4.42443e+06	
      3753.696	     4.42503e+06	
      3753.782	     4.42534e+06	
      3753.859	     4.42562e+06	
      3754.185	     4.42682e+06	
      3754.274	     4.42713e+06	
      3754.837	     4.42917e+06	
      3755.892	     4.43301e+06	
      3756.086	     4.43373e+06	
      3757.473	     4.43876e+06	
      3757.509	     4.43888e+06	
      3757.548	     4.43904e+06	
      3758.932	     4.44407e+06	
      3760.390	     4.44934e+06	
      3761.656	     4.45393e+06	
      3762.717	     4.45779e+06	
      3763.233	     4.45965e+06	
      3764.809	     4.46540e+06	
      3765.066	     4.46634e+06	
      3766.902	     4.47300e+06	
      3768.545	     4.47897e+06	
      3768.737	     4.47969e+06	
      3768.929	     4.48038e+06	
      3768.971	     4.48054e+06	
      3769.196	     4.48136e+06	
      3769.313	     4.48176e+06	
      3769.655	     4.48299e+06	
      3769.885	     4.48384e+06	
      3770.114	     4.48465e+06	
      3770.228	     4.48506e+06	
      3770.343	     4.48547e+06	
      3770.401	     4.48569e+06	
      3770.458	     4.48588e+06	
      3770.515	     4.48607e+06	
      3770.573	     4.48629e+06	
      3770.630	     4.48648e+06	
      3770.687	     4.48670e+06	
      3770.745	     4.48692e+06	
      3770.802	     4.48714e+06	
      3770.867	     4.48739e+06	
      3770.916	     4.48755e+06	
      3770.967	     4.48773e+06	
      3770.988	     4.48783e+06	
      3771.003	     4.48789e+06	
      3771.067	     4.48811e+06	
      3771.146	     4.48839e+06	
      3771.304	     4.48899e+06	
      3771.604	     4.49009e+06	
      3771.890	     4.49113e+06	
      3771.951	     4.49135e+06	
      3772.206	     4.49226e+06	
      3772.522	     4.49342e+06	
      3773.154	     4.49568e+06	
      3774.357	     4.50005e+06	
      3775.497	     4.50416e+06	
      3776.762	     4.50875e+06	
      3777.127	     4.51007e+06	
      3778.027	     4.51331e+06	
      3778.399	     4.51466e+06	
      3778.927	     4.51657e+06	
      3780.726	     4.52305e+06	
      3781.844	     4.52710e+06	
      3783.053	     4.53143e+06	
      3783.159	     4.53184e+06	
      3784.263	     4.53580e+06	
      3785.367	     4.53976e+06	
      3786.225	     4.54284e+06	
      3787.401	     4.54708e+06	
      3787.574	     4.54771e+06	
      3788.924	     4.55254e+06	
      3790.447	     4.55798e+06	
      3792.841	     4.56656e+06	
      3793.492	     4.56888e+06	
      3794.143	     4.57121e+06	
      3794.897	     4.57391e+06	
      3795.066	     4.57450e+06	
      3795.444	     4.57586e+06	
      3795.991	     4.57780e+06	
      3796.454	     4.57947e+06	
      3796.916	     4.58110e+06	
      3797.147	     4.58192e+06	
      3797.378	     4.58274e+06	
      3797.494	     4.58314e+06	
      3797.609	     4.58352e+06	
      3797.666	     4.58371e+06	
      3797.724	     4.58390e+06	
      3797.782	     4.58409e+06	
      3797.840	     4.58427e+06	
      3797.898	     4.58446e+06	
      3797.956	     4.58468e+06	
      3798.014	     4.58490e+06	
      3798.072	     4.58515e+06	
      3798.187	     4.58559e+06	
      3798.367	     4.58625e+06	
      3798.416	     4.58644e+06	
      3798.467	     4.58660e+06	
      3798.567	     4.58698e+06	
      3798.655	     4.58729e+06	
      3798.753	     4.58764e+06	
      3798.767	     4.58770e+06	
      3798.837	     4.58795e+06	
      3798.879	     4.58811e+06	
      3798.921	     4.58823e+06	
      3799.046	     4.58870e+06	
      3799.089	     4.58886e+06	
      3799.425	     4.59006e+06	
      3799.471	     4.59021e+06	
      3799.804	     4.59141e+06	
      3800.562	     4.59411e+06	
      3801.653	     4.59797e+06	
      3802.319	     4.60036e+06	
      3803.834	     4.60573e+06	
      3805.349	     4.61110e+06	
      3807.837	     4.61993e+06	
      3808.378	     4.62185e+06	
      3808.919	     4.62376e+06	
      3810.000	     4.62760e+06	
      3811.586	     4.63319e+06	
      3812.164	     4.63523e+06	
      3812.742	     4.63727e+06	
      3813.897	     4.64136e+06	
      3815.777	     4.64799e+06	
      3816.093	     4.64909e+06	
      3816.209	     4.64949e+06	
      3816.641	     4.65103e+06	
      3817.439	     4.65389e+06	
      3817.504	     4.65414e+06	
      3818.916	     4.65923e+06	
      3820.393	     4.66467e+06	
      3822.566	     4.67262e+06	
      3823.346	     4.67548e+06	
      3823.512	     4.67607e+06	
      3824.126	     4.67833e+06	
      3825.685	     4.68402e+06	
      3826.804	     4.68810e+06	
      3827.859	     4.69194e+06	
      3828.914	     4.69580e+06	
      3830.454	     4.70139e+06	
      3831.023	     4.70347e+06	
      3831.592	     4.70554e+06	
      3832.001	     4.70702e+06	
      3832.525	     4.70890e+06	
      3832.730	     4.70966e+06	
      3833.458	     4.71229e+06	
      3833.925	     4.71396e+06	
      3834.392	     4.71566e+06	
      3834.626	     4.71647e+06	
      3834.859	     4.71729e+06	
      3834.975	     4.71770e+06	
      3835.092	     4.71811e+06	
      3835.151	     4.71830e+06	
      3835.209	     4.71845e+06	
      3835.267	     4.71864e+06	
      3835.326	     4.71880e+06	
      3835.384	     4.71899e+06	
      3835.442	     4.71921e+06	
      3835.501	     4.71949e+06	
      3835.559	     4.71974e+06	
      3835.626	     4.72002e+06	
      3835.675	     4.72021e+06	
      3835.726	     4.72040e+06	
      3835.743	     4.72046e+06	
      3835.774	     4.72059e+06	
      3835.826	     4.72078e+06	
      3835.909	     4.72109e+06	
      3836.075	     4.72172e+06	
      3836.376	     4.72285e+06	
      3836.646	     4.72382e+06	
      3836.977	     4.72505e+06	
      3837.029	     4.72524e+06	
      3837.308	     4.72624e+06	
      3837.970	     4.72863e+06	
      3838.647	     4.73111e+06	
      3838.911	     4.73206e+06	
      3839.175	     4.73300e+06	
      3839.703	     4.73491e+06	
      3840.758	     4.73872e+06	
      3842.753	     4.74591e+06	
      3842.831	     4.74619e+06	
      3842.870	     4.74632e+06	
      3842.909	     4.74648e+06	
      3843.065	     4.74704e+06	
      3843.377	     4.74814e+06	
      3844.001	     4.75040e+06	
      3844.588	     4.75251e+06	
      3845.248	     4.75489e+06	
      3845.547	     4.75596e+06	
      3845.908	     4.75725e+06	
      3847.228	     4.76199e+06	
      3847.442	     4.76278e+06	
      3848.908	     4.76806e+06	
      3850.375	     4.77330e+06	
      3851.976	     4.77902e+06	
      3853.308	     4.78380e+06	
      3854.640	     4.78857e+06	
      3855.701	     4.79234e+06	
      3857.303	     4.79806e+06	
      3858.906	     4.80378e+06	
      3862.006	     4.81477e+06	
      3862.111	     4.81515e+06	
      3862.216	     4.81553e+06	
      3862.426	     4.81628e+06	
      3862.846	     4.81776e+06	
      3863.685	     4.82074e+06	
      3865.170	     4.82602e+06	
      3865.365	     4.82671e+06	
      3865.560	     4.82740e+06	
      3865.950	     4.82875e+06	
      3866.730	     4.83152e+06	
      3867.675	     4.83488e+06	
      3868.289	     4.83705e+06	
      3868.903	     4.83922e+06	
      3870.131	     4.84352e+06	
      3871.324	     4.84773e+06	
      3872.586	     4.85219e+06	
      3873.848	     4.85662e+06	
      3876.324	     4.86532e+06	
      3876.368	     4.86548e+06	
      3876.371	     4.86548e+06	
      3876.374	     4.86548e+06	
      3876.424	     4.86567e+06	
      3876.524	     4.86601e+06	
      3876.724	     4.86670e+06	
      3876.947	     4.86749e+06	
      3877.124	     4.86812e+06	
      3877.924	     4.87091e+06	
      3878.900	     4.87434e+06	
      3880.290	     4.87921e+06	
      3880.854	     4.88116e+06	
      3881.418	     4.88313e+06	
      3882.546	     4.88706e+06	
      3884.398	     4.89350e+06	
      3884.801	     4.89492e+06	
      3884.923	     4.89532e+06	
      3885.204	     4.89630e+06	
      3886.010	     4.89909e+06	
      3886.151	     4.89957e+06	
      3887.096	     4.90283e+06	
      3887.568	     4.90443e+06	
      3888.042	     4.90604e+06	
      3888.280	     4.90682e+06	
      3888.516	     4.90761e+06	
      3888.633	     4.90798e+06	
      3888.752	     4.90833e+06	
      3888.844	     4.90858e+06	
      3888.866	     4.90861e+06	
      3888.871	     4.90864e+06	
      3888.898	     4.90868e+06	
      3888.930	     4.90874e+06	
      3888.989	     4.90886e+06	
      3889.048	     4.90902e+06	
      3889.107	     4.90927e+06	
      3889.166	     4.90959e+06	
      3889.225	     4.90987e+06	
      3889.294	     4.91018e+06	
      3889.343	     4.91037e+06	
      3889.394	     4.91059e+06	
      3889.408	     4.91062e+06	
      3889.450	     4.91081e+06	
      3889.494	     4.91097e+06	
      3889.580	     4.91128e+06	
      3889.752	     4.91194e+06	
      3890.054	     4.91304e+06	
      3890.315	     4.91395e+06	
      3890.474	     4.91452e+06	
      3890.657	     4.91518e+06	
      3890.999	     4.91637e+06	
      3891.683	     4.91879e+06	
      3892.892	     4.92300e+06	
      3893.942	     4.92665e+06	
      3894.458	     4.92844e+06	
      3895.309	     4.93139e+06	
      3896.219	     4.93453e+06	
      3896.677	     4.93610e+06	
      3898.895	     4.94377e+06	
      3899.603	     4.94619e+06	
      3901.572	     4.95297e+06	
      3903.894	     4.96095e+06	
      3904.248	     4.96215e+06	
      3908.893	     4.97804e+06	
      3913.891	     4.99507e+06	
      3918.890	     5.01342e+06	
      3923.889	     5.03189e+06	
      3928.216	     5.04782e+06	
      3928.353	     5.04832e+06	
      3928.887	     5.05027e+06	
      3929.559	     5.05275e+06	
      3930.903	     5.05765e+06	
      3933.453	     5.06698e+06	
      3935.810	     5.07556e+06	
      3937.347	     5.08118e+06	
      3938.885	     5.08674e+06	
      3940.036	     5.09092e+06	
      3941.960	     5.09789e+06	
      3943.883	     5.10484e+06	
      3946.579	     5.11454e+06	
      3947.730	     5.11869e+06	
      3948.882	     5.12281e+06	
      3950.653	     5.12915e+06	
      3951.015	     5.13044e+06	
      3951.186	     5.13107e+06	
      3951.718	     5.13295e+06	
      3952.784	     5.13676e+06	
      3954.554	     5.14307e+06	
      3957.306	     5.15284e+06	
      3958.093	     5.15560e+06	
      3958.624	     5.15749e+06	
      3958.880	     5.15840e+06	
      3960.453	     5.16396e+06	
      3962.283	     5.17037e+06	
      3965.737	     5.18243e+06	
      3965.942	     5.18316e+06	
      3966.147	     5.18388e+06	
      3966.557	     5.18529e+06	
      3966.675	     5.18570e+06	
      3967.279	     5.18777e+06	
      3967.376	     5.18809e+06	
      3968.078	     5.19051e+06	
      3968.709	     5.19261e+06	
      3968.877	     5.19318e+06	
      3969.045	     5.19371e+06	
      3969.234	     5.19431e+06	
      3969.287	     5.19450e+06	
      3969.381	     5.19478e+06	
      3969.528	     5.19522e+06	
      3969.648	     5.19557e+06	
      3969.769	     5.19585e+06	
      3969.830	     5.19597e+06	
      3969.890	     5.19607e+06	
      3969.950	     5.19610e+06	
      3970.011	     5.19616e+06	
      3970.071	     5.19629e+06	
      3970.131	     5.19657e+06	
      3970.192	     5.19695e+06	
      3970.252	     5.19733e+06	
      3970.323	     5.19773e+06	
      3970.372	     5.19798e+06	
      3970.423	     5.19820e+06	
      3970.432	     5.19824e+06	
      3970.495	     5.19852e+06	
      3970.523	     5.19864e+06	
      3970.613	     5.19902e+06	
      3970.795	     5.19974e+06	
      3971.096	     5.20091e+06	
      3971.333	     5.20182e+06	
      3971.591	     5.20276e+06	
      3971.698	     5.20317e+06	
      3972.063	     5.20449e+06	
      3972.793	     5.20713e+06	
      3973.995	     5.21143e+06	
      3974.936	     5.21476e+06	
      3976.398	     5.21994e+06	
      3976.845	     5.22152e+06	
      3977.860	     5.22510e+06	
      3978.874	     5.22865e+06	
      3979.577	     5.23110e+06	
      3980.904	     5.23575e+06	
      3982.230	     5.24037e+06	
      3984.180	     5.24715e+06	
      3984.884	     5.24960e+06	
      3985.119	     5.25042e+06	
      3985.588	     5.25205e+06	
      3986.995	     5.25692e+06	
      3988.872	     5.26339e+06	
      3991.379	     5.27203e+06	
      3992.625	     5.27630e+06	
      3993.854	     5.28051e+06	
      3993.870	     5.28058e+06	
      3996.362	     5.28909e+06	
      3998.869	     5.29764e+06	
      4003.868	     5.31457e+06	
      4008.866	     5.33141e+06	
      4013.865	     5.34840e+06	
      4018.864	     5.36568e+06	
      4023.863	     5.38287e+06	
      4025.341	     5.38789e+06	
      4028.861	     5.39990e+06	
      4032.381	     5.41183e+06	
      4032.946	     5.41375e+06	
      4033.860	     5.41683e+06	
      4035.902	     5.42371e+06	
      4038.859	     5.43364e+06	
      4043.857	     5.45032e+06	
      4048.856	     5.46687e+06	
      4053.855	     5.48330e+06	
      4058.853	     5.49958e+06	
      4063.852	     5.51573e+06	
      4068.851	     5.53168e+06	
      4073.849	     5.54752e+06	
      4075.421	     5.55242e+06	
      4078.848	     5.56310e+06	
      4082.275	     5.57369e+06	
      4082.559	     5.57454e+06	
      4084.004	     5.57897e+06	
      4085.702	     5.58412e+06	
      4088.845	     5.59357e+06	
      4089.695	     5.59609e+06	
      4093.687	     5.60787e+06	
      4096.515	     5.61607e+06	
      4097.679	     5.61940e+06	
      4098.010	     5.62034e+06	
      4098.678	     5.62223e+06	
      4098.843	     5.62267e+06	
      4099.676	     5.62496e+06	
      4100.174	     5.62628e+06	
      4100.673	     5.62753e+06	
      4100.922	     5.62813e+06	
      4101.172	     5.62860e+06	
      4101.297	     5.62879e+06	
      4101.422	     5.62892e+06	
      4101.485	     5.62892e+06	
      4101.547	     5.62882e+06	
      4101.609	     5.62863e+06	
      4101.672	     5.62845e+06	
      4101.734	     5.62841e+06	
      4101.797	     5.62882e+06	
      4101.859	     5.62939e+06	
      4101.922	     5.62999e+06	
      4102.047	     5.63083e+06	
      4102.296	     5.63206e+06	
      4102.745	     5.63388e+06	
      4102.794	     5.63407e+06	
      4102.845	     5.63426e+06	
      4102.945	     5.63460e+06	
      4103.145	     5.63533e+06	
      4103.296	     5.63589e+06	
      4103.545	     5.63674e+06	
      4103.794	     5.63762e+06	
      4104.291	     5.63932e+06	
      4104.785	     5.64098e+06	
      4105.287	     5.64265e+06	
      4105.789	     5.64431e+06	
      4106.793	     5.64761e+06	
      4108.680	     5.65377e+06	
      4108.760	     5.65402e+06	
      4108.800	     5.65414e+06	
      4108.840	     5.65427e+06	
      4108.859	     5.65433e+06	
      4109.000	     5.65484e+06	
      4109.320	     5.65593e+06	
      4109.781	     5.65754e+06	
      4110.703	     5.66071e+06	
      4111.319	     5.66281e+06	
      4112.546	     5.66702e+06	
      4113.774	     5.67120e+06	
      4114.693	     5.67431e+06	
      4116.229	     5.67950e+06	
      4116.694	     5.68107e+06	
      4117.766	     5.68465e+06	
      4118.126	     5.68587e+06	
      4118.838	     5.68823e+06	
      4120.981	     5.69533e+06	
      4123.836	     5.70472e+06	
      4126.144	     5.71226e+06	
      4128.835	     5.72097e+06	
      4129.605	     5.72345e+06	
      4131.526	     5.72964e+06	
      4133.834	     5.73699e+06	
      4134.219	     5.73821e+06	
      4138.832	     5.75282e+06	
      4143.831	     5.76847e+06	
      4148.830	     5.78392e+06	
      4153.828	     5.79922e+06	
      4158.827	     5.81440e+06	
      4163.826	     5.82938e+06	
      4168.824	     5.84424e+06	
      4173.823	     5.85894e+06	
      4178.822	     5.87352e+06	
      4183.820	     5.88794e+06	
      4188.819	     5.90224e+06	
      4193.818	     5.91640e+06	
      4198.817	     5.93042e+06	
      4203.815	     5.94430e+06	
      4208.814	     5.95825e+06	
      4213.813	     5.97226e+06	
      4216.525	     5.97977e+06	
      4217.242	     5.98175e+06	
      4218.811	     5.98612e+06	
      4221.098	     5.99240e+06	
      4223.810	     5.99981e+06	
      4224.954	     6.00292e+06	
      4228.809	     6.01335e+06	
      4233.807	     6.02677e+06	
      4238.806	     6.03999e+06	
      4243.805	     6.05310e+06	
      4248.803	     6.06604e+06	
      4253.802	     6.07886e+06	
      4258.801	     6.09145e+06	
      4263.799	     6.10393e+06	
      4268.798	     6.11621e+06	
      4273.797	     6.12830e+06	
      4278.795	     6.14021e+06	
      4283.794	     6.15190e+06	
      4288.793	     6.16336e+06	
      4293.791	     6.17458e+06	
      4298.790	     6.18548e+06	
      4303.789	     6.19597e+06	
      4308.788	     6.20568e+06	
      4313.786	     6.21486e+06	
      4314.073	     6.21536e+06	
      4318.785	     6.22337e+06	
      4320.854	     6.22667e+06	
      4323.497	     6.23069e+06	
      4326.139	     6.23440e+06	
      4326.475	     6.23487e+06	
      4328.782	     6.23785e+06	
      4330.233	     6.23964e+06	
      4331.090	     6.24068e+06	
      4331.149	     6.24074e+06	
      4331.946	     6.24165e+06	
      4333.660	     6.24360e+06	
      4334.060	     6.24404e+06	
      4336.171	     6.24630e+06	
      4337.786	     6.24794e+06	
      4338.220	     6.24831e+06	
      4338.283	     6.24838e+06	
      4338.780	     6.24875e+06	
      4338.812	     6.24878e+06	
      4339.339	     6.24904e+06	
      4339.602	     6.24904e+06	
      4339.867	     6.24882e+06	
      4340.001	     6.24856e+06	
      4340.132	     6.24813e+06	
      4340.197	     6.24775e+06	
      4340.263	     6.24715e+06	
      4340.329	     6.24621e+06	
      4340.395	     6.24536e+06	
      4340.461	     6.24498e+06	
      4340.527	     6.24561e+06	
      4340.593	     6.24674e+06	
      4340.659	     6.24794e+06	
      4340.791	     6.24948e+06	
      4341.005	     6.25098e+06	
      4341.055	     6.25127e+06	
      4341.105	     6.25152e+06	
      4341.205	     6.25202e+06	
      4341.227	     6.25211e+06	
      4341.238	     6.25218e+06	
      4341.405	     6.25290e+06	
      4341.583	     6.25362e+06	
      4341.939	     6.25494e+06	
      4342.640	     6.25730e+06	
      4343.330	     6.25947e+06	
      4343.570	     6.26022e+06	
      4344.041	     6.26170e+06	
      4344.752	     6.26386e+06	
      4346.174	     6.26817e+06	
      4348.578	     6.27533e+06	
      4348.777	     6.27593e+06	
      4348.976	     6.27653e+06	
      4349.374	     6.27769e+06	
      4350.170	     6.28001e+06	
      4350.322	     6.28045e+06	
      4351.761	     6.28460e+06	
      4353.201	     6.28868e+06	
      4354.734	     6.29296e+06	
      4356.077	     6.29660e+06	
      4356.080	     6.29660e+06	
      4357.426	     6.30021e+06	
      4358.774	     6.30373e+06	
      4359.170	     6.30477e+06	
      4361.472	     6.31033e+06	
      4363.773	     6.31601e+06	
      4367.980	     6.32597e+06	
      4368.376	     6.32688e+06	
      4368.524	     6.32723e+06	
      4368.772	     6.32780e+06	
      4369.563	     6.32962e+06	
      4371.147	     6.33320e+06	
      4373.770	     6.33901e+06	
      4378.769	     6.34976e+06	
      4383.768	     6.36009e+06	
      4388.766	     6.37014e+06	
      4393.765	     6.37991e+06	
      4398.764	     6.38947e+06	
      4403.762	     6.39704e+06	
      4408.761	     6.40379e+06	
      4413.760	     6.41042e+06	
      4418.758	     6.41692e+06	
      4423.757	     6.42336e+06	
      4428.756	     6.42968e+06	
      4433.754	     6.43593e+06	
      4438.753	     6.44212e+06	
      4443.752	     6.44821e+06	
      4448.751	     6.45425e+06	
      4453.749	     6.46018e+06	
      4458.748	     6.46609e+06	
      4463.747	     6.47190e+06	
      4468.745	     6.47765e+06	
      4473.744	     6.48337e+06	
      4478.743	     6.48899e+06	
      4483.741	     6.49455e+06	
      4488.740	     6.50005e+06	
      4493.739	     6.50552e+06	
      4498.737	     6.51205e+06	
      4503.736	     6.52135e+06	
      4508.735	     6.53046e+06	
      4513.733	     6.53945e+06	
      4514.118	     6.54014e+06	
      4518.732	     6.54824e+06	
      4523.346	     6.55625e+06	
      4527.190	     6.56282e+06	
      4527.960	     6.56411e+06	
      4528.729	     6.56543e+06	
      4530.269	     6.56800e+06	
      4532.968	     6.57249e+06	
      4533.288	     6.57303e+06	
      4533.348	     6.57312e+06	
      4533.728	     6.57375e+06	
      4534.488	     6.57501e+06	
      4536.007	     6.57752e+06	
      4538.727	     6.58198e+06	
      4543.725	     6.59002e+06	
      4548.724	     6.59794e+06	
      4553.723	     6.60570e+06	
      4558.721	     6.61334e+06	
      4563.720	     6.62081e+06	
      4568.719	     6.62816e+06	
      4573.717	     6.63536e+06	
      4578.716	     6.64246e+06	
      4583.715	     6.64940e+06	
      4588.713	     6.65622e+06	
      4593.712	     6.66288e+06	
      4596.529	     6.66605e+06	
      4596.984	     6.66655e+06	
      4598.711	     6.66847e+06	
      4600.892	     6.67083e+06	
      4603.709	     6.67384e+06	
      4604.800	     6.67500e+06	
      4608.708	     6.67912e+06	
      4613.707	     6.68427e+06	
      4618.705	     6.68936e+06	
      4623.704	     6.69439e+06	
      4628.703	     6.69929e+06	
      4633.701	     6.70413e+06	
      4638.700	     6.70887e+06	
      4643.699	     6.71355e+06	
      4648.697	     6.71811e+06	
      4653.696	     6.72260e+06	
      4658.695	     6.72703e+06	
      4663.694	     6.73136e+06	
      4668.692	     6.73561e+06	
      4673.691	     6.73975e+06	
      4678.690	     6.74384e+06	
      4683.688	     6.74783e+06	
      4688.687	     6.75172e+06	
      4693.686	     6.75540e+06	
      4698.684	     6.75876e+06	
      4703.683	     6.76203e+06	
      4708.682	     6.76523e+06	
      4713.680	     6.76837e+06	
      4715.603	     6.76954e+06	
      4718.679	     6.77139e+06	
      4720.984	     6.77277e+06	
      4721.755	     6.77324e+06	
      4723.678	     6.77437e+06	
      4724.830	     6.77503e+06	
      4728.676	     6.77723e+06	
      4733.675	     6.78003e+06	
      4738.674	     6.78273e+06	
      4743.672	     6.78531e+06	
      4748.671	     6.78779e+06	
      4753.670	     6.79018e+06	
      4758.668	     6.79244e+06	
      4763.667	     6.79457e+06	
      4768.666	     6.79652e+06	
      4773.664	     6.79834e+06	
      4778.663	     6.79998e+06	
      4783.662	     6.80139e+06	
      4788.660	     6.80258e+06	
      4793.659	     6.80337e+06	
      4798.658	     6.80381e+06	
      4803.656	     6.80384e+06	
      4808.655	     6.80337e+06	
      4813.654	     6.80224e+06	
      4818.652	     6.80032e+06	
      4823.651	     6.79737e+06	
      4828.650	     6.79313e+06	
      4833.648	     6.78719e+06	
      4834.972	     6.78527e+06	
      4838.647	     6.77912e+06	
      4839.161	     6.77817e+06	
      4842.322	     6.77164e+06	
      4845.483	     6.76391e+06	
      4845.503	     6.76385e+06	
      4847.054	     6.75961e+06	
      4848.644	     6.75499e+06	
      4851.785	     6.74516e+06	
      4854.393	     6.73649e+06	
      4856.517	     6.72932e+06	
      4858.401	     6.72288e+06	
      4858.642	     6.72203e+06	
      4858.664	     6.72194e+06	
      4858.883	     6.72115e+06	
      4859.364	     6.71930e+06	
      4859.473	     6.71883e+06	
      4860.065	     6.71607e+06	
      4860.361	     6.71427e+06	
      4860.657	     6.71186e+06	
      4860.805	     6.71016e+06	
      4860.953	     6.70780e+06	
      4861.027	     6.70604e+06	
      4861.101	     6.70353e+06	
      4861.175	     6.69998e+06	
      4861.248	     6.69643e+06	
      4861.322	     6.69461e+06	
      4861.396	     6.69649e+06	
      4861.470	     6.70014e+06	
      4861.543	     6.70369e+06	
      4861.641	     6.70689e+06	
      4861.687	     6.70796e+06	
      4861.689	     6.70799e+06	
      4861.691	     6.70805e+06	
      4861.695	     6.70812e+06	
      4861.741	     6.70900e+06	
      4861.841	     6.71057e+06	
      4861.979	     6.71223e+06	
      4861.987	     6.71233e+06	
      4862.279	     6.71490e+06	
      4862.579	     6.71694e+06	
      4862.596	     6.71704e+06	
      4863.178	     6.72018e+06	
      4863.727	     6.72269e+06	
      4863.761	     6.72285e+06	
      4864.927	     6.72775e+06	
      4866.127	     6.73265e+06	
      4868.413	     6.74192e+06	
      4868.526	     6.74239e+06	
      4868.639	     6.74286e+06	
      4868.865	     6.74377e+06	
      4869.317	     6.74560e+06	
      4869.583	     6.74666e+06	
      4870.221	     6.74921e+06	
      4870.858	     6.75172e+06	
      4872.134	     6.75672e+06	
      4874.623	     6.76599e+06	
      4874.685	     6.76621e+06	
      4874.747	     6.76643e+06	
      4874.871	     6.76686e+06	
      4875.119	     6.76774e+06	
      4875.615	     6.76947e+06	
      4876.607	     6.77287e+06	
      4878.452	     6.77890e+06	
      4878.544	     6.77918e+06	
      4878.590	     6.77931e+06	
      4878.636	     6.77946e+06	
      4878.820	     6.78003e+06	
      4879.188	     6.78116e+06	
      4879.526	     6.78220e+06	
      4879.924	     6.78339e+06	
      4880.322	     6.78455e+06	
      4880.941	     6.78634e+06	
      4881.118	     6.78685e+06	
      4882.709	     6.79121e+06	
      4884.478	     6.79570e+06	
      4887.396	     6.80246e+06	
      4888.015	     6.80381e+06	
      4888.634	     6.80510e+06	
      4889.871	     6.80758e+06	
      4891.061	     6.80984e+06	
      4892.347	     6.81220e+06	
      4893.632	     6.81440e+06	
      4893.777	     6.81465e+06	
      4896.204	     6.81848e+06	
      4898.631	     6.82200e+06	
      4903.340	     6.82791e+06	
      4903.485	     6.82806e+06	
      4903.630	     6.82825e+06	
      4903.920	     6.82857e+06	
      4904.499	     6.82923e+06	
      4905.659	     6.83048e+06	
      4907.328	     6.83218e+06	
      4907.977	     6.83284e+06	
      4908.628	     6.83347e+06	
      4909.929	     6.83466e+06	
      4911.434	     6.83601e+06	
      4912.530	     6.83695e+06	
      4913.014	     6.83736e+06	
      4913.627	     6.83786e+06	
      4915.550	     6.83937e+06	
      4915.820	     6.83956e+06	
      4918.240	     6.84135e+06	
      4918.626	     6.84160e+06	
      4921.701	     6.84368e+06	
      4923.624	     6.84487e+06	
      4925.162	     6.84578e+06	
      4928.623	     6.84770e+06	
      4933.622	     6.85018e+06	
      4938.620	     6.85241e+06	
      4943.619	     6.85439e+06	
      4948.618	     6.85618e+06	
      4953.616	     6.85778e+06	
      4958.615	     6.85923e+06	
      4963.614	     6.86058e+06	
      4968.612	     6.86177e+06	
      4973.611	     6.86287e+06	
      4978.610	     6.86391e+06	
      4983.608	     6.86479e+06	
      4988.607	     6.86554e+06	
      4993.606	     6.86620e+06	
      4998.604	     6.86683e+06	
      5003.603	     6.86736e+06	
      5008.602	     6.86784e+06	
      5013.600	     6.86824e+06	
      5018.599	     6.86862e+06	
      5023.598	     6.86894e+06	
      5028.596	     6.86919e+06	
      5033.595	     6.86941e+06	
      5038.594	     6.86956e+06	
      5043.592	     6.86969e+06	
      5048.591	     6.86978e+06	
      5053.590	     6.86981e+06	
      5058.588	     6.86978e+06	
      5063.587	     6.86975e+06	
      5068.586	     6.86966e+06	
      5073.584	     6.86953e+06	
      5078.583	     6.86934e+06	
      5083.582	     6.86897e+06	
      5088.580	     6.86853e+06	
      5093.579	     6.86802e+06	
      5098.578	     6.86749e+06	
      5103.576	     6.86692e+06	
      5108.575	     6.86633e+06	
      5113.574	     6.86570e+06	
      5118.572	     6.86504e+06	
      5123.571	     6.86432e+06	
      5128.570	     6.86359e+06	
      5133.568	     6.86284e+06	
      5138.567	     6.86206e+06	
      5143.566	     6.86124e+06	
      5148.564	     6.86039e+06	
      5153.563	     6.85951e+06	
      5158.562	     6.85863e+06	
      5163.560	     6.85769e+06	
      5168.559	     6.85671e+06	
      5173.558	     6.85574e+06	
      5178.556	     6.85467e+06	
      5183.555	     6.85348e+06	
      5188.554	     6.85228e+06	
      5193.552	     6.85103e+06	
      5198.551	     6.84977e+06	
      5203.550	     6.84848e+06	
      5208.548	     6.84716e+06	
      5213.547	     6.84581e+06	
      5218.546	     6.84443e+06	
      5223.544	     6.84305e+06	
      5228.543	     6.84163e+06	
      5233.542	     6.84019e+06	
      5238.540	     6.83871e+06	
      5243.539	     6.83721e+06	
      5248.537	     6.83570e+06	
      5253.536	     6.83416e+06	
      5258.535	     6.83259e+06	
      5263.533	     6.83098e+06	
      5268.532	     6.82938e+06	
      5273.531	     6.82772e+06	
      5278.529	     6.82662e+06	
      5283.528	     6.82558e+06	
      5288.527	     6.82448e+06	
      5293.525	     6.82335e+06	
      5298.524	     6.82219e+06	
      5303.523	     6.82096e+06	
      5308.521	     6.81974e+06	
      5313.520	     6.81845e+06	
      5318.519	     6.81713e+06	
      5323.517	     6.81578e+06	
      5328.516	     6.81440e+06	
      5333.515	     6.81298e+06	
      5338.513	     6.81151e+06	
      5343.512	     6.81003e+06	
      5348.511	     6.80849e+06	
      5353.509	     6.80692e+06	
      5358.508	     6.80535e+06	
      5363.507	     6.80397e+06	
      5368.505	     6.80230e+06	
      5373.504	     6.80032e+06	
      5378.503	     6.79800e+06	
      5383.501	     6.79564e+06	
      5388.500	     6.79329e+06	
      5393.499	     6.79090e+06	
      5398.497	     6.78848e+06	
      5403.496	     6.78606e+06	
      5408.495	     6.78361e+06	
      5413.493	     6.78113e+06	
      5418.492	     6.77865e+06	
      5423.491	     6.77613e+06	
      5428.489	     6.77359e+06	
      5433.488	     6.77104e+06	
      5438.487	     6.76847e+06	
      5443.485	     6.76589e+06	
      5448.484	     6.76325e+06	
      5453.483	     6.76064e+06	
      5458.481	     6.75801e+06	
      5463.480	     6.75534e+06	
      5468.479	     6.75263e+06	
      5473.477	     6.75034e+06	
      5478.476	     6.74798e+06	
      5483.475	     6.74563e+06	
      5488.473	     6.74327e+06	
      5493.472	     6.74085e+06	
      5498.471	     6.73843e+06	
      5503.469	     6.73598e+06	
      5508.468	     6.73353e+06	
      5513.466	     6.73102e+06	
      5518.465	     6.72851e+06	
      5523.464	     6.72599e+06	
      5528.462	     6.72345e+06	
      5533.461	     6.72087e+06	
      5538.460	     6.71826e+06	
      5543.458	     6.71566e+06	
      5548.457	     6.71302e+06	
      5553.456	     6.71035e+06	
      5558.454	     6.70768e+06	
      5563.453	     6.70498e+06	
      5568.452	     6.70224e+06	
      5573.450	     6.69948e+06	
      5578.449	     6.69671e+06	
      5583.448	     6.69392e+06	
      5588.446	     6.69112e+06	
      5593.445	     6.68829e+06	
      5598.444	     6.68543e+06	
      5603.442	     6.68258e+06	
      5608.441	     6.67969e+06	
      5613.440	     6.67676e+06	
      5618.438	     6.67384e+06	
      5623.437	     6.67089e+06	
      5628.436	     6.66794e+06	
      5633.434	     6.66495e+06	
      5638.433	     6.66197e+06	
      5643.432	     6.65892e+06	
      5648.430	     6.65590e+06	
      5653.429	     6.65286e+06	
      5658.428	     6.64978e+06	
      5663.426	     6.64670e+06	
      5668.425	     6.64381e+06	
      5673.424	     6.64067e+06	
      5673.979	     6.64032e+06	
      5678.422	     6.63753e+06	
      5682.865	     6.63470e+06	
      5686.198	     6.63256e+06	
      5687.309	     6.63187e+06	
      5687.864	     6.63153e+06	
      5688.420	     6.63115e+06	
      5690.641	     6.62973e+06	
      5693.418	     6.62794e+06	
      5698.417	     6.62474e+06	
      5703.415	     6.62150e+06	
      5704.770	     6.62062e+06	
      5708.414	     6.61827e+06	
      5708.882	     6.61795e+06	
      5712.058	     6.61588e+06	
      5713.413	     6.61500e+06	
      5715.234	     6.61381e+06	
      5718.411	     6.61170e+06	
      5723.410	     6.60840e+06	
      5728.409	     6.60507e+06	
      5733.407	     6.60174e+06	
      5738.406	     6.59841e+06	
      5743.405	     6.59505e+06	
      5748.403	     6.59166e+06	
      5753.402	     6.58827e+06	
      5758.401	     6.58487e+06	
      5763.399	     6.58010e+06	
      5768.398	     6.57664e+06	
      5773.397	     6.57319e+06	
      5778.395	     6.56970e+06	
      5783.394	     6.56621e+06	
      5788.393	     6.56269e+06	
      5793.391	     6.55917e+06	
      5798.390	     6.55562e+06	
      5803.389	     6.55207e+06	
      5808.387	     6.54849e+06	
      5813.386	     6.54491e+06	
      5818.385	     6.54130e+06	
      5823.383	     6.53769e+06	
      5828.382	     6.53404e+06	
      5833.381	     6.53040e+06	
      5838.379	     6.52675e+06	
      5843.378	     6.52308e+06	
      5848.377	     6.51940e+06	
      5853.375	     6.51569e+06	
      5858.374	     6.51199e+06	
      5863.372	     6.50828e+06	
      5868.371	     6.50454e+06	
      5873.370	     6.50080e+06	
      5878.368	     6.49703e+06	
      5883.367	     6.49326e+06	
      5888.366	     6.48949e+06	
      5893.364	     6.48569e+06	
      5898.363	     6.48186e+06	
      5903.362	     6.47806e+06	
      5908.360	     6.47419e+06	
      5913.359	     6.47036e+06	
      5918.358	     6.46650e+06	
      5923.356	     6.46263e+06	
      5928.355	     6.45874e+06	
      5933.354	     6.45484e+06	
      5938.352	     6.45091e+06	
      5943.351	     6.44699e+06	
      5948.350	     6.44306e+06	
      5953.348	     6.43910e+06	
      5958.347	     6.43511e+06	
      5963.346	     6.43112e+06	
      5968.344	     6.42710e+06	
      5973.343	     6.42311e+06	
      5978.342	     6.41906e+06	
      5983.340	     6.41504e+06	
      5988.339	     6.41099e+06	
      5993.338	     6.40690e+06	
      5998.336	     6.40282e+06	
      6003.335	     6.39873e+06	
      6008.333	     6.39465e+06	
      6013.332	     6.39053e+06	
      6018.331	     6.38642e+06	
      6023.329	     6.38227e+06	
      6028.328	     6.37812e+06	
      6033.327	     6.37398e+06	
      6038.325	     6.36980e+06	
      6043.324	     6.36562e+06	
      6048.323	     6.36144e+06	
      6053.321	     6.35723e+06	
      6058.320	     6.35302e+06	
      6063.319	     6.34878e+06	
      6068.317	     6.34454e+06	
      6073.316	     6.34030e+06	
      6078.315	     6.33606e+06	
      6083.313	     6.33179e+06	
      6088.312	     6.32748e+06	
      6093.311	     6.32321e+06	
      6098.309	     6.31891e+06	
      6103.308	     6.31460e+06	
      6108.307	     6.31027e+06	
      6113.305	     6.30593e+06	
      6118.304	     6.30160e+06	
      6123.303	     6.29723e+06	
      6128.301	     6.29286e+06	
      6133.300	     6.28849e+06	
      6138.298	     6.28410e+06	
      6143.297	     6.27970e+06	
      6148.296	     6.27527e+06	
      6153.294	     6.27084e+06	
      6158.293	     6.26641e+06	
      6163.292	     6.26195e+06	
      6168.290	     6.25749e+06	
      6173.289	     6.25303e+06	
      6178.288	     6.24853e+06	
      6183.286	     6.24404e+06	
      6188.285	     6.23952e+06	
      6193.284	     6.23499e+06	
      6198.282	     6.23047e+06	
      6203.281	     6.22591e+06	
      6208.280	     6.22136e+06	
      6213.278	     6.21677e+06	
      6218.277	     6.21219e+06	
      6223.276	     6.20760e+06	
      6228.274	     6.20307e+06	
      6233.273	     6.19843e+06	
      6238.272	     6.19381e+06	
      6243.270	     6.18916e+06	
      6244.381	     6.18812e+06	
      6248.269	     6.18448e+06	
      6252.157	     6.18083e+06	
      6253.821	     6.17926e+06	
      6256.044	     6.17719e+06	
      6258.266	     6.17508e+06	
      6262.157	     6.17141e+06	
      6262.711	     6.17087e+06	
      6263.265	     6.17037e+06	
      6264.372	     6.16930e+06	
      6264.912	     6.16880e+06	
      6266.588	     6.16723e+06	
      6268.263	     6.16563e+06	
      6269.967	     6.16402e+06	
      6271.615	     6.16245e+06	
      6273.262	     6.16088e+06	
      6274.854	     6.15934e+06	
      6276.557	     6.15774e+06	
      6278.261	     6.15611e+06	
      6280.076	     6.15435e+06	
      6281.668	     6.15284e+06	
      6283.259	     6.15130e+06	
      6284.627	     6.14998e+06	
      6286.443	     6.14825e+06	
      6288.258	     6.14649e+06	
      6290.521	     6.14433e+06	
      6291.889	     6.14301e+06	
      6293.257	     6.14166e+06	
      6293.729	     6.14122e+06	
      6295.992	     6.13902e+06	
      6298.255	     6.13682e+06	
      6302.310	     6.13286e+06	
      6302.782	     6.13239e+06	
      6303.254	     6.13195e+06	
      6303.918	     6.13129e+06	
      6304.198	     6.13101e+06	
      6306.085	     6.12915e+06	
      6308.253	     6.12705e+06	
      6311.924	     6.12344e+06	
      6312.587	     6.12278e+06	
      6313.251	     6.12212e+06	
      6314.579	     6.12080e+06	
      6316.219	     6.11916e+06	
      6317.234	     6.11816e+06	
      6317.314	     6.11809e+06	
      6318.250	     6.11715e+06	
      6320.281	     6.11514e+06	
      6323.249	     6.11219e+06	
      6328.247	     6.10716e+06	
      6333.246	     6.10214e+06	
      6338.245	     6.09705e+06	
      6343.243	     6.09196e+06	
      6348.242	     6.08680e+06	
      6353.241	     6.08162e+06	
      6358.239	     6.07637e+06	
      6363.238	     6.07110e+06	
      6368.236	     6.06576e+06	
      6373.235	     6.06035e+06	
      6378.234	     6.05492e+06	
      6383.232	     6.04939e+06	
      6388.231	     6.04380e+06	
      6393.230	     6.03814e+06	
      6398.228	     6.03239e+06	
      6403.227	     6.02655e+06	
      6408.226	     6.02058e+06	
      6413.224	     6.01452e+06	
      6418.223	     6.00830e+06	
      6423.222	     6.00195e+06	
      6428.220	     5.99545e+06	
      6433.219	     5.98876e+06	
      6438.218	     5.98188e+06	
      6443.216	     5.97474e+06	
      6448.215	     5.96736e+06	
      6453.214	     5.95970e+06	
      6458.212	     5.95168e+06	
      6463.211	     5.94330e+06	
      6468.210	     5.93444e+06	
      6473.208	     5.92508e+06	
      6478.207	     5.91515e+06	
      6483.205	     5.90450e+06	
      6488.204	     5.89306e+06	
      6493.203	     5.88065e+06	
      6498.201	     5.86718e+06	
      6503.200	     5.85238e+06	
      6508.199	     5.83607e+06	
      6513.197	     5.81795e+06	
      6518.196	     5.79768e+06	
      6523.195	     5.77488e+06	
      6523.719	     5.77233e+06	
      6528.193	     5.74915e+06	
      6532.668	     5.72323e+06	
      6536.095	     5.70139e+06	
      6537.143	     5.69433e+06	
      6537.383	     5.69269e+06	
      6538.191	     5.68710e+06	
      6540.286	     5.67211e+06	
      6543.189	     5.65019e+06	
      6546.457	     5.62389e+06	
      6546.724	     5.62169e+06	
      6548.188	     5.60931e+06	
      6549.918	     5.59433e+06	
      6553.113	     5.56571e+06	
      6554.426	     5.55352e+06	
      6556.306	     5.53549e+06	
      6556.871	     5.52986e+06	
      6557.903	     5.51909e+06	
      6558.185	     5.51601e+06	
      6559.500	     5.50017e+06	
      6560.298	     5.48908e+06	
      6561.096	     5.47778e+06	
      6561.496	     5.47074e+06	
      6561.895	     5.46160e+06	
      6562.094	     5.45522e+06	
      6562.294	     5.44614e+06	
      6562.394	     5.43960e+06	
      6562.494	     5.42999e+06	
      6562.594	     5.41695e+06	
      6562.693	     5.40379e+06	
      6562.793	     5.39644e+06	
      6562.892	     5.40351e+06	
      6562.992	     5.41664e+06	
      6563.092	     5.42952e+06	
      6563.291	     5.44529e+06	
      6563.641	     5.45877e+06	
      6563.687	     5.46003e+06	
      6563.689	     5.46009e+06	
      6563.691	     5.46012e+06	
      6563.741	     5.46141e+06	
      6563.841	     5.46373e+06	
      6564.041	     5.46775e+06	
      6564.294	     5.47209e+06	
      6564.392	     5.47360e+06	
      6564.441	     5.47432e+06	
      6564.490	     5.47501e+06	
      6564.685	     5.47765e+06	
      6565.077	     5.48255e+06	
      6565.636	     5.48918e+06	
      6565.861	     5.49207e+06	
      6566.086	     5.49477e+06	
      6566.536	     5.49980e+06	
      6566.689	     5.50140e+06	
      6567.085	     5.50539e+06	
      6567.436	     5.50875e+06	
      6568.183	     5.51547e+06	
      6569.280	     5.52474e+06	
      6570.478	     5.53429e+06	
      6571.476	     5.54199e+06	
      6572.473	     5.54950e+06	
      6573.270	     5.55537e+06	
      6574.469	     5.56407e+06	
      6575.667	     5.57259e+06	
      6577.950	     5.58823e+06	
      6578.065	     5.58902e+06	
      6578.180	     5.58977e+06	
      6578.410	     5.59131e+06	
      6578.870	     5.59433e+06	
      6579.789	     5.60030e+06	
      6580.079	     5.60215e+06	
      6581.629	     5.61180e+06	
      6583.178	     5.62106e+06	
      6584.378	     5.62794e+06	
      6586.278	     5.63837e+06	
      6587.911	     5.64682e+06	
      6588.177	     5.64818e+06	
      6588.443	     5.64949e+06	
      6588.975	     5.65210e+06	
      6590.039	     5.65719e+06	
      6591.023	     5.66175e+06	
      6592.166	     5.66680e+06	
      6593.014	     5.67045e+06	
      6593.309	     5.67171e+06	
      6595.594	     5.68085e+06	
      6598.174	     5.69027e+06	
      6603.335	     5.70645e+06	
      6613.656	     5.72998e+06	
      6623.977	     5.74453e+06	
      6634.299	     5.75276e+06	
      6639.690	     5.75518e+06	
      6654.941	     5.75703e+06	
      6675.584	     5.75166e+06	
      6711.477	     5.73089e+06	
      6741.748	     5.70790e+06	
      6747.370	     5.70328e+06	
      6783.263	     5.67240e+06	
      6824.779	     5.63451e+06	
      6907.811	     5.55588e+06	
      6990.842	     5.47514e+06	
      7038.601	     5.42817e+06	
      7073.874	     5.39336e+06	
      7109.146	     5.35843e+06	
      7179.691	     5.28906e+06	
      7250.236	     5.21954e+06	
      7320.781	     5.14998e+06	
      7389.137	     5.08325e+06	
      7391.326	     5.08109e+06	
      7393.514	     5.07895e+06	
      7397.891	     5.07465e+06	
      7406.645	     5.06610e+06	
      7424.152	     5.04901e+06	
      7459.167	     5.01486e+06	
      7529.196	     4.94672e+06	
      7599.225	     4.87883e+06	
      7660.626	     4.81955e+06	
      7669.254	     4.81125e+06	
      7677.881	     4.80296e+06	
      7695.137	     4.78650e+06	
      7729.647	     4.75370e+06	
      7798.668	     4.68836e+06	
      7867.690	     4.62339e+06	
      7911.174	     4.58267e+06	
      7936.711	     4.55886e+06	
      7962.248	     4.53511e+06	
      8013.322	     4.48808e+06	
      8046.242	     4.45789e+06	
      8064.396	     4.44130e+06	
      8082.550	     4.42474e+06	
      8118.857	     4.39188e+06	
      8180.092	     4.33672e+06	
      8191.471	     4.32654e+06	
      8200.850	     4.31812e+06	
      8202.850	     4.31633e+06	
      8204.849	     4.31457e+06	
      8208.848	     4.31099e+06	
      8216.846	     4.30389e+06	
      8232.842	     4.28969e+06	
      8264.833	     4.26135e+06	
      8289.715	     4.23939e+06	
      8328.816	     4.20505e+06	
      8343.441	     4.19227e+06	
      8367.916	     4.17090e+06	
      8371.465	     4.16783e+06	
      8388.684	     4.15290e+06	
      8392.391	     4.14970e+06	
      8408.650	     4.13569e+06	
      8413.318	     4.13167e+06	
      8432.024	     4.11555e+06	
      8437.951	     4.11046e+06	
      8467.252	     4.08536e+06	
      8473.978	     4.07961e+06	
      8502.481	     4.05532e+06	
      8516.584	     4.04332e+06	
      8530.983	     4.03113e+06	
      8545.382	     4.01901e+06	
      8549.972	     4.01518e+06	
      8574.180	     3.99488e+06	
      8598.388	     3.97468e+06	
      8628.597	     3.94958e+06	
      8646.805	     3.93450e+06	
      8652.391	     3.92988e+06	
      8665.013	     3.91948e+06	
      8685.587	     3.90255e+06	
      8701.429	     3.88954e+06	
      8750.468	     3.84949e+06	
      8767.917	     3.83532e+06	
      8815.350	     3.79702e+06	
      8862.782	     3.75932e+06	
      8900.383	     3.72964e+06	
      8957.646	     3.68477e+06	
      9014.908	     3.64038e+06	
      9044.624	     3.61751e+06	
      9072.171	     3.59643e+06	
      9099.717	     3.57542e+06	
      9154.810	     3.53410e+06	
      9190.798	     3.50731e+06	
      9209.903	     3.49317e+06	
      9229.009	     3.47906e+06	
      9267.221	     3.45101e+06	
      9303.204	     3.42478e+06	
      9343.644	     3.39550e+06	
      9384.084	     3.36641e+06	
      9464.964	     3.30942e+06	
      9545.723	     3.25334e+06	
      9545.844	     3.25324e+06	
      9545.965	     3.25318e+06	
      9546.207	     3.25299e+06	
      9546.691	     3.25268e+06	
      9546.866	     3.25255e+06	
      9547.658	     3.25202e+06	
      9549.594	     3.25067e+06	
      9553.465	     3.24803e+06	
      9561.207	     3.24269e+06	
      9576.691	     3.23207e+06	
      9607.658	     3.21093e+06	
      9668.451	     3.16977e+06	
      9729.243	     3.12946e+06	
      9790.036	     3.08960e+06	
      9850.828	     3.05021e+06	
      9870.422	     3.03762e+06	
      9911.620	     3.01129e+06	
      9952.819	     2.98518e+06	
     10021.070	     2.94275e+06	
     10035.217	     2.93403e+06	
     10049.364	     2.92530e+06	
     10077.658	     2.90801e+06	
     10134.247	     2.87367e+06	
     10144.484	     2.86749e+06	
     10190.835	     2.83970e+06	
     10237.187	     2.81217e+06	
     10329.890	     2.75902e+06	
     10422.592	     2.70682e+06	
     10515.295	     2.65558e+06	
     10607.998	     2.60528e+06	
     10700.701	     2.55591e+06	
     10793.403	     2.50747e+06	
     10834.127	     2.48648e+06	
     10886.106	     2.45992e+06	
     10938.085	     2.43360e+06	
     10990.064	     2.40773e+06	
     11042.043	     2.38209e+06	
     11094.022	     2.35672e+06	
     11146.000	     2.33162e+06	
     11197.979	     2.30679e+06	
     11239.008	     2.28738e+06	
     11249.958	     2.28224e+06	
     11260.908	     2.27710e+06	
     11282.808	     2.26722e+06	
     11326.608	     2.24759e+06	
     11414.209	     2.20885e+06	
     11501.809	     2.17079e+06	
     11589.411	     2.13339e+06	
     11677.011	     2.09665e+06	
     11764.612	     2.06058e+06	
     11852.212	     2.02515e+06	
     11939.813	     1.99035e+06	
     12027.413	     1.95617e+06	
     12115.014	     1.92263e+06	
     12120.600	     1.92051e+06	
     12202.614	     1.88969e+06	
     12284.629	     1.85940e+06	
     12366.644	     1.83087e+06	
     12448.658	     1.80278e+06	
     12530.673	     1.77513e+06	
     12612.688	     1.74789e+06	
     12694.701	     1.72102e+06	
     12735.367	     1.70781e+06	
     12776.716	     1.69445e+06	
     12818.066	     1.68112e+06	
     12900.764	     1.65561e+06	
     12983.464	     1.63034e+06	
     13066.162	     1.60539e+06	
     13148.861	     1.58081e+06	
     13154.771	     1.57906e+06	
     13231.560	     1.55661e+06	
     13308.350	     1.53450e+06	
     13385.140	     1.51384e+06	
     13461.929	     1.49347e+06	
     13538.719	     1.47337e+06	
     13615.509	     1.45356e+06	
     13692.299	     1.43403e+06	
     13769.088	     1.41477e+06	
     13845.878	     1.39578e+06	
     13922.668	     1.37705e+06	
     13999.458	     1.35859e+06	
     14076.247	     1.34040e+06	
     14153.038	     1.32246e+06	
     14229.828	     1.30479e+06	
     14281.164	     1.29311e+06	
     14306.618	     1.28736e+06	
     14332.071	     1.28165e+06	
     14382.978	     1.27065e+06	
     14410.128	     1.26482e+06	
     14427.096	     1.26119e+06	
     14433.884	     1.25974e+06	
     14457.640	     1.25469e+06	
     14505.152	     1.24472e+06	
     14581.211	     1.22893e+06	
     14583.210	     1.22852e+06	
     14585.210	     1.22811e+06	
     14589.208	     1.22731e+06	
     14597.206	     1.22570e+06	
     14613.202	     1.22250e+06	
     14645.193	     1.21613e+06	
     14709.176	     1.20348e+06	
     14773.158	     1.19096e+06	
     14837.141	     1.17857e+06	
     14901.123	     1.16630e+06	
     14965.106	     1.15416e+06	
     15029.088	     1.14215e+06	
     15093.071	     1.13027e+06	
     15157.054	     1.11851e+06	
     15221.036	     1.10688e+06	
     15285.019	     1.09536e+06	
     15349.001	     1.08398e+06	
     15412.984	     1.07271e+06	
     15471.572	     1.06250e+06	
     15476.966	     1.06157e+06	
     15482.361	     1.06063e+06	
     15493.150	     1.05871e+06	
     15514.728	     1.05488e+06	
     15557.884	     1.04728e+06	
     15644.197	     1.03222e+06	
     15730.509	     1.01740e+06	
     15816.821	     1.00280e+06	
     15903.134	     9.88424e+05	
     15989.446	     9.74274e+05	
     16075.759	     9.60344e+05	
     16162.071	     9.46625e+05	
     16248.384	     9.33122e+05	
     16289.880	     9.26704e+05	
     16334.696	     9.19827e+05	
     16379.512	     9.13010e+05	
     16469.143	     8.97289e+05	
     16558.775	     8.81898e+05	
     16648.406	     8.66828e+05	
     16738.038	     8.52072e+05	
     16827.669	     8.37621e+05	
     16917.301	     8.23465e+05	
     17006.933	     8.09604e+05	
     17096.564	     7.96023e+05	
     17186.196	     7.82722e+05	
     17275.827	     7.69690e+05	
     17327.685	     7.62273e+05	
     17365.459	     7.56923e+05	
     17403.232	     7.51620e+05	
     17478.780	     7.41143e+05	
     17554.327	     7.30844e+05	
     17629.874	     7.20719e+05	
     17705.422	     7.10763e+05	
     17780.969	     7.00977e+05	
     17856.517	     6.91355e+05	
     17932.064	     6.81895e+05	
     18007.611	     6.72103e+05	
     18083.159	     6.62870e+05	
     18158.706	     6.53765e+05	
     18234.253	     6.44777e+05	
     18309.801	     6.35883e+05	
     18343.743	     6.31913e+05	
     18385.348	     6.27059e+05	
     18426.953	     6.22218e+05	
     18510.162	     6.12535e+05	
     18593.371	     6.02790e+05	
     18602.053	     6.01766e+05	
     18676.581	     5.92985e+05	
     18751.108	     5.84418e+05	
     18825.636	     5.77673e+05	
     18900.163	     5.71069e+05	
     18974.691	     5.64368e+05	
     19049.219	     5.57564e+05	
     19123.746	     5.50718e+05	
     19198.274	     5.43879e+05	
     19272.802	     5.37080e+05	
     19347.329	     5.30348e+05	
     19393.041	     5.26251e+05	
     19421.857	     5.23688e+05	
     19450.673	     5.21134e+05	
     19508.305	     5.16066e+05	
     19565.938	     5.11310e+05	
     19623.570	     5.06318e+05	
     19681.202	     5.01382e+05	
     19738.834	     4.96507e+05	
     19796.467	     4.91691e+05	
     19854.099	     4.86931e+05	
     19911.731	     4.82228e+05	
     19969.363	     4.77579e+05	
     20026.996	     4.72989e+05	
     20084.628	     4.68449e+05	
     20142.260	     4.63963e+05	
     20199.892	     4.59533e+05	
     20257.525	     4.55151e+05	
     20315.157	     4.50822e+05	
     20372.789	     4.46543e+05	
     20386.449	     4.45538e+05	
     20430.421	     4.42314e+05	
     20474.393	     4.39122e+05	
     20562.337	     4.32824e+05	
     20650.280	     4.26635e+05	
     20738.224	     4.20552e+05	
     20826.167	     4.14580e+05	
     20914.111	     4.08709e+05	
     21002.055	     4.02944e+05	
     21089.998	     3.97273e+05	
     21177.942	     3.91703e+05	
     21265.885	     3.86231e+05	
     21353.829	     3.80849e+05	
     21441.773	     3.75562e+05	
     21529.716	     3.70365e+05	
     21604.704	     3.66002e+05	
     21617.660	     3.65254e+05	
     21630.617	     3.64510e+05	
     21656.529	     3.63027e+05	
     21708.356	     3.60077e+05	
     21760.182	     3.57161e+05	
     21812.008	     3.54271e+05	
     21863.835	     3.51412e+05	
     21915.661	     3.48582e+05	
     21967.487	     3.45776e+05	
     22019.313	     3.43002e+05	
     22071.139	     3.40253e+05	
     22122.966	     3.37533e+05	
     22174.792	     3.34837e+05	
     22226.619	     3.32170e+05	
     22278.445	     3.29528e+05	
     22330.271	     3.26914e+05	
     22382.097	     3.24322e+05	
     22433.923	     3.21759e+05	
     22485.750	     3.19217e+05	
     22537.576	     3.16704e+05	
     22589.403	     3.14213e+05	
     22641.228	     3.11746e+05	
     22693.054	     3.09303e+05	
     22702.925	     3.08841e+05	
     22744.881	     3.06884e+05	
     22784.838	     3.05035e+05	
     22786.838	     3.04942e+05	
     22788.837	     3.04850e+05	
     22792.836	     3.04666e+05	
     22800.834	     3.04298e+05	
     22816.829	     3.03564e+05	
     22848.821	     3.02103e+05	
     22912.803	     2.99206e+05	
     22976.786	     2.96344e+05	
     23040.768	     2.93515e+05	
     23104.751	     2.90719e+05	
     23168.733	     2.87956e+05	
     23232.716	     2.85226e+05	
     23296.698	     2.82528e+05	
     23360.681	     2.79861e+05	
     23424.663	     2.77225e+05	
     23488.646	     2.74620e+05	
     23552.628	     2.72045e+05	
     23616.611	     2.69499e+05	
     23680.593	     2.66983e+05	
     23744.576	     2.64496e+05	
     23808.558	     2.62038e+05	
     23872.541	     2.59608e+05	
     23936.523	     2.57205e+05	
     24000.506	     2.54830e+05	
     24064.488	     2.52482e+05	
     24128.471	     2.50161e+05	
     24192.453	     2.47866e+05	
     24256.436	     2.45597e+05	
     24320.419	     2.43353e+05	
     24384.401	     2.41135e+05	
     24448.384	     2.38942e+05	
     24512.366	     2.36774e+05	
     24576.349	     2.34629e+05	
     24640.331	     2.32509e+05	
     24704.314	     2.30412e+05	
     24768.296	     2.28339e+05	
     24832.279	     2.26289e+05	
     24896.261	     2.24261e+05	
     24960.244	     2.22256e+05	
     25004.437	     2.20884e+05	
     25024.226	     2.20273e+05	
     25044.016	     2.19664e+05	
     25083.595	     2.18453e+05	
     25162.753	     2.16056e+05	
     25241.912	     2.13691e+05	
     25321.070	     2.11358e+05	
     25400.228	     2.09057e+05	
     25479.387	     2.06787e+05	
     25558.545	     2.04546e+05	
     25637.703	     2.02336e+05	
     25716.862	     2.00156e+05	
     25796.020	     1.98004e+05	
     25875.179	     1.95881e+05	
     25954.337	     1.93786e+05	
     26033.495	     1.91719e+05	
     26112.654	     1.89678e+05	
     26191.812	     1.87665e+05	
     26270.970	     1.85678e+05	
     26350.129	     1.83718e+05	
     26429.287	     1.81782e+05	
     26508.445	     1.79872e+05	
     26587.604	     1.77987e+05	
     26666.762	     1.76126e+05	
     26745.921	     1.74289e+05	
     26825.079	     1.72476e+05	
     26904.237	     1.70686e+05	
     26983.396	     1.68919e+05	
     27062.554	     1.67175e+05	
     27141.712	     1.65453e+05	
     27142.547	     1.65435e+05	
     27220.871	     1.63753e+05	
     27299.194	     1.62092e+05	
     27377.518	     1.60452e+05	
     27455.842	     1.58834e+05	
     27534.165	     1.57235e+05	
     27612.489	     1.55656e+05	
     27690.812	     1.54097e+05	
     27769.136	     1.52557e+05	
     27847.459	     1.51036e+05	
     27925.783	     1.49534e+05	
     28004.107	     1.48050e+05	
     28082.430	     1.46585e+05	
     28160.754	     1.45137e+05	
     28239.077	     1.43707e+05	
     28317.401	     1.42294e+05	
     28395.725	     1.40899e+05	
     28474.048	     1.39521e+05	
     28552.372	     1.38159e+05	
     28630.695	     1.36814e+05	
     28709.019	     1.35485e+05	
     28787.343	     1.34172e+05	
     28865.666	     1.32874e+05	
     28943.990	     1.31593e+05	
     29022.313	     1.30326e+05	
     29100.637	     1.29075e+05	
     29178.961	     1.27838e+05	
     29257.284	     1.26616e+05	
     29335.608	     1.25409e+05	
     29413.931	     1.24215e+05	
     29492.255	     1.23036e+05	
     29570.578	     1.21871e+05	
     29648.902	     1.20719e+05	
     29727.226	     1.19581e+05	
     29805.549	     1.18456e+05	
     29883.873	     1.17344e+05	
     29932.600	     1.16659e+05	
     29962.196	     1.16246e+05	
     29991.792	     1.15833e+05	
#time:0.038226
