# Koester WD models
# teff = 5000 K (value for the effective temperature for the model. Temperatures are given in K)
# logg = 9.25 log(cm/s2) (value for Log(G) for the model.)
#
#   WAVELENGTH	#           FLUX	
#   (ANGSTROM)	#  (ERG/CM2/S/A)	
##############	################	
       899.230	     8.63065e-05	
       900.318	     8.99026e-05	
       901.407	     9.36389e-05	
       902.495	     9.75201e-05	
       902.932	     9.91204e-05	
       903.583	     1.01552e-04	
       904.235	     1.04039e-04	
       905.539	     1.09185e-04	
       906.841	     1.14569e-04	
       907.048	     1.15445e-04	
       908.145	     1.20200e-04	
       908.450	     1.21557e-04	
       909.241	     1.25138e-04	
       910.032	     1.28817e-04	
       911.193	     1.34403e-04	
       911.613	     1.36480e-04	
       912.034	     1.38588e-04	
       912.465	     1.40783e-04	
       912.875	     1.42895e-04	
       913.037	     1.43740e-04	
       913.241	     1.44811e-04	
       913.284	     1.45037e-04	
       913.478	     1.46064e-04	
       913.531	     1.46346e-04	
       913.755	     1.47536e-04	
       913.822	     1.47896e-04	
       914.080	     1.49288e-04	
       914.165	     1.49749e-04	
       914.499	     1.51574e-04	
       914.575	     1.51992e-04	
       915.071	     1.54743e-04	
       915.540	     1.57392e-04	
       915.609	     1.57780e-04	
       915.643	     1.57974e-04	
       915.677	     1.58168e-04	
       915.741	     1.58535e-04	
       915.813	     1.58948e-04	
       916.085	     1.60518e-04	
       916.429	     1.62524e-04	
       916.858	     1.65054e-04	
       917.118	     1.66608e-04	
       917.196	     1.67077e-04	
       917.378	     1.68176e-04	
       917.899	     1.71353e-04	
       917.952	     1.71680e-04	
       918.287	     1.73761e-04	
       918.602	     1.75732e-04	
       919.251	     1.79873e-04	
       920.215	     1.86186e-04	
       921.882	     1.97591e-04	
       921.999	     1.98417e-04	
       922.143	     1.99437e-04	
       922.405	     2.01299e-04	
       922.810	     2.04221e-04	
       923.621	     2.10184e-04	
       925.001	     2.20711e-04	
       925.242	     2.22600e-04	
       925.484	     2.24505e-04	
       925.564	     2.25140e-04	
       925.966	     2.28360e-04	
       926.164	     2.29961e-04	
       926.369	     2.31622e-04	
       927.173	     2.38278e-04	
       927.276	     2.39136e-04	
       928.182	     2.46875e-04	
       928.917	     2.53317e-04	
       928.980	     2.53877e-04	
       929.089	     2.54849e-04	
       929.261	     2.56390e-04	
       929.317	     2.56884e-04	
       929.543	     2.58925e-04	
       929.655	     2.59943e-04	
       929.769	     2.60982e-04	
       929.827	     2.61512e-04	
       929.883	     2.62025e-04	
       929.910	     2.62272e-04	
       929.939	     2.62539e-04	
       929.954	     2.62676e-04	
       929.968	     2.62805e-04	
       929.982	     2.62934e-04	
       929.996	     2.63063e-04	
       930.010	     2.63192e-04	
       930.024	     2.63320e-04	
       930.038	     2.63449e-04	
       930.052	     2.63578e-04	
       930.081	     2.63846e-04	
       930.137	     2.64363e-04	
       930.201	     2.64955e-04	
       930.247	     2.65382e-04	
       930.249	     2.65400e-04	
       930.251	     2.65419e-04	
       930.301	     2.65883e-04	
       930.326	     2.66106e-04	
       930.329	     2.66134e-04	
       930.402	     2.66814e-04	
       930.478	     2.67523e-04	
       930.630	     2.68947e-04	
       930.931	     2.71788e-04	
       931.229	     2.74629e-04	
       931.490	     2.77130e-04	
       931.534	     2.77555e-04	
       931.838	     2.80510e-04	
       932.447	     2.86509e-04	
       933.265	     2.94768e-04	
       933.403	     2.96183e-04	
       933.432	     2.96471e-04	
       933.542	     2.97605e-04	
       933.652	     2.98743e-04	
       933.872	     3.01030e-04	
       933.973	     3.02085e-04	
       934.073	     3.03134e-04	
       934.312	     3.05654e-04	
       934.316	     3.05696e-04	
       934.652	     3.09262e-04	
       935.230	     3.15504e-04	
       935.688	     3.20524e-04	
       936.144	     3.25607e-04	
       936.372	     3.28177e-04	
       936.601	     3.30766e-04	
       936.714	     3.32057e-04	
       936.829	     3.33373e-04	
       936.887	     3.34039e-04	
       936.944	     3.34696e-04	
       936.973	     3.35029e-04	
       937.001	     3.35352e-04	
       937.015	     3.35513e-04	
       937.029	     3.35676e-04	
       937.043	     3.35836e-04	
       937.058	     3.36012e-04	
       937.072	     3.36172e-04	
       937.086	     3.36336e-04	
       937.101	     3.36509e-04	
       937.115	     3.36672e-04	
       937.143	     3.36996e-04	
       937.200	     3.37655e-04	
       937.314	     3.38984e-04	
       937.493	     3.41076e-04	
       937.542	     3.41651e-04	
       937.593	     3.42251e-04	
       937.694	     3.43429e-04	
       937.788	     3.44538e-04	
       937.894	     3.45795e-04	
       938.000	     3.47058e-04	
       938.212	     3.49593e-04	
       938.359	     3.51359e-04	
       938.556	     3.53740e-04	
       938.636	     3.54714e-04	
       938.914	     3.58094e-04	
       939.231	     3.61999e-04	
       939.271	     3.62496e-04	
       939.986	     3.71446e-04	
       940.740	     3.81119e-04	
       941.452	     3.90453e-04	
       942.250	     4.01175e-04	
       943.048	     4.12168e-04	
       943.978	     4.25359e-04	
       944.643	     4.35026e-04	
       945.308	     4.44906e-04	
       946.115	     4.57218e-04	
       946.233	     4.59043e-04	
       946.637	     4.65345e-04	
       947.158	     4.73605e-04	
       947.621	     4.81028e-04	
       948.083	     4.88549e-04	
       948.314	     4.92350e-04	
       948.546	     4.96177e-04	
       948.661	     4.98093e-04	
       948.777	     5.00035e-04	
       948.835	     5.01005e-04	
       948.893	     5.01979e-04	
       948.922	     5.02469e-04	
       948.951	     5.02956e-04	
       948.966	     5.03208e-04	
       948.980	     5.03447e-04	
       948.994	     5.03682e-04	
       949.009	     5.03933e-04	
       949.023	     5.04169e-04	
       949.037	     5.04408e-04	
       949.052	     5.04659e-04	
       949.066	     5.04898e-04	
       949.095	     5.05388e-04	
       949.153	     5.06368e-04	
       949.230	     5.07675e-04	
       949.258	     5.08153e-04	
       949.269	     5.08338e-04	
       949.280	     5.08526e-04	
       949.330	     5.09378e-04	
       949.360	     5.09890e-04	
       949.430	     5.11084e-04	
       949.500	     5.12284e-04	
       949.640	     5.14687e-04	
       949.795	     5.17345e-04	
       949.879	     5.18799e-04	
       949.921	     5.19528e-04	
       949.963	     5.20257e-04	
       950.047	     5.21718e-04	
       950.131	     5.23185e-04	
       950.467	     5.29085e-04	
       950.718	     5.33521e-04	
       950.888	     5.36524e-04	
       951.728	     5.51582e-04	
       952.738	     5.70174e-04	
       953.502	     5.84723e-04	
       954.758	     6.09551e-04	
       955.251	     6.19632e-04	
       956.014	     6.35459e-04	
       957.270	     6.62433e-04	
       958.148	     6.81892e-04	
       959.289	     7.07817e-04	
       960.430	     7.34595e-04	
       961.192	     7.52773e-04	
       962.712	     7.90076e-04	
       963.468	     8.09303e-04	
       964.231	     8.29113e-04	
       965.750	     8.69568e-04	
       966.767	     8.97569e-04	
       968.032	     9.33446e-04	
       968.668	     9.51780e-04	
       968.979	     9.60862e-04	
       969.297	     9.70221e-04	
       969.927	     9.88882e-04	
       970.401	     1.00322e-03	
       970.874	     1.01836e-03	
       971.110	     1.02677e-03	
       971.348	     1.03760e-03	
       971.467	     1.04460e-03	
       971.585	     1.05152e-03	
       971.644	     1.05378e-03	
       971.703	     1.05586e-03	
       971.732	     1.05714e-03	
       971.762	     1.05838e-03	
       971.778	     1.05893e-03	
       971.792	     1.05940e-03	
       971.806	     1.05988e-03	
       971.821	     1.06038e-03	
       971.827	     1.06058e-03	
       971.833	     1.06079e-03	
       971.836	     1.06089e-03	
       971.839	     1.06099e-03	
       971.851	     1.06139e-03	
       971.866	     1.06190e-03	
       971.880	     1.06237e-03	
       971.910	     1.06338e-03	
       971.969	     1.06487e-03	
       972.037	     1.06704e-03	
       972.087	     1.06846e-03	
       972.137	     1.06908e-03	
       972.150	     1.06908e-03	
       972.199	     1.06911e-03	
       972.237	     1.06900e-03	
       972.324	     1.06892e-03	
       972.499	     1.06867e-03	
       972.798	     1.07253e-03	
       973.047	     1.07908e-03	
       973.097	     1.08050e-03	
       973.248	     1.08494e-03	
       973.396	     1.08942e-03	
       973.746	     1.10036e-03	
       974.444	     1.12155e-03	
       975.640	     1.16171e-03	
       976.836	     1.20385e-03	
       978.032	     1.24748e-03	
       979.151	     1.28965e-03	
       979.228	     1.29260e-03	
       979.305	     1.29556e-03	
       979.310	     1.29575e-03	
       979.459	     1.30146e-03	
       979.767	     1.31334e-03	
       980.384	     1.33736e-03	
       981.617	     1.38665e-03	
       983.923	     1.48362e-03	
       985.842	     1.56782e-03	
       986.230	     1.58550e-03	
       986.618	     1.60339e-03	
       987.395	     1.63685e-03	
       988.584	     1.69229e-03	
       988.948	     1.71005e-03	
       989.116	     1.71835e-03	
       989.312	     1.72811e-03	
       990.041	     1.76479e-03	
       990.307	     1.77851e-03	
       991.498	     1.84161e-03	
       992.689	     1.90730e-03	
       993.829	     1.97256e-03	
       993.880	     1.97547e-03	
       993.930	     1.97840e-03	
       994.030	     1.98426e-03	
       994.230	     1.99604e-03	
       994.630	     2.01976e-03	
       995.431	     2.06807e-03	
       995.617	     2.07946e-03	
       997.032	     2.16813e-03	
       997.574	     2.20310e-03	
       997.806	     2.21823e-03	
       998.447	     2.26052e-03	
       999.319	     2.31941e-03	
       999.435	     2.32732e-03	
      1001.064	     2.44126e-03	
      1002.694	     2.56061e-03	
      1004.323	     2.68561e-03	
      1005.836	     2.80677e-03	
      1005.952	     2.81629e-03	
      1007.581	     2.95323e-03	
      1009.326	     3.10713e-03	
      1011.071	     3.26971e-03	
      1011.303	     3.29195e-03	
      1012.816	     3.44052e-03	
      1014.329	     3.59558e-03	
      1015.378	     3.70695e-03	
      1015.842	     3.75725e-03	
      1017.355	     3.92589e-03	
      1017.620	     3.95564e-03	
      1019.332	     4.15611e-03	
      1021.044	     4.36725e-03	
      1022.470	     4.55723e-03	
      1022.756	     4.59866e-03	
      1023.043	     4.64290e-03	
      1023.189	     4.66671e-03	
      1023.402	     4.70416e-03	
      1023.615	     4.74619e-03	
      1023.828	     4.79407e-03	
      1024.041	     4.85483e-03	
      1024.147	     4.88901e-03	
      1024.254	     4.92859e-03	
      1024.360	     4.97663e-03	
      1024.394	     4.99290e-03	
      1024.467	     5.03139e-03	
      1024.540	     5.07264e-03	
      1024.582	     5.09783e-03	
      1024.687	     5.15570e-03	
      1024.791	     5.19519e-03	
      1024.852	     5.20653e-03	
      1024.875	     5.21005e-03	
      1024.895	     5.21288e-03	
      1024.915	     5.21639e-03	
      1024.947	     5.22262e-03	
      1024.978	     5.22814e-03	
      1024.993	     5.23047e-03	
      1025.009	     5.23283e-03	
      1025.025	     5.23521e-03	
      1025.040	     5.23744e-03	
      1025.056	     5.23980e-03	
      1025.072	     5.24219e-03	
      1025.087	     5.24442e-03	
      1025.103	     5.24681e-03	
      1025.134	     5.25142e-03	
      1025.196	     5.25903e-03	
      1025.271	     5.26867e-03	
      1025.320	     5.27508e-03	
      1025.371	     5.27709e-03	
      1025.471	     5.26129e-03	
      1025.521	     5.24759e-03	
      1025.571	     5.23204e-03	
      1025.621	     5.21621e-03	
      1025.721	     5.18963e-03	
      1025.772	     5.17832e-03	
      1025.921	     5.15532e-03	
      1026.070	     5.14621e-03	
      1026.219	     5.14298e-03	
      1026.518	     5.15444e-03	
      1026.563	     5.15762e-03	
      1026.816	     5.17907e-03	
      1027.069	     5.20653e-03	
      1027.575	     5.26977e-03	
      1028.082	     5.33948e-03	
      1028.109	     5.34335e-03	
      1028.588	     5.41284e-03	
      1028.796	     5.44369e-03	
      1029.067	     5.48444e-03	
      1029.338	     5.52562e-03	
      1029.881	     5.60941e-03	
      1030.965	     5.78150e-03	
      1033.082	     6.13399e-03	
      1033.135	     6.14291e-03	
      1033.187	     6.15187e-03	
      1033.230	     6.15925e-03	
      1033.291	     6.16977e-03	
      1033.499	     6.20578e-03	
      1033.915	     6.27835e-03	
      1034.747	     6.42594e-03	
      1036.265	     6.70340e-03	
      1037.783	     6.99218e-03	
      1039.172	     7.26663e-03	
      1039.258	     7.28397e-03	
      1039.301	     7.29264e-03	
      1039.344	     7.30134e-03	
      1039.504	     7.33405e-03	
      1039.516	     7.33650e-03	
      1039.860	     7.40731e-03	
      1040.549	     7.55082e-03	
      1041.925	     7.84572e-03	
      1044.347	     8.39063e-03	
      1046.768	     8.97075e-03	
      1049.029	     9.54611e-03	
      1049.189	     9.58811e-03	
      1049.349	     9.63030e-03	
      1049.670	     9.71453e-03	
      1050.310	     9.88499e-03	
      1051.591	     1.02344e-02	
      1053.952	     1.09088e-02	
      1054.152	     1.09678e-02	
      1054.352	     1.10271e-02	
      1054.752	     1.11466e-02	
      1054.952	     1.12068e-02	
      1055.553	     1.13892e-02	
      1057.153	     1.18893e-02	
      1059.355	     1.26102e-02	
      1061.556	     1.33781e-02	
      1063.156	     1.39630e-02	
      1063.757	     1.41884e-02	
      1064.357	     1.44171e-02	
      1065.558	     1.48851e-02	
      1066.558	     1.52857e-02	
      1067.959	     1.58635e-02	
      1069.359	     1.64613e-02	
      1069.960	     1.67209e-02	
      1072.161	     1.77053e-02	
      1074.362	     1.87429e-02	
      1076.563	     1.98365e-02	
      1078.163	     2.06684e-02	
      1078.687	     2.09475e-02	
      1078.764	     2.09887e-02	
      1078.980	     2.11051e-02	
      1079.364	     2.13135e-02	
      1080.565	     2.19846e-02	
      1080.712	     2.20678e-02	
      1082.442	     2.30734e-02	
      1084.173	     2.41211e-02	
      1085.905	     2.52125e-02	
      1087.637	     2.63492e-02	
      1089.318	     2.74988e-02	
      1089.367	     2.75330e-02	
      1089.418	     2.75683e-02	
      1089.518	     2.76376e-02	
      1089.718	     2.77766e-02	
      1090.119	     2.80567e-02	
      1090.669	     2.84459e-02	
      1090.919	     2.86245e-02	
      1092.520	     2.97921e-02	
      1094.370	     3.11968e-02	
      1096.221	     3.26622e-02	
      1096.771	     3.31099e-02	
      1098.072	     3.41906e-02	
      1099.372	     3.53036e-02	
      1099.573	     3.54796e-02	
      1101.974	     3.76526e-02	
      1104.374	     3.99450e-02	
      1106.775	     4.23644e-02	
      1108.976	     4.46998e-02	
      1109.176	     4.49182e-02	
      1109.376	     4.51371e-02	
      1109.777	     4.55697e-02	
      1109.977	     4.57875e-02	
      1110.577	     4.64466e-02	
      1112.177	     4.82467e-02	
      1114.378	     5.08269e-02	
      1116.579	     5.35327e-02	
      1118.180	     5.55829e-02	
      1118.684	     5.62436e-02	
      1118.780	     5.63702e-02	
      1119.380	     5.71676e-02	
      1120.076	     5.81056e-02	
      1121.469	     6.00239e-02	
      1123.778	     6.33333e-02	
      1124.254	     6.40426e-02	
      1124.730	     6.47649e-02	
      1125.682	     6.62314e-02	
      1125.790	     6.63998e-02	
      1127.075	     6.84308e-02	
      1127.587	     6.92564e-02	
      1129.384	     7.22233e-02	
      1131.692	     7.62044e-02	
      1132.463	     7.75766e-02	
      1134.001	     8.03868e-02	
      1135.540	     8.32905e-02	
      1137.846	     8.78308e-02	
      1138.617	     8.93972e-02	
      1139.387	     9.09934e-02	
      1140.927	     9.42685e-02	
      1142.468	     9.76636e-02	
      1143.628	     1.00299e-01	
      1143.948	     1.01041e-01	
      1144.008	     1.01180e-01	
      1144.388	     1.02069e-01	
      1145.149	     1.03868e-01	
      1146.669	     1.07575e-01	
      1149.390	     1.14550e-01	
      1149.830	     1.15729e-01	
      1152.111	     1.22032e-01	
      1154.391	     1.28720e-01	
      1156.672	     1.35757e-01	
      1158.513	     1.41730e-01	
      1158.953	     1.43190e-01	
      1159.393	     1.44660e-01	
      1159.673	     1.45605e-01	
      1160.273	     1.47647e-01	
      1162.034	     1.53759e-01	
      1164.394	     1.62244e-01	
      1166.755	     1.71009e-01	
      1168.835	     1.78989e-01	
      1169.115	     1.80076e-01	
      1169.395	     1.81166e-01	
      1169.956	     1.83360e-01	
      1171.076	     1.87804e-01	
      1172.236	     1.92492e-01	
      1173.317	     1.96920e-01	
      1173.717	     1.98584e-01	
      1174.397	     2.01442e-01	
      1176.557	     2.10799e-01	
      1177.860	     2.16646e-01	
      1179.398	     2.23747e-01	
      1180.936	     2.31059e-01	
      1182.858	     2.40487e-01	
      1184.013	     2.46316e-01	
      1185.168	     2.52271e-01	
      1185.558	     2.54306e-01	
      1187.479	     2.64572e-01	
      1189.400	     2.75210e-01	
      1191.322	     2.86236e-01	
      1192.085	     2.90726e-01	
      1193.243	     2.97662e-01	
      1194.034	     3.02479e-01	
      1194.402	     3.04748e-01	
      1196.718	     3.19381e-01	
      1199.403	     3.37137e-01	
      1199.771	     3.39638e-01	
      1202.087	     3.55782e-01	
      1204.036	     3.69897e-01	
      1204.404	     3.72618e-01	
      1206.720	     3.90176e-01	
      1208.485	     4.04050e-01	
      1209.405	     4.11461e-01	
      1210.325	     4.18994e-01	
      1211.639	     4.29971e-01	
      1212.165	     4.34438e-01	
      1212.691	     4.38950e-01	
      1213.613	     4.46948e-01	
      1213.744	     4.48095e-01	
      1213.807	     4.48648e-01	
      1213.875	     4.49248e-01	
      1214.137	     4.51557e-01	
      1214.171	     4.51858e-01	
      1214.467	     4.54482e-01	
      1214.615	     4.55798e-01	
      1214.763	     4.57121e-01	
      1214.837	     4.57780e-01	
      1214.911	     4.58443e-01	
      1214.948	     4.58776e-01	
      1214.985	     4.59106e-01	
      1215.004	     4.59279e-01	
      1215.022	     4.59439e-01	
      1215.040	     4.59599e-01	
      1215.059	     4.59772e-01	
      1215.077	     4.59932e-01	
      1215.095	     4.60096e-01	
      1215.114	     4.60265e-01	
      1215.132	     4.60429e-01	
      1215.169	     4.60762e-01	
      1215.243	     4.61428e-01	
      1215.391	     4.62763e-01	
      1215.637	     4.64990e-01	
      1215.687	     4.65443e-01	
      1215.737	     4.65898e-01	
      1215.795	     4.66426e-01	
      1215.837	     4.66809e-01	
      1216.037	     4.68635e-01	
      1216.064	     4.68880e-01	
      1216.279	     4.70849e-01	
      1216.763	     4.75310e-01	
      1217.462	     4.81823e-01	
      1218.315	     4.89869e-01	
      1218.861	     4.95090e-01	
      1218.985	     4.96281e-01	
      1219.407	     5.00358e-01	
      1219.829	     5.04468e-01	
      1220.104	     5.07160e-01	
      1220.673	     5.12774e-01	
      1222.361	     5.29764e-01	
      1224.619	     5.53275e-01	
      1226.876	     5.77707e-01	
      1228.858	     5.99950e-01	
      1229.134	     6.03098e-01	
      1229.409	     6.06261e-01	
      1229.740	     6.10088e-01	
      1229.959	     6.12633e-01	
      1230.178	     6.15184e-01	
      1230.616	     6.20320e-01	
      1231.492	     6.30706e-01	
      1231.694	     6.33125e-01	
      1233.244	     6.51962e-01	
      1234.794	     6.71302e-01	
      1236.380	     6.91618e-01	
      1237.895	     7.11555e-01	
      1239.410	     7.32010e-01	
      1240.470	     7.46637e-01	
      1242.441	     7.74531e-01	
      1244.411	     8.03362e-01	
      1247.291	     8.47275e-01	
      1248.352	     8.63976e-01	
      1248.652	     8.68757e-01	
      1249.412	     8.80978e-01	
      1251.532	     9.15890e-01	
      1254.413	     9.65320e-01	
      1255.173	     9.78760e-01	
      1257.293	     1.01715e+00	
      1259.413	     1.05687e+00	
      1261.534	     1.09797e+00	
      1262.894	     1.12508e+00	
      1263.654	     1.14051e+00	
      1264.414	     1.15614e+00	
      1265.934	     1.18794e+00	
      1268.534	     1.24426e+00	
      1268.975	     1.25402e+00	
      1269.415	     1.26384e+00	
      1269.695	     1.27012e+00	
      1270.295	     1.28368e+00	
      1272.055	     1.32429e+00	
      1274.415	     1.38054e+00	
      1276.775	     1.43901e+00	
      1278.856	     1.49225e+00	
      1279.136	     1.49955e+00	
      1279.416	     1.50688e+00	
      1279.976	     1.52164e+00	
      1281.096	     1.55153e+00	
      1282.256	     1.58306e+00	
      1283.336	     1.61294e+00	
      1283.736	     1.62413e+00	
      1284.416	     1.64332e+00	
      1286.577	     1.70559e+00	
      1286.917	     1.71559e+00	
      1289.417	     1.79070e+00	
      1291.917	     1.86878e+00	
      1294.417	     1.94990e+00	
      1296.918	     2.03417e+00	
      1299.418	     2.12170e+00	
      1301.918	     2.21255e+00	
      1304.418	     2.30679e+00	
      1306.919	     2.40452e+00	
      1309.419	     2.50600e+00	
      1311.919	     2.61138e+00	
      1314.419	     2.72082e+00	
      1316.919	     2.83435e+00	
      1319.420	     2.95210e+00	
      1321.920	     3.07412e+00	
      1324.420	     3.20056e+00	
      1326.920	     3.33163e+00	
      1329.420	     3.46747e+00	
      1331.920	     3.60834e+00	
      1334.421	     3.75433e+00	
      1336.921	     3.90566e+00	
      1339.421	     4.06271e+00	
      1341.921	     4.22538e+00	
      1344.421	     4.39377e+00	
      1346.921	     4.56778e+00	
      1349.421	     4.74786e+00	
      1351.921	     4.93397e+00	
      1354.422	     5.12633e+00	
      1356.922	     5.32525e+00	
      1359.422	     5.53143e+00	
      1361.922	     5.74569e+00	
      1364.422	     5.96768e+00	
      1365.191	     6.03748e+00	
      1366.922	     6.19729e+00	
      1369.422	     6.43477e+00	
      1373.653	     6.85445e+00	
      1376.346	     7.13368e+00	
      1377.884	     7.29757e+00	
      1379.422	     7.46408e+00	
      1380.574	     7.59100e+00	
      1382.499	     7.80720e+00	
      1384.423	     8.02887e+00	
      1387.119	     8.34972e+00	
      1388.271	     8.49031e+00	
      1389.031	     8.58421e+00	
      1389.423	     8.63300e+00	
      1391.727	     8.92473e+00	
      1394.423	     9.27800e+00	
      1399.423	     9.96940e+00	
      1404.423	     1.07059e+01	
      1409.423	     1.14892e+01	
      1414.423	     1.23196e+01	
      1419.423	     1.31982e+01	
      1424.423	     1.41345e+01	
      1429.423	     1.51307e+01	
      1434.423	     1.61950e+01	
      1439.423	     1.73279e+01	
      1444.422	     1.85331e+01	
      1449.422	     1.98054e+01	
      1454.422	     2.11462e+01	
      1459.422	     2.25646e+01	
      1464.422	     2.40604e+01	
      1465.960	     2.45364e+01	
      1469.422	     2.56401e+01	
      1472.884	     2.67909e+01	
      1473.268	     2.69223e+01	
      1474.422	     2.73207e+01	
      1476.345	     2.79960e+01	
      1479.421	     2.91113e+01	
      1484.421	     3.10090e+01	
      1489.421	     3.30166e+01	
      1494.421	     3.51368e+01	
      1499.420	     3.73674e+01	
      1504.420	     3.97141e+01	
      1509.420	     4.21831e+01	
      1514.420	     4.47831e+01	
      1519.419	     4.75172e+01	
      1524.419	     5.03855e+01	
      1529.419	     5.33885e+01	
      1534.418	     5.65575e+01	
      1539.418	     5.99190e+01	
      1544.418	     6.34636e+01	
      1549.417	     6.71968e+01	
      1554.417	     7.11354e+01	
      1559.417	     7.52839e+01	
      1564.416	     7.96246e+01	
      1566.724	     8.16911e+01	
      1569.416	     8.41564e+01	
      1570.186	     8.48726e+01	
      1572.107	     8.66838e+01	
      1574.415	     8.89011e+01	
      1574.800	     8.92756e+01	
      1579.415	     9.38733e+01	
      1584.414	     9.90824e+01	
      1589.414	     1.04538e+02	
      1594.413	     1.10244e+02	
      1599.413	     1.16224e+02	
      1604.413	     1.22483e+02	
      1609.412	     1.29031e+02	
      1614.412	     1.35889e+02	
      1619.411	     1.43040e+02	
      1624.410	     1.50501e+02	
      1629.410	     1.58233e+02	
      1634.409	     1.66145e+02	
      1639.409	     1.74092e+02	
      1644.408	     1.81917e+02	
      1649.408	     1.89576e+02	
      1654.407	     1.97125e+02	
      1659.407	     2.04486e+02	
      1664.406	     2.11809e+02	
      1665.560	     2.13470e+02	
      1669.405	     2.19115e+02	
      1670.174	     2.20261e+02	
      1673.251	     2.24926e+02	
      1674.405	     2.26701e+02	
      1676.328	     2.29722e+02	
      1679.404	     2.34696e+02	
      1684.404	     2.42930e+02	
      1689.403	     2.51430e+02	
      1694.402	     2.60159e+02	
      1699.402	     2.69337e+02	
      1704.401	     2.79498e+02	
      1709.400	     2.90454e+02	
      1714.400	     3.02121e+02	
      1719.399	     3.14404e+02	
      1724.398	     3.27253e+02	
      1729.398	     3.40885e+02	
      1734.397	     3.55286e+02	
      1739.396	     3.70450e+02	
      1744.396	     3.86240e+02	
      1749.395	     4.02982e+02	
      1754.394	     4.20386e+02	
      1759.393	     4.38500e+02	
      1764.393	     4.57297e+02	
      1767.084	     4.67705e+02	
      1767.854	     4.70717e+02	
      1769.392	     4.76787e+02	
      1771.700	     4.85995e+02	
      1774.391	     4.96896e+02	
      1775.545	     5.01634e+02	
      1779.391	     5.17712e+02	
      1784.390	     5.39085e+02	
      1789.389	     5.61142e+02	
      1794.388	     5.84189e+02	
      1799.387	     6.08074e+02	
      1804.387	     6.32877e+02	
      1809.386	     6.58544e+02	
      1814.385	     6.85119e+02	
      1819.384	     7.12626e+02	
      1823.999	     7.38890e+02	
      1824.384	     7.41117e+02	
      1829.383	     7.70570e+02	
      1834.767	     8.03403e+02	
      1840.151	     8.37454e+02	
      1845.535	     8.72712e+02	
      1850.919	     9.09161e+02	
      1856.303	     9.46750e+02	
      1861.687	     9.85791e+02	
      1863.998	     1.00302e+03	
      1867.072	     1.02633e+03	
      1870.145	     1.05011e+03	
      1876.292	     1.09902e+03	
      1882.439	     1.14985e+03	
      1888.586	     1.20258e+03	
      1894.733	     1.25726e+03	
      1900.880	     1.31404e+03	
      1906.980	     1.37253e+03	
      1907.027	     1.37299e+03	
      1913.174	     1.43419e+03	
      1919.368	     1.49819e+03	
      1925.561	     1.56460e+03	
      1931.755	     1.63344e+03	
      1937.949	     1.70533e+03	
      1944.143	     1.77945e+03	
      1944.472	     1.78346e+03	
      1950.337	     1.85738e+03	
      1956.531	     1.93704e+03	
      1962.560	     2.01710e+03	
      1968.590	     2.09988e+03	
      1974.620	     2.18544e+03	
      1980.648	     2.27377e+03	
      1992.707	     2.45901e+03	
      2004.766	     2.65611e+03	
      2015.838	     2.84842e+03	
      2016.825	     2.86611e+03	
      2017.811	     2.88388e+03	
      2019.785	     2.91971e+03	
      2023.732	     2.99251e+03	
      2031.627	     3.14263e+03	
      2039.521	     3.29874e+03	
      2047.416	     3.46116e+03	
      2055.310	     3.63008e+03	
      2059.377	     3.71968e+03	
      2063.205	     3.80566e+03	
      2067.032	     3.89322e+03	
      2074.686	     4.07336e+03	
      2082.341	     4.26022e+03	
      2089.995	     4.45399e+03	
      2094.355	     4.56734e+03	
      2097.650	     4.65446e+03	
      2105.304	     4.86221e+03	
      2116.253	     5.17226e+03	
      2127.202	     5.49788e+03	
      2138.151	     5.84072e+03	
      2149.099	     6.20006e+03	
      2154.622	     6.38786e+03	
      2160.048	     6.57674e+03	
      2165.474	     6.77004e+03	
      2176.326	     7.17122e+03	
      2187.177	     7.59097e+03	
      2198.029	     8.02979e+03	
      2203.067	     8.24021e+03	
      2208.881	     8.48843e+03	
      2214.695	     8.74252e+03	
      2226.322	     9.26204e+03	
      2235.240	     9.67457e+03	
      2237.950	     9.80268e+03	
      2249.577	     1.03633e+04	
      2263.914	     1.10800e+04	
      2278.251	     1.18378e+04	
      2292.588	     1.26306e+04	
      2300.715	     1.30970e+04	
      2306.925	     1.34685e+04	
      2313.134	     1.38499e+04	
      2325.554	     1.46339e+04	
      2337.973	     1.54671e+04	
      2338.430	     1.54990e+04	
      2350.392	     1.63526e+04	
      2362.354	     1.72461e+04	
      2374.317	     1.82136e+04	
      2386.279	     1.92281e+04	
      2387.209	     1.93090e+04	
      2398.241	     2.03199e+04	
      2409.274	     2.14028e+04	
      2420.306	     2.25413e+04	
      2431.339	     2.37873e+04	
      2442.371	     2.51229e+04	
      2450.612	     2.61666e+04	
      2451.595	     2.62938e+04	
      2453.404	     2.65293e+04	
      2456.194	     2.68965e+04	
      2460.793	     2.75520e+04	
      2469.991	     2.89075e+04	
      2479.189	     3.03227e+04	
      2488.387	     3.18001e+04	
      2497.585	     3.33753e+04	
      2503.552	     3.44347e+04	
      2506.782	     3.50146e+04	
      2510.013	     3.55933e+04	
      2516.473	     3.67409e+04	
      2522.934	     3.77601e+04	
      2529.394	     3.89338e+04	
      2535.855	     4.01693e+04	
      2542.315	     4.14301e+04	
      2551.240	     4.32104e+04	
      2555.236	     4.40235e+04	
      2559.232	     4.48465e+04	
      2567.224	     4.65531e+04	
      2583.209	     5.00977e+04	
      2599.193	     5.38249e+04	
      2615.177	     5.77466e+04	
      2631.161	     6.18752e+04	
      2636.621	     6.33361e+04	
      2647.145	     6.62317e+04	
      2657.670	     6.92354e+04	
      2668.194	     7.22494e+04	
      2678.719	     7.53678e+04	
      2689.243	     7.86083e+04	
      2699.768	     8.19726e+04	
      2710.292	     8.54865e+04	
      2720.817	     8.91483e+04	
      2727.623	     9.16101e+04	
      2731.341	     9.29845e+04	
      2741.866	     9.69945e+04	
      2756.108	     1.02739e+05	
      2770.351	     1.08921e+05	
      2784.593	     1.15582e+05	
      2798.836	     1.22614e+05	
      2813.078	     1.30138e+05	
      2827.321	     1.38060e+05	
      2828.581	     1.38778e+05	
      2841.564	     1.46366e+05	
      2854.546	     1.54365e+05	
      2867.529	     1.63097e+05	
      2880.512	     1.72194e+05	
      2893.495	     1.81681e+05	
      2906.478	     1.91598e+05	
      2919.460	     2.01841e+05	
      2932.443	     2.12458e+05	
      2937.869	     2.17007e+05	
      2945.426	     2.23444e+05	
      2952.983	     2.29993e+05	
      2968.097	     2.43063e+05	
      2983.212	     2.56725e+05	
      2998.326	     2.70796e+05	
      3005.688	     2.77816e+05	
      3013.440	     2.85313e+05	
      3028.554	     3.00243e+05	
      3039.987	     3.11826e+05	
      3045.704	     3.17716e+05	
      3051.421	     3.23729e+05	
      3057.137	     3.30464e+05	
      3062.854	     3.37281e+05	
      3068.570	     3.44174e+05	
      3074.287	     3.51133e+05	
      3085.720	     3.65314e+05	
      3108.586	     3.94732e+05	
      3113.048	     4.00666e+05	
      3131.453	     4.25789e+05	
      3140.655	     4.38736e+05	
      3149.857	     4.51959e+05	
      3159.059	     4.67004e+05	
      3168.261	     4.82392e+05	
      3186.666	     5.14153e+05	
      3198.655	     5.35598e+05	
      3205.070	     5.47328e+05	
      3223.474	     5.81923e+05	
      3235.884	     6.06202e+05	
      3242.089	     6.18592e+05	
      3248.294	     6.31124e+05	
      3254.499	     6.40888e+05	
      3260.704	     6.50728e+05	
      3266.909	     6.60646e+05	
      3273.114	     6.70639e+05	
      3273.957	     6.72002e+05	
      3285.524	     6.90843e+05	
      3310.343	     7.32088e+05	
      3328.537	     7.63090e+05	
      3346.730	     7.94760e+05	
      3364.923	     8.28303e+05	
      3383.117	     8.62650e+05	
      3401.310	     8.97732e+05	
      3430.227	     9.55252e+05	
      3436.373	     9.67749e+05	
      3437.697	     9.70451e+05	
      3445.167	     9.85756e+05	
      3460.107	     1.01702e+06	
      3463.180	     1.02351e+06	
      3489.987	     1.08086e+06	
      3495.922	     1.09372e+06	
      3516.795	     1.13946e+06	
      3519.762	     1.14603e+06	
      3543.602	     1.19941e+06	
      3567.442	     1.25478e+06	
      3591.283	     1.31130e+06	
      3635.884	     1.42153e+06	
      3638.963	     1.42929e+06	
      3642.042	     1.43727e+06	
      3643.122	     1.44007e+06	
      3645.121	     1.44525e+06	
      3645.281	     1.44567e+06	
      3647.121	     1.45045e+06	
      3648.960	     1.45523e+06	
      3651.320	     1.46137e+06	
      3652.639	     1.46481e+06	
      3653.959	     1.46826e+06	
      3654.239	     1.46899e+06	
      3656.598	     1.47515e+06	
      3658.958	     1.48132e+06	
      3663.397	     1.49294e+06	
      3663.676	     1.49368e+06	
      3663.956	     1.49441e+06	
      3664.516	     1.49588e+06	
      3665.636	     1.49882e+06	
      3666.796	     1.50186e+06	
      3667.875	     1.50470e+06	
      3668.275	     1.50575e+06	
      3668.955	     1.50753e+06	
      3671.115	     1.51321e+06	
      3673.954	     1.52068e+06	
      3675.202	     1.52397e+06	
      3678.952	     1.53386e+06	
      3682.583	     1.54346e+06	
      3682.703	     1.54377e+06	
      3682.822	     1.54409e+06	
      3683.062	     1.54472e+06	
      3683.178	     1.54503e+06	
      3683.542	     1.54599e+06	
      3684.502	     1.54853e+06	
      3684.819	     1.54937e+06	
      3685.826	     1.55204e+06	
      3686.832	     1.55470e+06	
      3688.742	     1.55976e+06	
      3688.846	     1.56004e+06	
      3688.939	     1.56028e+06	
      3688.950	     1.56031e+06	
      3689.158	     1.56087e+06	
      3689.377	     1.56145e+06	
      3689.730	     1.56238e+06	
      3689.815	     1.56261e+06	
      3689.900	     1.56283e+06	
      3690.070	     1.56328e+06	
      3690.410	     1.56419e+06	
      3690.624	     1.56476e+06	
      3691.089	     1.56599e+06	
      3691.469	     1.56699e+06	
      3691.554	     1.56722e+06	
      3691.700	     1.56761e+06	
      3692.484	     1.56969e+06	
      3693.499	     1.57238e+06	
      3694.397	     1.57477e+06	
      3695.297	     1.57716e+06	
      3695.808	     1.57852e+06	
      3696.197	     1.57956e+06	
      3696.525	     1.58043e+06	
      3696.586	     1.58059e+06	
      3696.647	     1.58075e+06	
      3696.666	     1.58080e+06	
      3696.759	     1.58105e+06	
      3696.769	     1.58107e+06	
      3696.872	     1.58135e+06	
      3696.929	     1.58150e+06	
      3696.985	     1.58165e+06	
      3697.041	     1.58180e+06	
      3697.097	     1.58195e+06	
      3697.153	     1.58209e+06	
      3697.209	     1.58224e+06	
      3697.265	     1.58239e+06	
      3697.322	     1.58254e+06	
      3697.347	     1.58261e+06	
      3697.405	     1.58277e+06	
      3697.434	     1.58284e+06	
      3697.463	     1.58292e+06	
      3697.499	     1.58301e+06	
      3697.529	     1.58310e+06	
      3697.579	     1.58323e+06	
      3697.659	     1.58344e+06	
      3697.819	     1.58387e+06	
      3698.109	     1.58464e+06	
      3698.429	     1.58549e+06	
      3698.688	     1.58618e+06	
      3698.886	     1.58671e+06	
      3698.947	     1.58687e+06	
      3699.008	     1.58703e+06	
      3699.130	     1.58736e+06	
      3699.374	     1.58800e+06	
      3699.533	     1.58843e+06	
      3699.862	     1.58930e+06	
      3699.879	     1.58935e+06	
      3700.191	     1.59018e+06	
      3700.198	     1.59020e+06	
      3700.503	     1.59101e+06	
      3700.808	     1.59182e+06	
      3700.842	     1.59191e+06	
      3701.092	     1.59258e+06	
      3701.418	     1.59344e+06	
      3701.994	     1.59498e+06	
      3702.444	     1.59618e+06	
      3702.895	     1.59738e+06	
      3703.121	     1.59798e+06	
      3703.346	     1.59858e+06	
      3703.458	     1.59888e+06	
      3703.571	     1.59918e+06	
      3703.628	     1.59934e+06	
      3703.684	     1.59949e+06	
      3703.740	     1.59964e+06	
      3703.797	     1.59979e+06	
      3703.853	     1.59993e+06	
      3703.909	     1.60009e+06	
      3703.966	     1.60024e+06	
      3704.022	     1.60039e+06	
      3704.085	     1.60055e+06	
      3704.134	     1.60069e+06	
      3704.185	     1.60082e+06	
      3704.210	     1.60089e+06	
      3704.222	     1.60092e+06	
      3704.285	     1.60109e+06	
      3704.314	     1.60117e+06	
      3704.360	     1.60129e+06	
      3704.406	     1.60141e+06	
      3704.491	     1.60164e+06	
      3704.567	     1.60184e+06	
      3704.590	     1.60190e+06	
      3704.689	     1.60217e+06	
      3704.811	     1.60249e+06	
      3705.055	     1.60314e+06	
      3705.373	     1.60399e+06	
      3705.543	     1.60444e+06	
      3705.713	     1.60490e+06	
      3706.052	     1.60580e+06	
      3706.073	     1.60586e+06	
      3706.732	     1.60762e+06	
      3707.267	     1.60905e+06	
      3707.391	     1.60938e+06	
      3707.515	     1.60971e+06	
      3707.614	     1.60997e+06	
      3707.763	     1.61037e+06	
      3707.912	     1.61077e+06	
      3708.118	     1.61132e+06	
      3708.210	     1.61156e+06	
      3708.302	     1.61181e+06	
      3708.486	     1.61230e+06	
      3708.763	     1.61304e+06	
      3708.854	     1.61328e+06	
      3708.873	     1.61333e+06	
      3708.945	     1.61353e+06	
      3709.127	     1.61401e+06	
      3709.206	     1.61423e+06	
      3709.491	     1.61499e+06	
      3710.108	     1.61664e+06	
      3710.902	     1.61876e+06	
      3711.011	     1.61905e+06	
      3711.120	     1.61934e+06	
      3711.213	     1.61959e+06	
      3711.323	     1.61989e+06	
      3711.338	     1.61992e+06	
      3711.463	     1.62026e+06	
      3711.517	     1.62041e+06	
      3711.576	     1.62056e+06	
      3711.603	     1.62063e+06	
      3711.689	     1.62086e+06	
      3711.746	     1.62102e+06	
      3711.802	     1.62117e+06	
      3711.858	     1.62132e+06	
      3711.915	     1.62147e+06	
      3711.971	     1.62162e+06	
      3712.027	     1.62177e+06	
      3712.084	     1.62192e+06	
      3712.140	     1.62207e+06	
      3712.203	     1.62224e+06	
      3712.252	     1.62237e+06	
      3712.303	     1.62251e+06	
      3712.327	     1.62257e+06	
      3712.331	     1.62258e+06	
      3712.403	     1.62277e+06	
      3712.479	     1.62298e+06	
      3712.631	     1.62338e+06	
      3712.931	     1.62418e+06	
      3713.228	     1.62498e+06	
      3713.531	     1.62579e+06	
      3713.833	     1.62660e+06	
      3714.242	     1.62770e+06	
      3714.420	     1.62817e+06	
      3714.439	     1.62822e+06	
      3714.636	     1.62875e+06	
      3715.030	     1.62980e+06	
      3715.640	     1.63144e+06	
      3716.765	     1.63445e+06	
      3716.790	     1.63452e+06	
      3716.860	     1.63471e+06	
      3716.955	     1.63496e+06	
      3717.145	     1.63547e+06	
      3717.524	     1.63649e+06	
      3718.189	     1.63827e+06	
      3718.259	     1.63846e+06	
      3718.329	     1.63864e+06	
      3718.469	     1.63902e+06	
      3718.556	     1.63925e+06	
      3718.631	     1.63945e+06	
      3718.734	     1.63973e+06	
      3718.749	     1.63977e+06	
      3718.942	     1.64029e+06	
      3719.253	     1.64112e+06	
      3719.474	     1.64171e+06	
      3719.772	     1.64251e+06	
      3720.070	     1.64331e+06	
      3720.356	     1.64400e+06	
      3720.523	     1.64439e+06	
      3720.666	     1.64474e+06	
      3720.976	     1.64548e+06	
      3721.202	     1.64599e+06	
      3721.428	     1.64650e+06	
      3721.542	     1.64676e+06	
      3721.655	     1.64701e+06	
      3721.711	     1.64714e+06	
      3721.768	     1.64727e+06	
      3721.825	     1.64739e+06	
      3721.881	     1.64752e+06	
      3721.938	     1.64765e+06	
      3721.995	     1.64777e+06	
      3722.051	     1.64790e+06	
      3722.108	     1.64803e+06	
      3722.221	     1.64828e+06	
      3722.398	     1.64868e+06	
      3722.447	     1.64879e+06	
      3722.498	     1.64891e+06	
      3722.598	     1.64913e+06	
      3722.695	     1.64935e+06	
      3722.798	     1.64958e+06	
      3722.901	     1.64982e+06	
      3723.107	     1.65028e+06	
      3723.231	     1.65056e+06	
      3723.519	     1.65121e+06	
      3723.807	     1.65186e+06	
      3724.383	     1.65315e+06	
      3725.451	     1.65556e+06	
      3725.534	     1.65575e+06	
      3725.617	     1.65593e+06	
      3725.751	     1.65624e+06	
      3725.783	     1.65631e+06	
      3725.916	     1.65661e+06	
      3725.931	     1.65664e+06	
      3726.115	     1.65706e+06	
      3726.479	     1.65787e+06	
      3727.042	     1.65914e+06	
      3727.366	     1.65988e+06	
      3728.153	     1.66165e+06	
      3728.639	     1.66274e+06	
      3728.940	     1.66342e+06	
      3729.009	     1.66358e+06	
      3729.240	     1.66410e+06	
      3729.842	     1.66546e+06	
      3730.676	     1.66734e+06	
      3732.194	     1.67076e+06	
      3732.344	     1.67110e+06	
      3732.494	     1.67144e+06	
      3732.794	     1.67212e+06	
      3733.352	     1.67338e+06	
      3733.384	     1.67345e+06	
      3733.393	     1.67347e+06	
      3733.402	     1.67349e+06	
      3733.452	     1.67360e+06	
      3733.552	     1.67383e+06	
      3733.648	     1.67405e+06	
      3733.752	     1.67428e+06	
      3733.856	     1.67452e+06	
      3734.004	     1.67485e+06	
      3734.044	     1.67494e+06	
      3734.064	     1.67499e+06	
      3734.084	     1.67503e+06	
      3734.131	     1.67514e+06	
      3734.140	     1.67516e+06	
      3734.164	     1.67521e+06	
      3734.197	     1.67529e+06	
      3734.254	     1.67541e+06	
      3734.311	     1.67554e+06	
      3734.368	     1.67567e+06	
      3734.425	     1.67580e+06	
      3734.482	     1.67593e+06	
      3734.539	     1.67606e+06	
      3734.652	     1.67631e+06	
      3734.829	     1.67671e+06	
      3734.878	     1.67682e+06	
      3734.929	     1.67694e+06	
      3735.029	     1.67716e+06	
      3735.124	     1.67738e+06	
      3735.173	     1.67749e+06	
      3735.229	     1.67762e+06	
      3735.334	     1.67785e+06	
      3735.391	     1.67798e+06	
      3735.495	     1.67822e+06	
      3735.817	     1.67894e+06	
      3736.000	     1.67936e+06	
      3736.243	     1.67990e+06	
      3736.486	     1.68045e+06	
      3736.971	     1.68155e+06	
      3737.826	     1.68348e+06	
      3737.943	     1.68375e+06	
      3738.060	     1.68401e+06	
      3738.294	     1.68454e+06	
      3738.587	     1.68520e+06	
      3738.762	     1.68560e+06	
      3738.937	     1.68599e+06	
      3739.287	     1.68678e+06	
      3739.498	     1.68726e+06	
      3739.987	     1.68836e+06	
      3740.476	     1.68947e+06	
      3741.212	     1.69114e+06	
      3741.453	     1.69168e+06	
      3741.694	     1.69223e+06	
      3742.092	     1.69313e+06	
      3742.176	     1.69332e+06	
      3742.260	     1.69351e+06	
      3742.428	     1.69389e+06	
      3742.671	     1.69444e+06	
      3742.733	     1.69458e+06	
      3742.764	     1.69465e+06	
      3742.795	     1.69472e+06	
      3742.864	     1.69487e+06	
      3742.919	     1.69500e+06	
      3743.167	     1.69556e+06	
      3743.663	     1.69668e+06	
      3744.620	     1.69885e+06	
      3744.654	     1.69892e+06	
      3746.445	     1.70298e+06	
      3747.605	     1.70560e+06	
      3748.269	     1.70711e+06	
      3748.844	     1.70841e+06	
      3748.904	     1.70855e+06	
      3748.934	     1.70861e+06	
      3748.964	     1.70868e+06	
      3748.986	     1.70873e+06	
      3749.084	     1.70895e+06	
      3749.118	     1.70903e+06	
      3749.182	     1.70918e+06	
      3749.378	     1.70962e+06	
      3749.409	     1.70969e+06	
      3749.638	     1.71021e+06	
      3749.753	     1.71047e+06	
      3749.867	     1.71073e+06	
      3749.924	     1.71086e+06	
      3749.981	     1.71099e+06	
      3750.038	     1.71112e+06	
      3750.095	     1.71124e+06	
      3750.152	     1.71137e+06	
      3750.209	     1.71150e+06	
      3750.266	     1.71163e+06	
      3750.323	     1.71176e+06	
      3750.437	     1.71202e+06	
      3750.616	     1.71243e+06	
      3750.665	     1.71254e+06	
      3750.716	     1.71265e+06	
      3750.816	     1.71288e+06	
      3750.910	     1.71309e+06	
      3751.016	     1.71333e+06	
      3751.122	     1.71357e+06	
      3751.334	     1.71405e+06	
      3751.481	     1.71439e+06	
      3751.758	     1.71501e+06	
      3752.035	     1.71564e+06	
      3752.588	     1.71690e+06	
      3753.533	     1.71904e+06	
      3753.696	     1.71941e+06	
      3753.782	     1.71960e+06	
      3753.859	     1.71978e+06	
      3754.185	     1.72052e+06	
      3754.274	     1.72072e+06	
      3754.837	     1.72199e+06	
      3755.892	     1.72439e+06	
      3756.086	     1.72483e+06	
      3757.473	     1.72798e+06	
      3757.509	     1.72806e+06	
      3757.548	     1.72815e+06	
      3758.932	     1.73128e+06	
      3760.390	     1.73460e+06	
      3761.656	     1.73747e+06	
      3762.717	     1.73988e+06	
      3763.233	     1.74105e+06	
      3764.809	     1.74463e+06	
      3765.066	     1.74521e+06	
      3766.902	     1.74938e+06	
      3768.545	     1.75312e+06	
      3768.737	     1.75355e+06	
      3768.929	     1.75399e+06	
      3768.971	     1.75408e+06	
      3769.196	     1.75460e+06	
      3769.313	     1.75486e+06	
      3769.655	     1.75564e+06	
      3769.885	     1.75616e+06	
      3770.114	     1.75668e+06	
      3770.228	     1.75694e+06	
      3770.343	     1.75720e+06	
      3770.401	     1.75733e+06	
      3770.458	     1.75746e+06	
      3770.515	     1.75759e+06	
      3770.573	     1.75772e+06	
      3770.630	     1.75785e+06	
      3770.687	     1.75798e+06	
      3770.745	     1.75811e+06	
      3770.802	     1.75825e+06	
      3770.867	     1.75839e+06	
      3770.916	     1.75850e+06	
      3770.967	     1.75862e+06	
      3770.988	     1.75867e+06	
      3771.003	     1.75870e+06	
      3771.067	     1.75885e+06	
      3771.146	     1.75903e+06	
      3771.304	     1.75939e+06	
      3771.604	     1.76007e+06	
      3771.890	     1.76072e+06	
      3771.951	     1.76086e+06	
      3772.206	     1.76144e+06	
      3772.522	     1.76216e+06	
      3773.154	     1.76360e+06	
      3774.357	     1.76633e+06	
      3775.497	     1.76893e+06	
      3776.762	     1.77180e+06	
      3777.127	     1.77263e+06	
      3778.027	     1.77468e+06	
      3778.399	     1.77553e+06	
      3778.927	     1.77673e+06	
      3780.726	     1.78083e+06	
      3781.844	     1.78338e+06	
      3783.053	     1.78613e+06	
      3783.159	     1.78638e+06	
      3784.263	     1.78889e+06	
      3785.367	     1.79141e+06	
      3786.225	     1.79336e+06	
      3787.401	     1.79604e+06	
      3787.574	     1.79644e+06	
      3788.924	     1.79952e+06	
      3790.447	     1.80299e+06	
      3792.841	     1.80845e+06	
      3793.492	     1.80993e+06	
      3794.143	     1.81142e+06	
      3794.897	     1.81314e+06	
      3795.066	     1.81353e+06	
      3795.444	     1.81439e+06	
      3795.991	     1.81564e+06	
      3796.454	     1.81670e+06	
      3796.916	     1.81775e+06	
      3797.147	     1.81828e+06	
      3797.378	     1.81880e+06	
      3797.494	     1.81907e+06	
      3797.609	     1.81933e+06	
      3797.666	     1.81946e+06	
      3797.724	     1.81959e+06	
      3797.782	     1.81972e+06	
      3797.840	     1.81986e+06	
      3797.898	     1.81999e+06	
      3797.956	     1.82012e+06	
      3798.014	     1.82025e+06	
      3798.072	     1.82038e+06	
      3798.187	     1.82065e+06	
      3798.367	     1.82106e+06	
      3798.416	     1.82117e+06	
      3798.467	     1.82129e+06	
      3798.567	     1.82152e+06	
      3798.655	     1.82172e+06	
      3798.753	     1.82194e+06	
      3798.767	     1.82197e+06	
      3798.837	     1.82213e+06	
      3798.879	     1.82223e+06	
      3798.921	     1.82232e+06	
      3799.046	     1.82261e+06	
      3799.089	     1.82271e+06	
      3799.425	     1.82347e+06	
      3799.471	     1.82358e+06	
      3799.804	     1.82434e+06	
      3800.562	     1.82607e+06	
      3801.653	     1.82856e+06	
      3802.319	     1.83008e+06	
      3803.834	     1.83354e+06	
      3805.349	     1.83700e+06	
      3807.837	     1.84268e+06	
      3808.378	     1.84391e+06	
      3808.919	     1.84515e+06	
      3810.000	     1.84762e+06	
      3811.586	     1.85125e+06	
      3812.164	     1.85257e+06	
      3812.742	     1.85389e+06	
      3813.897	     1.85653e+06	
      3815.777	     1.86083e+06	
      3816.093	     1.86155e+06	
      3816.209	     1.86181e+06	
      3816.641	     1.86280e+06	
      3817.439	     1.86469e+06	
      3817.504	     1.86484e+06	
      3818.916	     1.86817e+06	
      3820.393	     1.87171e+06	
      3822.566	     1.87693e+06	
      3823.346	     1.87880e+06	
      3823.512	     1.87920e+06	
      3824.126	     1.88067e+06	
      3825.685	     1.88442e+06	
      3826.804	     1.88711e+06	
      3827.859	     1.88964e+06	
      3828.914	     1.89217e+06	
      3830.454	     1.89588e+06	
      3831.023	     1.89724e+06	
      3831.592	     1.89861e+06	
      3832.001	     1.89959e+06	
      3832.525	     1.90085e+06	
      3832.730	     1.90134e+06	
      3833.458	     1.90310e+06	
      3833.925	     1.90422e+06	
      3834.392	     1.90534e+06	
      3834.626	     1.90590e+06	
      3834.859	     1.90646e+06	
      3834.975	     1.90674e+06	
      3835.092	     1.90702e+06	
      3835.151	     1.90716e+06	
      3835.209	     1.90730e+06	
      3835.267	     1.90744e+06	
      3835.326	     1.90758e+06	
      3835.384	     1.90772e+06	
      3835.442	     1.90786e+06	
      3835.501	     1.90800e+06	
      3835.559	     1.90814e+06	
      3835.626	     1.90830e+06	
      3835.675	     1.90842e+06	
      3835.726	     1.90854e+06	
      3835.743	     1.90858e+06	
      3835.774	     1.90866e+06	
      3835.826	     1.90878e+06	
      3835.909	     1.90898e+06	
      3836.075	     1.90938e+06	
      3836.376	     1.91011e+06	
      3836.646	     1.91076e+06	
      3836.977	     1.91155e+06	
      3837.029	     1.91168e+06	
      3837.308	     1.91235e+06	
      3837.970	     1.91394e+06	
      3838.647	     1.91556e+06	
      3838.911	     1.91620e+06	
      3839.175	     1.91683e+06	
      3839.703	     1.91810e+06	
      3840.758	     1.92063e+06	
      3842.753	     1.92543e+06	
      3842.831	     1.92562e+06	
      3842.870	     1.92571e+06	
      3842.909	     1.92581e+06	
      3843.065	     1.92618e+06	
      3843.377	     1.92693e+06	
      3844.001	     1.92843e+06	
      3844.588	     1.92984e+06	
      3845.248	     1.93143e+06	
      3845.547	     1.93215e+06	
      3845.908	     1.93301e+06	
      3847.228	     1.93619e+06	
      3847.442	     1.93670e+06	
      3848.908	     1.94023e+06	
      3850.375	     1.94375e+06	
      3851.976	     1.94760e+06	
      3853.308	     1.95081e+06	
      3854.640	     1.95401e+06	
      3855.701	     1.95656e+06	
      3857.303	     1.96041e+06	
      3858.906	     1.96427e+06	
      3862.006	     1.97172e+06	
      3862.111	     1.97198e+06	
      3862.216	     1.97223e+06	
      3862.426	     1.97273e+06	
      3862.846	     1.97374e+06	
      3863.685	     1.97576e+06	
      3865.170	     1.97933e+06	
      3865.365	     1.97980e+06	
      3865.560	     1.98027e+06	
      3865.950	     1.98121e+06	
      3866.730	     1.98308e+06	
      3867.675	     1.98536e+06	
      3868.289	     1.98683e+06	
      3868.903	     1.98831e+06	
      3870.131	     1.99126e+06	
      3871.324	     1.99413e+06	
      3872.586	     1.99716e+06	
      3873.848	     2.00020e+06	
      3876.324	     2.00615e+06	
      3876.368	     2.00626e+06	
      3876.371	     2.00626e+06	
      3876.374	     2.00627e+06	
      3876.424	     2.00639e+06	
      3876.524	     2.00663e+06	
      3876.724	     2.00711e+06	
      3876.947	     2.00765e+06	
      3877.124	     2.00807e+06	
      3877.924	     2.00999e+06	
      3878.900	     2.01234e+06	
      3880.290	     2.01568e+06	
      3880.854	     2.01704e+06	
      3881.418	     2.01839e+06	
      3882.546	     2.02110e+06	
      3884.398	     2.02555e+06	
      3884.801	     2.02653e+06	
      3884.923	     2.02682e+06	
      3885.204	     2.02749e+06	
      3886.010	     2.02943e+06	
      3886.151	     2.02977e+06	
      3887.096	     2.03204e+06	
      3887.568	     2.03318e+06	
      3888.042	     2.03431e+06	
      3888.280	     2.03488e+06	
      3888.516	     2.03545e+06	
      3888.633	     2.03573e+06	
      3888.752	     2.03602e+06	
      3888.844	     2.03624e+06	
      3888.866	     2.03629e+06	
      3888.871	     2.03630e+06	
      3888.898	     2.03637e+06	
      3888.930	     2.03644e+06	
      3888.989	     2.03658e+06	
      3889.048	     2.03673e+06	
      3889.107	     2.03687e+06	
      3889.166	     2.03701e+06	
      3889.225	     2.03715e+06	
      3889.294	     2.03732e+06	
      3889.343	     2.03744e+06	
      3889.394	     2.03756e+06	
      3889.408	     2.03760e+06	
      3889.450	     2.03770e+06	
      3889.494	     2.03780e+06	
      3889.580	     2.03801e+06	
      3889.752	     2.03842e+06	
      3890.054	     2.03915e+06	
      3890.315	     2.03978e+06	
      3890.474	     2.04016e+06	
      3890.657	     2.04060e+06	
      3890.999	     2.04142e+06	
      3891.683	     2.04307e+06	
      3892.892	     2.04597e+06	
      3893.942	     2.04849e+06	
      3894.458	     2.04973e+06	
      3895.309	     2.05178e+06	
      3896.219	     2.05396e+06	
      3896.677	     2.05506e+06	
      3898.895	     2.06039e+06	
      3899.603	     2.06209e+06	
      3901.572	     2.06682e+06	
      3903.894	     2.07240e+06	
      3904.248	     2.07325e+06	
      3908.893	     2.08440e+06	
      3913.891	     2.09640e+06	
      3918.890	     2.10935e+06	
      3923.889	     2.12246e+06	
      3928.216	     2.13380e+06	
      3928.353	     2.13416e+06	
      3928.887	     2.13556e+06	
      3929.559	     2.13732e+06	
      3930.903	     2.14084e+06	
      3933.453	     2.14752e+06	
      3935.810	     2.15369e+06	
      3937.347	     2.15771e+06	
      3938.885	     2.16174e+06	
      3940.036	     2.16475e+06	
      3941.960	     2.16978e+06	
      3943.883	     2.17481e+06	
      3946.579	     2.18185e+06	
      3947.730	     2.18486e+06	
      3948.882	     2.18786e+06	
      3950.653	     2.19249e+06	
      3951.015	     2.19343e+06	
      3951.186	     2.19388e+06	
      3951.718	     2.19527e+06	
      3952.784	     2.19805e+06	
      3954.554	     2.20267e+06	
      3957.306	     2.20985e+06	
      3958.093	     2.21190e+06	
      3958.624	     2.21328e+06	
      3958.880	     2.21395e+06	
      3960.453	     2.21805e+06	
      3962.283	     2.22282e+06	
      3965.737	     2.23181e+06	
      3965.942	     2.23235e+06	
      3966.147	     2.23288e+06	
      3966.557	     2.23395e+06	
      3966.675	     2.23425e+06	
      3967.279	     2.23583e+06	
      3967.376	     2.23608e+06	
      3968.078	     2.23791e+06	
      3968.709	     2.23955e+06	
      3968.877	     2.23998e+06	
      3969.045	     2.24042e+06	
      3969.234	     2.24091e+06	
      3969.287	     2.24105e+06	
      3969.381	     2.24129e+06	
      3969.528	     2.24167e+06	
      3969.648	     2.24199e+06	
      3969.769	     2.24230e+06	
      3969.830	     2.24246e+06	
      3969.890	     2.24261e+06	
      3969.950	     2.24277e+06	
      3970.011	     2.24293e+06	
      3970.071	     2.24308e+06	
      3970.131	     2.24324e+06	
      3970.192	     2.24340e+06	
      3970.252	     2.24356e+06	
      3970.323	     2.24374e+06	
      3970.372	     2.24387e+06	
      3970.423	     2.24400e+06	
      3970.432	     2.24402e+06	
      3970.495	     2.24419e+06	
      3970.523	     2.24426e+06	
      3970.613	     2.24450e+06	
      3970.795	     2.24497e+06	
      3971.096	     2.24576e+06	
      3971.333	     2.24637e+06	
      3971.591	     2.24705e+06	
      3971.698	     2.24732e+06	
      3972.063	     2.24827e+06	
      3972.793	     2.25017e+06	
      3973.995	     2.25329e+06	
      3974.936	     2.25574e+06	
      3976.398	     2.25954e+06	
      3976.845	     2.26070e+06	
      3977.860	     2.26334e+06	
      3978.874	     2.26597e+06	
      3979.577	     2.26779e+06	
      3980.904	     2.27123e+06	
      3982.230	     2.27467e+06	
      3984.180	     2.27972e+06	
      3984.884	     2.28155e+06	
      3985.119	     2.28216e+06	
      3985.588	     2.28337e+06	
      3986.995	     2.28702e+06	
      3988.872	     2.29187e+06	
      3991.379	     2.29835e+06	
      3992.625	     2.30158e+06	
      3993.854	     2.30476e+06	
      3993.870	     2.30480e+06	
      3996.362	     2.31123e+06	
      3998.869	     2.31770e+06	
      4003.868	     2.33059e+06	
      4008.866	     2.34346e+06	
      4013.865	     2.35653e+06	
      4018.864	     2.36986e+06	
      4023.863	     2.38318e+06	
      4025.341	     2.38711e+06	
      4028.861	     2.39646e+06	
      4032.381	     2.40581e+06	
      4032.946	     2.40730e+06	
      4033.860	     2.40972e+06	
      4035.902	     2.41514e+06	
      4038.859	     2.42296e+06	
      4043.857	     2.43617e+06	
      4048.856	     2.44936e+06	
      4053.855	     2.46251e+06	
      4058.853	     2.47563e+06	
      4063.852	     2.48871e+06	
      4068.851	     2.50176e+06	
      4073.849	     2.51478e+06	
      4075.421	     2.51886e+06	
      4078.848	     2.52777e+06	
      4082.275	     2.53666e+06	
      4082.559	     2.53739e+06	
      4084.004	     2.54113e+06	
      4085.702	     2.54553e+06	
      4088.845	     2.55364e+06	
      4089.695	     2.55582e+06	
      4093.687	     2.56610e+06	
      4096.515	     2.57337e+06	
      4097.679	     2.57636e+06	
      4098.010	     2.57721e+06	
      4098.678	     2.57892e+06	
      4098.843	     2.57935e+06	
      4099.676	     2.58148e+06	
      4100.174	     2.58276e+06	
      4100.673	     2.58404e+06	
      4100.922	     2.58467e+06	
      4101.172	     2.58531e+06	
      4101.297	     2.58563e+06	
      4101.422	     2.58595e+06	
      4101.485	     2.58611e+06	
      4101.547	     2.58626e+06	
      4101.609	     2.58642e+06	
      4101.672	     2.58658e+06	
      4101.734	     2.58674e+06	
      4101.797	     2.58690e+06	
      4101.859	     2.58706e+06	
      4101.922	     2.58722e+06	
      4102.047	     2.58755e+06	
      4102.296	     2.58819e+06	
      4102.745	     2.58934e+06	
      4102.794	     2.58947e+06	
      4102.845	     2.58960e+06	
      4102.945	     2.58986e+06	
      4103.145	     2.59037e+06	
      4103.296	     2.59076e+06	
      4103.545	     2.59140e+06	
      4103.794	     2.59203e+06	
      4104.291	     2.59331e+06	
      4104.785	     2.59457e+06	
      4105.287	     2.59586e+06	
      4105.789	     2.59714e+06	
      4106.793	     2.59971e+06	
      4108.680	     2.60453e+06	
      4108.760	     2.60474e+06	
      4108.800	     2.60484e+06	
      4108.840	     2.60494e+06	
      4108.859	     2.60499e+06	
      4109.000	     2.60538e+06	
      4109.320	     2.60625e+06	
      4109.781	     2.60751e+06	
      4110.703	     2.61002e+06	
      4111.319	     2.61169e+06	
      4112.546	     2.61504e+06	
      4113.774	     2.61838e+06	
      4114.693	     2.62088e+06	
      4116.229	     2.62506e+06	
      4116.694	     2.62632e+06	
      4117.766	     2.62923e+06	
      4118.126	     2.63021e+06	
      4118.838	     2.63214e+06	
      4120.981	     2.63794e+06	
      4123.836	     2.64567e+06	
      4126.144	     2.65190e+06	
      4128.835	     2.65917e+06	
      4129.605	     2.66124e+06	
      4131.526	     2.66641e+06	
      4133.834	     2.67262e+06	
      4134.219	     2.67365e+06	
      4138.832	     2.68602e+06	
      4143.831	     2.69939e+06	
      4148.830	     2.71270e+06	
      4153.828	     2.72598e+06	
      4158.827	     2.73925e+06	
      4163.826	     2.75247e+06	
      4168.824	     2.76566e+06	
      4173.823	     2.77879e+06	
      4178.822	     2.79188e+06	
      4183.820	     2.80492e+06	
      4188.819	     2.81791e+06	
      4193.818	     2.83085e+06	
      4198.817	     2.84373e+06	
      4203.815	     2.85657e+06	
      4208.814	     2.86954e+06	
      4213.813	     2.88261e+06	
      4216.525	     2.88967e+06	
      4217.242	     2.89153e+06	
      4218.811	     2.89562e+06	
      4221.098	     2.90155e+06	
      4223.810	     2.90856e+06	
      4224.954	     2.91153e+06	
      4228.809	     2.92155e+06	
      4233.807	     2.93448e+06	
      4238.806	     2.94733e+06	
      4243.805	     2.96012e+06	
      4248.803	     2.97284e+06	
      4253.802	     2.98549e+06	
      4258.801	     2.99807e+06	
      4263.799	     3.01057e+06	
      4268.798	     3.02300e+06	
      4273.797	     3.03536e+06	
      4278.795	     3.04764e+06	
      4283.794	     3.05985e+06	
      4288.793	     3.07198e+06	
      4293.791	     3.08404e+06	
      4298.790	     3.09601e+06	
      4303.789	     3.10783e+06	
      4308.788	     3.11916e+06	
      4313.786	     3.13042e+06	
      4314.073	     3.13106e+06	
      4318.785	     3.14159e+06	
      4320.854	     3.14621e+06	
      4323.497	     3.15209e+06	
      4326.139	     3.15793e+06	
      4326.475	     3.15868e+06	
      4328.782	     3.16377e+06	
      4330.233	     3.16695e+06	
      4331.090	     3.16883e+06	
      4331.149	     3.16899e+06	
      4331.946	     3.17072e+06	
      4333.660	     3.17449e+06	
      4334.060	     3.17533e+06	
      4336.171	     3.17995e+06	
      4337.786	     3.18347e+06	
      4338.220	     3.18441e+06	
      4338.283	     3.18457e+06	
      4338.780	     3.18564e+06	
      4338.812	     3.18570e+06	
      4339.339	     3.18683e+06	
      4339.602	     3.18740e+06	
      4339.867	     3.18796e+06	
      4340.001	     3.18825e+06	
      4340.132	     3.18853e+06	
      4340.197	     3.18865e+06	
      4340.263	     3.18881e+06	
      4340.329	     3.18894e+06	
      4340.395	     3.18906e+06	
      4340.461	     3.18919e+06	
      4340.527	     3.18934e+06	
      4340.593	     3.18950e+06	
      4340.659	     3.18966e+06	
      4340.791	     3.18997e+06	
      4341.005	     3.19044e+06	
      4341.055	     3.19054e+06	
      4341.105	     3.19066e+06	
      4341.205	     3.19088e+06	
      4341.227	     3.19095e+06	
      4341.238	     3.19095e+06	
      4341.405	     3.19132e+06	
      4341.583	     3.19170e+06	
      4341.939	     3.19249e+06	
      4342.640	     3.19403e+06	
      4343.330	     3.19553e+06	
      4343.570	     3.19604e+06	
      4344.041	     3.19707e+06	
      4344.752	     3.19861e+06	
      4346.174	     3.20169e+06	
      4348.578	     3.20687e+06	
      4348.777	     3.20731e+06	
      4348.976	     3.20772e+06	
      4349.374	     3.20857e+06	
      4350.170	     3.21030e+06	
      4350.322	     3.21061e+06	
      4351.761	     3.21372e+06	
      4353.201	     3.21680e+06	
      4354.734	     3.22007e+06	
      4356.077	     3.22293e+06	
      4356.080	     3.22293e+06	
      4357.426	     3.22582e+06	
      4358.774	     3.22868e+06	
      4359.170	     3.22953e+06	
      4361.472	     3.23430e+06	
      4363.773	     3.23917e+06	
      4367.980	     3.24800e+06	
      4368.376	     3.24885e+06	
      4368.524	     3.24916e+06	
      4368.772	     3.24966e+06	
      4369.563	     3.25133e+06	
      4371.147	     3.25463e+06	
      4373.770	     3.26012e+06	
      4378.769	     3.27046e+06	
      4383.768	     3.28077e+06	
      4388.766	     3.29098e+06	
      4393.765	     3.30112e+06	
      4398.764	     3.31121e+06	
      4403.762	     3.31938e+06	
      4408.761	     3.32676e+06	
      4413.760	     3.33411e+06	
      4418.758	     3.34143e+06	
      4423.757	     3.34869e+06	
      4428.756	     3.35594e+06	
      4433.754	     3.36314e+06	
      4438.753	     3.37033e+06	
      4443.752	     3.37746e+06	
      4448.751	     3.38456e+06	
      4453.749	     3.39160e+06	
      4458.748	     3.39864e+06	
      4463.747	     3.40561e+06	
      4468.745	     3.41259e+06	
      4473.744	     3.41950e+06	
      4478.743	     3.42638e+06	
      4483.741	     3.43323e+06	
      4488.740	     3.44001e+06	
      4493.739	     3.44680e+06	
      4498.737	     3.45472e+06	
      4503.736	     3.46549e+06	
      4508.735	     3.47614e+06	
      4513.733	     3.48670e+06	
      4514.118	     3.48748e+06	
      4518.732	     3.49713e+06	
      4523.346	     3.50665e+06	
      4527.190	     3.51450e+06	
      4527.960	     3.51607e+06	
      4528.729	     3.51764e+06	
      4530.269	     3.52075e+06	
      4532.968	     3.52622e+06	
      4533.288	     3.52685e+06	
      4533.348	     3.52697e+06	
      4533.728	     3.52773e+06	
      4534.488	     3.52927e+06	
      4536.007	     3.53228e+06	
      4538.727	     3.53772e+06	
      4543.725	     3.54758e+06	
      4548.724	     3.55732e+06	
      4553.723	     3.56696e+06	
      4558.721	     3.57651e+06	
      4563.720	     3.58594e+06	
      4568.719	     3.59524e+06	
      4573.717	     3.60444e+06	
      4578.716	     3.61355e+06	
      4583.715	     3.62254e+06	
      4588.713	     3.63143e+06	
      4593.712	     3.64019e+06	
      4596.529	     3.64444e+06	
      4596.984	     3.64513e+06	
      4598.711	     3.64770e+06	
      4600.892	     3.65088e+06	
      4603.709	     3.65493e+06	
      4604.800	     3.65650e+06	
      4608.708	     3.66209e+06	
      4613.707	     3.66919e+06	
      4618.705	     3.67623e+06	
      4623.704	     3.68320e+06	
      4628.703	     3.69008e+06	
      4633.701	     3.69693e+06	
      4638.700	     3.70372e+06	
      4643.699	     3.71044e+06	
      4648.697	     3.71707e+06	
      4653.696	     3.72367e+06	
      4658.695	     3.73020e+06	
      4663.694	     3.73664e+06	
      4668.692	     3.74305e+06	
      4673.691	     3.74940e+06	
      4678.690	     3.75568e+06	
      4683.688	     3.76190e+06	
      4688.687	     3.76806e+06	
      4693.686	     3.77396e+06	
      4698.684	     3.77959e+06	
      4703.683	     3.78515e+06	
      4708.682	     3.79068e+06	
      4713.680	     3.79614e+06	
      4715.603	     3.79825e+06	
      4718.679	     3.80158e+06	
      4720.984	     3.80406e+06	
      4721.755	     3.80488e+06	
      4723.678	     3.80695e+06	
      4724.830	     3.80818e+06	
      4728.676	     3.81226e+06	
      4733.675	     3.81754e+06	
      4738.674	     3.82275e+06	
      4743.672	     3.82794e+06	
      4748.671	     3.83306e+06	
      4753.670	     3.83815e+06	
      4758.668	     3.84317e+06	
      4763.667	     3.84814e+06	
      4768.666	     3.85307e+06	
      4773.664	     3.85794e+06	
      4778.663	     3.86278e+06	
      4783.662	     3.86758e+06	
      4788.660	     3.87233e+06	
      4793.659	     3.87688e+06	
      4798.658	     3.88141e+06	
      4803.656	     3.88590e+06	
      4808.655	     3.89036e+06	
      4813.654	     3.89476e+06	
      4818.652	     3.89912e+06	
      4823.651	     3.90343e+06	
      4828.650	     3.90770e+06	
      4833.648	     3.91194e+06	
      4834.972	     3.91304e+06	
      4838.647	     3.91612e+06	
      4839.161	     3.91656e+06	
      4842.322	     3.91920e+06	
      4845.483	     3.92181e+06	
      4845.503	     3.92181e+06	
      4847.054	     3.92310e+06	
      4848.644	     3.92438e+06	
      4851.785	     3.92696e+06	
      4854.393	     3.92906e+06	
      4856.517	     3.93076e+06	
      4858.401	     3.93227e+06	
      4858.642	     3.93246e+06	
      4858.664	     3.93246e+06	
      4858.883	     3.93265e+06	
      4859.364	     3.93302e+06	
      4859.473	     3.93309e+06	
      4860.065	     3.93356e+06	
      4860.361	     3.93378e+06	
      4860.657	     3.93397e+06	
      4860.805	     3.93406e+06	
      4860.953	     3.93415e+06	
      4861.027	     3.93419e+06	
      4861.101	     3.93422e+06	
      4861.175	     3.93425e+06	
      4861.248	     3.93425e+06	
      4861.322	     3.93431e+06	
      4861.396	     3.93437e+06	
      4861.470	     3.93447e+06	
      4861.543	     3.93456e+06	
      4861.641	     3.93469e+06	
      4861.687	     3.93475e+06	
      4861.689	     3.93475e+06	
      4861.691	     3.93475e+06	
      4861.695	     3.93475e+06	
      4861.741	     3.93481e+06	
      4861.841	     3.93491e+06	
      4861.979	     3.93503e+06	
      4861.987	     3.93506e+06	
      4862.279	     3.93532e+06	
      4862.579	     3.93560e+06	
      4862.596	     3.93560e+06	
      4863.178	     3.93610e+06	
      4863.727	     3.93657e+06	
      4863.761	     3.93660e+06	
      4864.927	     3.93758e+06	
      4866.127	     3.93858e+06	
      4868.413	     3.94044e+06	
      4868.526	     3.94053e+06	
      4868.639	     3.94063e+06	
      4868.865	     3.94081e+06	
      4869.317	     3.94119e+06	
      4869.583	     3.94141e+06	
      4870.221	     3.94191e+06	
      4870.858	     3.94245e+06	
      4872.134	     3.94348e+06	
      4874.623	     3.94549e+06	
      4874.685	     3.94553e+06	
      4874.747	     3.94559e+06	
      4874.871	     3.94568e+06	
      4875.119	     3.94587e+06	
      4875.615	     3.94628e+06	
      4876.607	     3.94707e+06	
      4878.452	     3.94854e+06	
      4878.544	     3.94864e+06	
      4878.590	     3.94867e+06	
      4878.636	     3.94870e+06	
      4878.820	     3.94886e+06	
      4879.188	     3.94914e+06	
      4879.526	     3.94942e+06	
      4879.924	     3.94974e+06	
      4880.322	     3.95005e+06	
      4880.941	     3.95055e+06	
      4881.118	     3.95068e+06	
      4882.709	     3.95194e+06	
      4884.478	     3.95335e+06	
      4887.396	     3.95561e+06	
      4888.015	     3.95608e+06	
      4888.634	     3.95658e+06	
      4889.871	     3.95753e+06	
      4891.061	     3.95844e+06	
      4892.347	     3.95941e+06	
      4893.632	     3.96042e+06	
      4893.777	     3.96051e+06	
      4896.204	     3.96237e+06	
      4898.631	     3.96422e+06	
      4903.340	     3.96774e+06	
      4903.485	     3.96786e+06	
      4903.630	     3.96796e+06	
      4903.920	     3.96818e+06	
      4904.499	     3.96862e+06	
      4905.659	     3.96947e+06	
      4907.328	     3.97072e+06	
      4907.977	     3.97119e+06	
      4908.628	     3.97170e+06	
      4909.929	     3.97264e+06	
      4911.434	     3.97377e+06	
      4912.530	     3.97455e+06	
      4913.014	     3.97493e+06	
      4913.627	     3.97537e+06	
      4915.550	     3.97679e+06	
      4915.820	     3.97697e+06	
      4918.240	     3.97873e+06	
      4918.626	     3.97902e+06	
      4921.701	     3.98125e+06	
      4923.624	     3.98263e+06	
      4925.162	     3.98373e+06	
      4928.623	     3.98621e+06	
      4933.622	     3.98973e+06	
      4938.620	     3.99322e+06	
      4943.619	     3.99670e+06	
      4948.618	     4.00010e+06	
      4953.616	     4.00349e+06	
      4958.615	     4.00685e+06	
      4963.614	     4.01015e+06	
      4968.612	     4.01342e+06	
      4973.611	     4.01665e+06	
      4978.610	     4.01986e+06	
      4983.608	     4.02300e+06	
      4988.607	     4.02598e+06	
      4993.606	     4.02897e+06	
      4998.604	     4.03189e+06	
      5003.603	     4.03478e+06	
      5008.602	     4.03767e+06	
      5013.600	     4.04050e+06	
      5018.599	     4.04329e+06	
      5023.598	     4.04609e+06	
      5028.596	     4.04882e+06	
      5033.595	     4.05152e+06	
      5038.594	     4.05419e+06	
      5043.592	     4.05686e+06	
      5048.591	     4.05947e+06	
      5053.590	     4.06205e+06	
      5058.588	     4.06462e+06	
      5063.587	     4.06714e+06	
      5068.586	     4.06962e+06	
      5073.584	     4.07210e+06	
      5078.583	     4.07455e+06	
      5083.582	     4.07675e+06	
      5088.580	     4.07886e+06	
      5093.579	     4.08096e+06	
      5098.578	     4.08300e+06	
      5103.576	     4.08504e+06	
      5108.575	     4.08705e+06	
      5113.574	     4.08907e+06	
      5118.572	     4.09101e+06	
      5123.571	     4.09296e+06	
      5128.570	     4.09488e+06	
      5133.568	     4.09676e+06	
      5138.567	     4.09865e+06	
      5143.566	     4.10050e+06	
      5148.564	     4.10232e+06	
      5153.563	     4.10411e+06	
      5158.562	     4.10590e+06	
      5163.560	     4.10766e+06	
      5168.559	     4.10939e+06	
      5173.558	     4.11109e+06	
      5178.556	     4.11269e+06	
      5183.555	     4.11407e+06	
      5188.554	     4.11545e+06	
      5193.552	     4.11681e+06	
      5198.551	     4.11813e+06	
      5203.550	     4.11944e+06	
      5208.548	     4.12073e+06	
      5213.547	     4.12199e+06	
      5218.546	     4.12325e+06	
      5223.544	     4.12447e+06	
      5228.543	     4.12567e+06	
      5233.542	     4.12686e+06	
      5238.540	     4.12805e+06	
      5243.539	     4.12918e+06	
      5248.537	     4.13031e+06	
      5253.536	     4.13145e+06	
      5258.535	     4.13255e+06	
      5263.533	     4.13361e+06	
      5268.532	     4.13465e+06	
      5273.531	     4.13569e+06	
      5278.529	     4.13760e+06	
      5283.528	     4.13958e+06	
      5288.527	     4.14156e+06	
      5293.525	     4.14348e+06	
      5298.524	     4.14536e+06	
      5303.523	     4.14722e+06	
      5308.521	     4.14901e+06	
      5313.520	     4.15077e+06	
      5318.519	     4.15249e+06	
      5323.517	     4.15419e+06	
      5328.516	     4.15582e+06	
      5333.515	     4.15746e+06	
      5338.513	     4.15903e+06	
      5343.512	     4.16057e+06	
      5348.511	     4.16208e+06	
      5353.509	     4.16355e+06	
      5358.508	     4.16500e+06	
      5363.507	     4.16651e+06	
      5368.505	     4.16789e+06	
      5373.504	     4.16880e+06	
      5378.503	     4.16918e+06	
      5383.501	     4.16952e+06	
      5388.500	     4.16987e+06	
      5393.499	     4.17018e+06	
      5398.497	     4.17046e+06	
      5403.496	     4.17075e+06	
      5408.495	     4.17100e+06	
      5413.493	     4.17125e+06	
      5418.492	     4.17150e+06	
      5423.491	     4.17172e+06	
      5428.489	     4.17191e+06	
      5433.488	     4.17210e+06	
      5438.487	     4.17225e+06	
      5443.485	     4.17241e+06	
      5448.484	     4.17254e+06	
      5453.483	     4.17263e+06	
      5458.481	     4.17276e+06	
      5463.480	     4.17282e+06	
      5468.479	     4.17288e+06	
      5473.477	     4.17357e+06	
      5478.476	     4.17423e+06	
      5483.475	     4.17486e+06	
      5488.473	     4.17549e+06	
      5493.472	     4.17609e+06	
      5498.471	     4.17665e+06	
      5503.469	     4.17719e+06	
      5508.468	     4.17772e+06	
      5513.466	     4.17826e+06	
      5518.465	     4.17873e+06	
      5523.464	     4.17920e+06	
      5528.462	     4.17964e+06	
      5533.461	     4.18008e+06	
      5538.460	     4.18045e+06	
      5543.458	     4.18086e+06	
      5548.457	     4.18121e+06	
      5553.456	     4.18155e+06	
      5558.454	     4.18190e+06	
      5563.453	     4.18218e+06	
      5568.452	     4.18247e+06	
      5573.450	     4.18272e+06	
      5578.449	     4.18294e+06	
      5583.448	     4.18316e+06	
      5588.446	     4.18334e+06	
      5593.445	     4.18350e+06	
      5598.444	     4.18366e+06	
      5603.442	     4.18378e+06	
      5608.441	     4.18391e+06	
      5613.440	     4.18400e+06	
      5618.438	     4.18407e+06	
      5623.437	     4.18413e+06	
      5628.436	     4.18416e+06	
      5633.434	     4.18419e+06	
      5638.433	     4.18419e+06	
      5643.432	     4.18419e+06	
      5648.430	     4.18416e+06	
      5653.429	     4.18410e+06	
      5658.428	     4.18404e+06	
      5663.426	     4.18394e+06	
      5668.425	     4.18388e+06	
      5673.424	     4.18375e+06	
      5673.979	     4.18372e+06	
      5678.422	     4.18360e+06	
      5682.865	     4.18344e+06	
      5686.198	     4.18331e+06	
      5687.309	     4.18328e+06	
      5687.864	     4.18325e+06	
      5688.420	     4.18325e+06	
      5690.641	     4.18316e+06	
      5693.418	     4.18303e+06	
      5698.417	     4.18281e+06	
      5703.415	     4.18259e+06	
      5704.770	     4.18253e+06	
      5708.414	     4.18234e+06	
      5708.882	     4.18231e+06	
      5712.058	     4.18215e+06	
      5713.413	     4.18209e+06	
      5715.234	     4.18196e+06	
      5718.411	     4.18181e+06	
      5723.410	     4.18149e+06	
      5728.409	     4.18118e+06	
      5733.407	     4.18086e+06	
      5738.406	     4.18052e+06	
      5743.405	     4.18014e+06	
      5748.403	     4.17976e+06	
      5753.402	     4.17939e+06	
      5758.401	     4.17898e+06	
      5763.399	     4.17750e+06	
      5768.398	     4.17703e+06	
      5773.397	     4.17656e+06	
      5778.395	     4.17609e+06	
      5783.394	     4.17559e+06	
      5788.393	     4.17508e+06	
      5793.391	     4.17455e+06	
      5798.390	     4.17401e+06	
      5803.389	     4.17345e+06	
      5808.387	     4.17288e+06	
      5813.386	     4.17229e+06	
      5818.385	     4.17169e+06	
      5823.383	     4.17106e+06	
      5828.382	     4.17043e+06	
      5833.381	     4.16977e+06	
      5838.379	     4.16911e+06	
      5843.378	     4.16845e+06	
      5848.377	     4.16776e+06	
      5853.375	     4.16704e+06	
      5858.374	     4.16635e+06	
      5863.372	     4.16563e+06	
      5868.371	     4.16487e+06	
      5873.370	     4.16412e+06	
      5878.368	     4.16336e+06	
      5883.367	     4.16258e+06	
      5888.366	     4.16179e+06	
      5893.364	     4.16098e+06	
      5898.363	     4.16016e+06	
      5903.362	     4.15934e+06	
      5908.360	     4.15849e+06	
      5913.359	     4.15762e+06	
      5918.358	     4.15674e+06	
      5923.356	     4.15586e+06	
      5928.355	     4.15494e+06	
      5933.354	     4.15403e+06	
      5938.352	     4.15312e+06	
      5943.351	     4.15218e+06	
      5948.350	     4.15121e+06	
      5953.348	     4.15023e+06	
      5958.347	     4.14923e+06	
      5963.346	     4.14822e+06	
      5968.344	     4.14719e+06	
      5973.343	     4.14615e+06	
      5978.342	     4.14508e+06	
      5983.340	     4.14401e+06	
      5988.339	     4.14294e+06	
      5993.338	     4.14184e+06	
      5998.336	     4.14074e+06	
      6003.335	     4.13965e+06	
      6008.333	     4.13851e+06	
      6013.332	     4.13735e+06	
      6018.331	     4.13622e+06	
      6023.329	     4.13506e+06	
      6028.328	     4.13386e+06	
      6033.327	     4.13267e+06	
      6038.325	     4.13148e+06	
      6043.324	     4.13028e+06	
      6048.323	     4.12906e+06	
      6053.321	     4.12780e+06	
      6058.320	     4.12658e+06	
      6063.319	     4.12529e+06	
      6068.317	     4.12403e+06	
      6073.316	     4.12274e+06	
      6078.315	     4.12146e+06	
      6083.313	     4.12014e+06	
      6088.312	     4.11882e+06	
      6093.311	     4.11750e+06	
      6098.309	     4.11615e+06	
      6103.308	     4.11480e+06	
      6108.307	     4.11344e+06	
      6113.305	     4.11206e+06	
      6118.304	     4.11068e+06	
      6123.303	     4.10927e+06	
      6128.301	     4.10788e+06	
      6133.300	     4.10644e+06	
      6138.298	     4.10502e+06	
      6143.297	     4.10358e+06	
      6148.296	     4.10213e+06	
      6153.294	     4.10066e+06	
      6158.293	     4.09918e+06	
      6163.292	     4.09767e+06	
      6168.290	     4.09617e+06	
      6173.289	     4.09466e+06	
      6178.288	     4.09315e+06	
      6183.286	     4.09161e+06	
      6188.285	     4.09004e+06	
      6193.284	     4.08850e+06	
      6198.282	     4.08693e+06	
      6203.281	     4.08536e+06	
      6208.280	     4.08376e+06	
      6213.278	     4.08215e+06	
      6218.277	     4.08055e+06	
      6223.276	     4.07892e+06	
      6228.274	     4.07728e+06	
      6233.273	     4.07565e+06	
      6238.272	     4.07399e+06	
      6243.270	     4.07232e+06	
      6244.381	     4.07194e+06	
      6248.269	     4.07066e+06	
      6252.157	     4.06934e+06	
      6253.821	     4.06877e+06	
      6256.044	     4.06802e+06	
      6258.266	     4.06726e+06	
      6262.157	     4.06594e+06	
      6262.711	     4.06575e+06	
      6263.265	     4.06557e+06	
      6264.372	     4.06519e+06	
      6264.912	     4.06500e+06	
      6266.588	     4.06440e+06	
      6268.263	     4.06384e+06	
      6269.967	     4.06324e+06	
      6271.615	     4.06268e+06	
      6273.262	     4.06211e+06	
      6274.854	     4.06155e+06	
      6276.557	     4.06095e+06	
      6278.261	     4.06038e+06	
      6280.076	     4.05972e+06	
      6281.668	     4.05919e+06	
      6283.259	     4.05862e+06	
      6284.627	     4.05812e+06	
      6286.443	     4.05749e+06	
      6288.258	     4.05686e+06	
      6290.521	     4.05605e+06	
      6291.889	     4.05558e+06	
      6293.257	     4.05507e+06	
      6293.729	     4.05492e+06	
      6295.992	     4.05410e+06	
      6298.255	     4.05328e+06	
      6302.310	     4.05184e+06	
      6302.782	     4.05168e+06	
      6303.254	     4.05149e+06	
      6303.918	     4.05127e+06	
      6304.198	     4.05115e+06	
      6306.085	     4.05049e+06	
      6308.253	     4.04970e+06	
      6311.924	     4.04835e+06	
      6312.587	     4.04813e+06	
      6313.251	     4.04788e+06	
      6314.579	     4.04738e+06	
      6316.219	     4.04678e+06	
      6317.234	     4.04643e+06	
      6317.314	     4.04640e+06	
      6318.250	     4.04606e+06	
      6320.281	     4.04530e+06	
      6323.249	     4.04420e+06	
      6328.247	     4.04235e+06	
      6333.246	     4.04050e+06	
      6338.245	     4.03861e+06	
      6343.243	     4.03673e+06	
      6348.242	     4.03484e+06	
      6353.241	     4.03293e+06	
      6358.239	     4.03101e+06	
      6363.238	     4.02906e+06	
      6368.236	     4.02711e+06	
      6373.235	     4.02517e+06	
      6378.234	     4.02322e+06	
      6383.232	     4.02124e+06	
      6388.231	     4.01923e+06	
      6393.230	     4.01722e+06	
      6398.228	     4.01521e+06	
      6403.227	     4.01320e+06	
      6408.226	     4.01115e+06	
      6413.224	     4.00911e+06	
      6418.223	     4.00704e+06	
      6423.222	     4.00497e+06	
      6428.220	     4.00286e+06	
      6433.219	     4.00079e+06	
      6438.218	     3.99865e+06	
      6443.216	     3.99655e+06	
      6448.215	     3.99441e+06	
      6453.214	     3.99227e+06	
      6458.212	     3.99011e+06	
      6463.211	     3.98794e+06	
      6468.210	     3.98577e+06	
      6473.208	     3.98357e+06	
      6478.207	     3.98137e+06	
      6483.205	     3.97917e+06	
      6488.204	     3.97694e+06	
      6493.203	     3.97471e+06	
      6498.201	     3.97248e+06	
      6503.200	     3.97025e+06	
      6508.199	     3.96802e+06	
      6513.197	     3.96576e+06	
      6518.196	     3.96350e+06	
      6523.195	     3.96123e+06	
      6523.719	     3.96101e+06	
      6528.193	     3.95897e+06	
      6532.668	     3.95696e+06	
      6536.095	     3.95539e+06	
      6537.143	     3.95492e+06	
      6537.383	     3.95479e+06	
      6538.191	     3.95445e+06	
      6540.286	     3.95347e+06	
      6543.189	     3.95215e+06	
      6546.457	     3.95065e+06	
      6546.724	     3.95052e+06	
      6548.188	     3.94986e+06	
      6549.918	     3.94908e+06	
      6553.113	     3.94757e+06	
      6554.426	     3.94697e+06	
      6556.306	     3.94606e+06	
      6556.871	     3.94578e+06	
      6557.903	     3.94527e+06	
      6558.185	     3.94515e+06	
      6559.500	     3.94446e+06	
      6560.298	     3.94402e+06	
      6561.096	     3.94352e+06	
      6561.496	     3.94320e+06	
      6561.895	     3.94286e+06	
      6562.094	     3.94264e+06	
      6562.294	     3.94235e+06	
      6562.394	     3.94220e+06	
      6562.494	     3.94198e+06	
      6562.594	     3.94172e+06	
      6562.693	     3.94154e+06	
      6562.793	     3.94144e+06	
      6562.892	     3.94147e+06	
      6562.992	     3.94157e+06	
      6563.092	     3.94172e+06	
      6563.291	     3.94194e+06	
      6563.641	     3.94210e+06	
      6563.687	     3.94213e+06	
      6563.689	     3.94213e+06	
      6563.691	     3.94213e+06	
      6563.741	     3.94213e+06	
      6563.841	     3.94213e+06	
      6564.041	     3.94216e+06	
      6564.294	     3.94213e+06	
      6564.392	     3.94213e+06	
      6564.441	     3.94213e+06	
      6564.490	     3.94210e+06	
      6564.685	     3.94207e+06	
      6565.077	     3.94201e+06	
      6565.636	     3.94188e+06	
      6565.861	     3.94182e+06	
      6566.086	     3.94176e+06	
      6566.536	     3.94163e+06	
      6566.689	     3.94160e+06	
      6567.085	     3.94147e+06	
      6567.436	     3.94135e+06	
      6568.183	     3.94113e+06	
      6569.280	     3.94075e+06	
      6570.478	     3.94034e+06	
      6571.476	     3.94000e+06	
      6572.473	     3.93965e+06	
      6573.270	     3.93937e+06	
      6574.469	     3.93896e+06	
      6575.667	     3.93852e+06	
      6577.950	     3.93774e+06	
      6578.065	     3.93767e+06	
      6578.180	     3.93764e+06	
      6578.410	     3.93755e+06	
      6578.870	     3.93739e+06	
      6579.789	     3.93708e+06	
      6580.079	     3.93695e+06	
      6581.629	     3.93638e+06	
      6583.178	     3.93585e+06	
      6584.378	     3.93541e+06	
      6586.278	     3.93472e+06	
      6587.911	     3.93412e+06	
      6588.177	     3.93403e+06	
      6588.443	     3.93393e+06	
      6588.975	     3.93375e+06	
      6590.039	     3.93334e+06	
      6591.023	     3.93299e+06	
      6592.166	     3.93258e+06	
      6593.014	     3.93227e+06	
      6593.309	     3.93217e+06	
      6595.594	     3.93133e+06	
      6598.174	     3.93038e+06	
      6603.335	     3.92850e+06	
      6613.656	     3.92470e+06	
      6634.299	     3.91706e+06	
      6639.690	     3.91502e+06	
      6675.584	     3.90126e+06	
      6711.477	     3.88694e+06	
      6741.748	     3.87449e+06	
      6783.263	     3.85681e+06	
      6824.779	     3.83852e+06	
      6907.811	     3.80070e+06	
      6990.842	     3.76121e+06	
      7038.601	     3.73787e+06	
      7073.874	     3.72037e+06	
      7109.146	     3.70268e+06	
      7179.691	     3.66712e+06	
      7250.236	     3.63093e+06	
      7320.781	     3.59417e+06	
      7389.137	     3.55867e+06	
      7391.326	     3.55751e+06	
      7393.514	     3.55635e+06	
      7397.891	     3.55402e+06	
      7406.645	     3.54940e+06	
      7424.152	     3.54014e+06	
      7459.167	     3.52157e+06	
      7529.196	     3.48415e+06	
      7599.225	     3.44645e+06	
      7660.626	     3.41318e+06	
      7669.254	     3.40850e+06	
      7677.881	     3.40382e+06	
      7695.137	     3.39455e+06	
      7729.647	     3.37599e+06	
      7798.668	     3.33866e+06	
      7867.690	     3.30125e+06	
      7911.174	     3.27759e+06	
      7936.711	     3.26371e+06	
      7962.248	     3.24982e+06	
      8013.322	     3.22221e+06	
      8046.242	     3.20439e+06	
      8064.396	     3.19459e+06	
      8082.550	     3.18476e+06	
      8118.857	     3.16522e+06	
      8180.092	     3.13225e+06	
      8191.471	     3.12613e+06	
      8200.850	     3.12109e+06	
      8202.850	     3.12001e+06	
      8204.849	     3.11894e+06	
      8208.848	     3.11680e+06	
      8216.846	     3.11252e+06	
      8232.842	     3.10396e+06	
      8264.833	     3.08686e+06	
      8289.715	     3.07357e+06	
      8328.816	     3.05271e+06	
      8343.441	     3.04491e+06	
      8367.916	     3.03188e+06	
      8371.465	     3.03000e+06	
      8388.684	     3.02089e+06	
      8392.391	     3.01893e+06	
      8408.650	     3.01033e+06	
      8413.318	     3.00786e+06	
      8432.024	     2.99798e+06	
      8437.951	     2.99486e+06	
      8467.252	     2.97940e+06	
      8473.978	     2.97586e+06	
      8502.481	     2.96085e+06	
      8516.584	     2.95344e+06	
      8530.983	     2.94587e+06	
      8545.382	     2.93837e+06	
      8549.972	     2.93598e+06	
      8574.180	     2.92339e+06	
      8598.388	     2.91081e+06	
      8628.597	     2.89515e+06	
      8646.805	     2.88572e+06	
      8652.391	     2.88283e+06	
      8665.013	     2.87630e+06	
      8685.587	     2.86568e+06	
      8701.429	     2.85751e+06	
      8750.468	     2.83229e+06	
      8767.917	     2.82334e+06	
      8815.350	     2.79908e+06	
      8862.782	     2.77514e+06	
      8900.383	     2.75623e+06	
      8957.646	     2.72756e+06	
      9014.908	     2.69905e+06	
      9044.624	     2.68432e+06	
      9072.171	     2.67071e+06	
      9099.717	     2.65713e+06	
      9154.810	     2.63036e+06	
      9190.798	     2.61295e+06	
      9209.903	     2.60374e+06	
      9229.009	     2.59455e+06	
      9267.221	     2.57623e+06	
      9303.204	     2.55905e+06	
      9343.644	     2.53983e+06	
      9384.084	     2.52070e+06	
      9464.964	     2.48309e+06	
      9545.723	     2.44591e+06	
      9545.844	     2.44585e+06	
      9545.965	     2.44580e+06	
      9546.207	     2.44569e+06	
      9546.691	     2.44547e+06	
      9546.866	     2.44538e+06	
      9547.658	     2.44502e+06	
      9549.594	     2.44414e+06	
      9553.465	     2.44237e+06	
      9561.207	     2.43882e+06	
      9576.691	     2.43176e+06	
      9607.658	     2.41766e+06	
      9668.451	     2.39016e+06	
      9729.243	     2.36314e+06	
      9790.036	     2.33635e+06	
      9850.828	     2.30979e+06	
      9870.422	     2.30127e+06	
      9911.620	     2.28345e+06	
      9952.819	     2.26574e+06	
     10021.070	     2.23691e+06	
     10035.217	     2.23096e+06	
     10049.364	     2.22503e+06	
     10077.658	     2.21321e+06	
     10134.247	     2.18972e+06	
     10144.484	     2.18550e+06	
     10190.835	     2.16644e+06	
     10237.187	     2.14752e+06	
     10329.890	     2.11094e+06	
     10422.592	     2.07486e+06	
     10515.295	     2.03930e+06	
     10607.998	     2.00425e+06	
     10700.701	     1.96973e+06	
     10793.403	     1.93573e+06	
     10834.127	     1.92096e+06	
     10886.106	     1.90226e+06	
     10938.085	     1.88372e+06	
     10990.064	     1.86535e+06	
     11042.043	     1.84714e+06	
     11094.022	     1.82909e+06	
     11146.000	     1.81122e+06	
     11197.979	     1.79350e+06	
     11239.008	     1.77964e+06	
     11249.958	     1.77595e+06	
     11260.908	     1.77228e+06	
     11282.808	     1.76523e+06	
     11326.608	     1.75121e+06	
     11414.209	     1.72346e+06	
     11501.809	     1.69612e+06	
     11589.411	     1.66918e+06	
     11677.011	     1.64264e+06	
     11764.612	     1.61651e+06	
     11852.212	     1.59077e+06	
     11939.813	     1.56543e+06	
     12027.413	     1.54048e+06	
     12115.014	     1.51593e+06	
     12120.600	     1.51438e+06	
     12202.614	     1.49177e+06	
     12284.629	     1.46949e+06	
     12366.644	     1.44856e+06	
     12448.658	     1.42791e+06	
     12530.673	     1.40754e+06	
     12612.688	     1.38745e+06	
     12694.701	     1.36765e+06	
     12735.367	     1.35793e+06	
     12776.716	     1.34811e+06	
     12818.066	     1.33837e+06	
     12900.764	     1.31910e+06	
     12983.464	     1.30010e+06	
     13066.162	     1.28138e+06	
     13148.861	     1.26293e+06	
     13154.771	     1.26162e+06	
     13231.560	     1.24475e+06	
     13308.350	     1.22811e+06	
     13385.140	     1.21266e+06	
     13461.929	     1.19740e+06	
     13538.719	     1.18232e+06	
     13615.509	     1.16742e+06	
     13692.299	     1.15270e+06	
     13769.088	     1.13816e+06	
     13845.878	     1.12380e+06	
     13922.668	     1.10962e+06	
     13999.458	     1.09561e+06	
     14076.247	     1.08178e+06	
     14153.038	     1.06812e+06	
     14229.828	     1.05464e+06	
     14281.164	     1.04572e+06	
     14306.618	     1.04133e+06	
     14332.071	     1.03695e+06	
     14382.978	     1.02859e+06	
     14410.128	     1.02416e+06	
     14427.096	     1.02140e+06	
     14433.884	     1.02030e+06	
     14457.640	     1.01644e+06	
     14505.152	     1.00886e+06	
     14581.211	     9.96821e+05	
     14583.210	     9.96507e+05	
     14585.210	     9.96196e+05	
     14589.208	     9.95590e+05	
     14597.206	     9.94383e+05	
     14613.202	     9.91970e+05	
     14645.193	     9.87164e+05	
     14709.176	     9.77607e+05	
     14773.158	     9.68126e+05	
     14837.141	     9.58726e+05	
     14901.123	     9.49405e+05	
     14965.106	     9.40162e+05	
     15029.088	     9.31002e+05	
     15093.071	     9.21919e+05	
     15157.054	     9.12919e+05	
     15221.036	     9.03996e+05	
     15285.019	     8.95156e+05	
     15349.001	     8.86394e+05	
     15412.984	     8.77714e+05	
     15471.572	     8.69832e+05	
     15476.966	     8.69109e+05	
     15482.361	     8.68386e+05	
     15493.150	     8.66929e+05	
     15514.728	     8.64017e+05	
     15557.884	     8.58223e+05	
     15644.197	     8.46747e+05	
     15730.509	     8.35412e+05	
     15816.821	     8.24222e+05	
     15903.134	     8.13173e+05	
     15989.446	     8.02269e+05	
     16075.759	     7.91509e+05	
     16162.071	     7.80893e+05	
     16248.384	     7.70416e+05	
     16289.880	     7.65430e+05	
     16334.696	     7.60080e+05	
     16379.512	     7.54768e+05	
     16469.143	     7.42283e+05	
     16558.775	     7.30046e+05	
     16648.406	     7.18052e+05	
     16738.038	     7.06293e+05	
     16827.669	     6.94766e+05	
     16917.301	     6.83469e+05	
     17006.933	     6.72392e+05	
     17096.564	     6.61531e+05	
     17186.196	     6.50881e+05	
     17275.827	     6.40439e+05	
     17327.685	     6.34492e+05	
     17365.459	     6.30200e+05	
     17403.232	     6.25943e+05	
     17478.780	     6.17527e+05	
     17554.327	     6.09249e+05	
     17629.874	     6.01106e+05	
     17705.422	     5.93092e+05	
     17780.969	     5.85210e+05	
     17856.517	     5.77453e+05	
     17932.064	     5.69819e+05	
     18007.611	     5.62241e+05	
     18083.159	     5.54849e+05	
     18158.706	     5.47576e+05	
     18234.253	     5.40417e+05	
     18309.801	     5.33370e+05	
     18343.743	     5.30241e+05	
     18385.348	     5.26437e+05	
     18426.953	     5.22667e+05	
     18510.162	     5.15224e+05	
     18593.371	     5.07911e+05	
     18602.053	     5.07154e+05	
     18676.581	     5.00726e+05	
     18751.108	     4.94392e+05	
     18825.636	     4.88163e+05	
     18900.163	     4.82030e+05	
     18974.691	     4.75989e+05	
     19049.219	     4.70042e+05	
     19123.746	     4.64183e+05	
     19198.274	     4.58415e+05	
     19272.802	     4.52735e+05	
     19347.329	     4.47140e+05	
     19393.041	     4.43750e+05	
     19421.857	     4.41629e+05	
     19450.673	     4.39521e+05	
     19508.305	     4.35343e+05	
     19565.938	     4.31253e+05	
     19623.570	     4.27169e+05	
     19681.202	     4.23129e+05	
     19738.834	     4.19136e+05	
     19796.467	     4.15190e+05	
     19854.099	     4.11291e+05	
     19911.731	     4.07433e+05	
     19969.363	     4.03622e+05	
     20026.996	     3.99852e+05	
     20084.628	     3.96130e+05	
     20142.260	     3.92445e+05	
     20199.892	     3.88804e+05	
     20257.525	     3.85203e+05	
     20315.157	     3.81644e+05	
     20372.789	     3.78125e+05	
     20386.449	     3.77296e+05	
     20430.421	     3.74647e+05	
     20474.393	     3.72018e+05	
     20562.337	     3.66831e+05	
     20650.280	     3.61732e+05	
     20738.224	     3.56718e+05	
     20826.167	     3.51789e+05	
     20914.111	     3.46945e+05	
     21002.055	     3.42182e+05	
     21089.998	     3.37501e+05	
     21177.942	     3.32896e+05	
     21265.885	     3.28366e+05	
     21353.829	     3.23914e+05	
     21441.773	     3.19535e+05	
     21529.716	     3.15231e+05	
     21604.704	     3.11614e+05	
     21617.660	     3.10994e+05	
     21630.617	     3.10376e+05	
     21656.529	     3.09145e+05	
     21708.356	     3.06700e+05	
     21760.182	     3.04279e+05	
     21812.008	     3.01882e+05	
     21863.835	     2.99508e+05	
     21915.661	     2.97156e+05	
     21967.487	     2.94827e+05	
     22019.313	     2.92521e+05	
     22071.139	     2.90237e+05	
     22122.966	     2.87974e+05	
     22174.792	     2.85734e+05	
     22226.619	     2.83514e+05	
     22278.445	     2.81316e+05	
     22330.271	     2.79138e+05	
     22382.097	     2.76982e+05	
     22433.923	     2.74845e+05	
     22485.750	     2.72730e+05	
     22537.576	     2.70633e+05	
     22589.403	     2.68557e+05	
     22641.228	     2.66500e+05	
     22693.054	     2.64463e+05	
     22702.925	     2.64077e+05	
     22744.881	     2.62445e+05	
     22784.838	     2.60902e+05	
     22786.838	     2.60825e+05	
     22788.837	     2.60748e+05	
     22792.836	     2.60594e+05	
     22800.834	     2.60287e+05	
     22816.829	     2.59675e+05	
     22848.821	     2.58455e+05	
     22912.803	     2.56036e+05	
     22976.786	     2.53645e+05	
     23040.768	     2.51282e+05	
     23104.751	     2.48945e+05	
     23168.733	     2.46636e+05	
     23232.716	     2.44352e+05	
     23296.698	     2.42095e+05	
     23360.681	     2.39863e+05	
     23424.663	     2.37657e+05	
     23488.646	     2.35475e+05	
     23552.628	     2.33318e+05	
     23616.611	     2.31186e+05	
     23680.593	     2.29077e+05	
     23744.576	     2.26992e+05	
     23808.558	     2.24930e+05	
     23872.541	     2.22892e+05	
     23936.523	     2.20875e+05	
     24000.506	     2.18882e+05	
     24064.488	     2.16910e+05	
     24128.471	     2.14961e+05	
     24192.453	     2.13033e+05	
     24256.436	     2.11126e+05	
     24320.419	     2.09240e+05	
     24384.401	     2.07375e+05	
     24448.384	     2.05531e+05	
     24512.366	     2.03706e+05	
     24576.349	     2.01902e+05	
     24640.331	     2.00117e+05	
     24704.314	     1.98351e+05	
     24768.296	     1.96605e+05	
     24832.279	     1.94878e+05	
     24896.261	     1.93169e+05	
     24960.244	     1.91479e+05	
     25004.437	     1.90322e+05	
     25024.226	     1.89807e+05	
     25044.016	     1.89293e+05	
     25083.595	     1.88272e+05	
     25162.753	     1.86249e+05	
     25241.912	     1.84253e+05	
     25321.070	     1.82284e+05	
     25400.228	     1.80340e+05	
     25479.387	     1.78422e+05	
     25558.545	     1.76529e+05	
     25637.703	     1.74661e+05	
     25716.862	     1.72817e+05	
     25796.020	     1.70997e+05	
     25875.179	     1.69201e+05	
     25954.337	     1.67428e+05	
     26033.495	     1.65678e+05	
     26112.654	     1.63950e+05	
     26191.812	     1.62245e+05	
     26270.970	     1.60561e+05	
     26350.129	     1.58899e+05	
     26429.287	     1.57258e+05	
     26508.445	     1.55639e+05	
     26587.604	     1.54039e+05	
     26666.762	     1.52460e+05	
     26745.921	     1.50901e+05	
     26825.079	     1.49362e+05	
     26904.237	     1.47841e+05	
     26983.396	     1.46340e+05	
     27062.554	     1.44858e+05	
     27141.712	     1.43395e+05	
     27142.547	     1.43379e+05	
     27220.871	     1.41949e+05	
     27299.194	     1.40536e+05	
     27377.518	     1.39142e+05	
     27455.842	     1.37764e+05	
     27534.165	     1.36404e+05	
     27612.489	     1.35060e+05	
     27690.812	     1.33732e+05	
     27769.136	     1.32420e+05	
     27847.459	     1.31124e+05	
     27925.783	     1.29844e+05	
     28004.107	     1.28579e+05	
     28082.430	     1.27330e+05	
     28160.754	     1.26095e+05	
     28239.077	     1.24875e+05	
     28317.401	     1.23670e+05	
     28395.725	     1.22479e+05	
     28474.048	     1.21303e+05	
     28552.372	     1.20140e+05	
     28630.695	     1.18991e+05	
     28709.019	     1.17855e+05	
     28787.343	     1.16733e+05	
     28865.666	     1.15624e+05	
     28943.990	     1.14528e+05	
     29022.313	     1.13445e+05	
     29100.637	     1.12375e+05	
     29178.961	     1.11317e+05	
     29257.284	     1.10271e+05	
     29335.608	     1.09238e+05	
     29413.931	     1.08217e+05	
     29492.255	     1.07207e+05	
     29570.578	     1.06209e+05	
     29648.902	     1.05222e+05	
     29727.226	     1.04247e+05	
     29805.549	     1.03283e+05	
     29883.873	     1.02330e+05	
     29932.600	     1.01743e+05	
     29962.196	     1.01388e+05	
     29991.792	     1.01035e+05	
#time:0.043659
