# Koester WD models
# teff = 5250 K (value for the effective temperature for the model. Temperatures are given in K)
# logg = 9 log(cm/s2) (value for Log(G) for the model.)
#
#   WAVELENGTH	#           FLUX	
#   (ANGSTROM)	#  (ERG/CM2/S/A)	
##############	################	
       899.230	     6.58396e-04	
       900.304	     6.83808e-04	
       900.670	     6.92671e-04	
       901.378	     7.10132e-04	
       902.452	     7.37398e-04	
       904.235	     7.84804e-04	
       906.018	     8.35038e-04	
       906.361	     8.45026e-04	
       907.800	     8.88257e-04	
       908.450	     9.08417e-04	
       909.241	     9.33540e-04	
       910.032	     9.59314e-04	
       911.193	     9.98360e-04	
       911.613	     1.01286e-03	
       912.034	     1.02755e-03	
       912.465	     1.04284e-03	
       912.875	     1.05754e-03	
       913.037	     1.06341e-03	
       913.241	     1.07086e-03	
       913.284	     1.07243e-03	
       913.478	     1.07956e-03	
       913.531	     1.08152e-03	
       913.755	     1.08978e-03	
       913.822	     1.09228e-03	
       914.080	     1.10194e-03	
       914.165	     1.10514e-03	
       914.499	     1.11779e-03	
       914.575	     1.12069e-03	
       915.071	     1.13974e-03	
       915.540	     1.15807e-03	
       915.609	     1.16075e-03	
       915.643	     1.16209e-03	
       915.677	     1.16344e-03	
       915.741	     1.16597e-03	
       915.813	     1.16882e-03	
       916.085	     1.17967e-03	
       916.429	     1.19352e-03	
       916.858	     1.21097e-03	
       917.118	     1.22168e-03	
       917.196	     1.22492e-03	
       917.378	     1.23248e-03	
       917.899	     1.25436e-03	
       917.952	     1.25661e-03	
       918.287	     1.27091e-03	
       918.602	     1.28446e-03	
       919.251	     1.31288e-03	
       920.215	     1.35613e-03	
       921.882	     1.43406e-03	
       921.999	     1.43969e-03	
       922.143	     1.44665e-03	
       922.405	     1.45934e-03	
       922.810	     1.47923e-03	
       923.621	     1.51978e-03	
       925.001	     1.59120e-03	
       925.242	     1.60400e-03	
       925.484	     1.61690e-03	
       925.564	     1.62120e-03	
       925.966	     1.64297e-03	
       926.164	     1.65377e-03	
       926.369	     1.66496e-03	
       927.173	     1.70970e-03	
       927.276	     1.71545e-03	
       928.182	     1.76735e-03	
       928.917	     1.81068e-03	
       928.980	     1.81448e-03	
       929.089	     1.82109e-03	
       929.261	     1.83155e-03	
       929.317	     1.83493e-03	
       929.543	     1.84879e-03	
       929.655	     1.85564e-03	
       929.769	     1.86261e-03	
       929.827	     1.86617e-03	
       929.883	     1.86960e-03	
       929.910	     1.87126e-03	
       929.939	     1.87305e-03	
       929.954	     1.87397e-03	
       929.968	     1.87483e-03	
       929.982	     1.87570e-03	
       929.996	     1.87656e-03	
       930.010	     1.87743e-03	
       930.024	     1.87829e-03	
       930.038	     1.87915e-03	
       930.052	     1.88002e-03	
       930.081	     1.88181e-03	
       930.137	     1.88528e-03	
       930.201	     1.88924e-03	
       930.247	     1.89210e-03	
       930.249	     1.89222e-03	
       930.251	     1.89235e-03	
       930.301	     1.89546e-03	
       930.326	     1.89695e-03	
       930.329	     1.89714e-03	
       930.402	     1.90169e-03	
       930.478	     1.90642e-03	
       930.630	     1.91577e-03	
       930.931	     1.93403e-03	
       931.229	     1.95217e-03	
       931.490	     1.96804e-03	
       931.534	     1.97076e-03	
       931.838	     1.98956e-03	
       932.447	     2.02785e-03	
       933.265	     2.08053e-03	
       933.403	     2.08957e-03	
       933.432	     2.09141e-03	
       933.542	     2.09866e-03	
       933.652	     2.10595e-03	
       933.872	     2.12060e-03	
       933.973	     2.12731e-03	
       934.073	     2.13400e-03	
       934.312	     2.15016e-03	
       934.316	     2.15043e-03	
       934.652	     2.17361e-03	
       935.230	     2.21548e-03	
       935.688	     2.25114e-03	
       936.144	     2.28970e-03	
       936.372	     2.30902e-03	
       936.601	     2.32707e-03	
       936.714	     2.33564e-03	
       936.829	     2.34434e-03	
       936.887	     2.34875e-03	
       936.944	     2.35308e-03	
       936.973	     2.35529e-03	
       937.001	     2.35742e-03	
       937.015	     2.35849e-03	
       937.029	     2.35956e-03	
       937.043	     2.36062e-03	
       937.058	     2.36177e-03	
       937.072	     2.36284e-03	
       937.086	     2.36391e-03	
       937.101	     2.36505e-03	
       937.115	     2.36613e-03	
       937.143	     2.36827e-03	
       937.200	     2.37263e-03	
       937.314	     2.38139e-03	
       937.493	     2.39518e-03	
       937.542	     2.39895e-03	
       937.593	     2.40279e-03	
       937.694	     2.40998e-03	
       937.788	     2.41619e-03	
       937.894	     2.42265e-03	
       938.000	     2.42841e-03	
       938.212	     2.43907e-03	
       938.359	     2.44660e-03	
       938.556	     2.45651e-03	
       938.636	     2.46051e-03	
       938.914	     2.47602e-03	
       939.271	     2.49699e-03	
       939.986	     2.54427e-03	
       940.580	     2.58708e-03	
       940.660	     2.59309e-03	
       940.675	     2.59422e-03	
       940.700	     2.59610e-03	
       940.740	     2.59913e-03	
       940.901	     2.61109e-03	
       941.221	     2.63538e-03	
       941.861	     2.68612e-03	
       943.048	     2.78629e-03	
       943.160	     2.79513e-03	
       944.234	     2.89355e-03	
       945.308	     3.00046e-03	
       945.605	     3.03243e-03	
       946.382	     3.11962e-03	
       947.158	     3.22016e-03	
       947.787	     3.31086e-03	
       947.935	     3.33185e-03	
       948.083	     3.35192e-03	
       948.213	     3.36842e-03	
       948.314	     3.38061e-03	
       948.379	     3.38805e-03	
       948.546	     3.40627e-03	
       948.661	     3.41865e-03	
       948.777	     3.43115e-03	
       948.835	     3.43744e-03	
       948.893	     3.44369e-03	
       948.922	     3.44686e-03	
       948.951	     3.45000e-03	
       948.966	     3.45164e-03	
       948.980	     3.45314e-03	
       948.994	     3.45465e-03	
       949.009	     3.45629e-03	
       949.023	     3.45783e-03	
       949.037	     3.45933e-03	
       949.052	     3.46097e-03	
       949.066	     3.46251e-03	
       949.095	     3.46565e-03	
       949.153	     3.47199e-03	
       949.230	     3.48041e-03	
       949.258	     3.48346e-03	
       949.269	     3.48465e-03	
       949.280	     3.48588e-03	
       949.330	     3.49135e-03	
       949.360	     3.49464e-03	
       949.430	     3.50234e-03	
       949.500	     3.51004e-03	
       949.640	     3.52518e-03	
       949.795	     3.54073e-03	
       949.879	     3.54868e-03	
       949.921	     3.55226e-03	
       949.963	     3.55591e-03	
       950.047	     3.56247e-03	
       950.131	     3.56916e-03	
       950.467	     3.59229e-03	
       950.888	     3.62015e-03	
       951.308	     3.65248e-03	
       951.728	     3.68949e-03	
       952.149	     3.73312e-03	
       952.400	     3.76024e-03	
       952.569	     3.77956e-03	
       952.738	     3.79972e-03	
       953.076	     3.84176e-03	
       953.753	     3.92957e-03	
       954.198	     3.98976e-03	
       954.430	     4.02237e-03	
       955.106	     4.11900e-03	
       956.014	     4.25409e-03	
       956.370	     4.30763e-03	
       957.830	     4.53326e-03	
       958.148	     4.58340e-03	
       959.289	     4.76470e-03	
       960.430	     4.95275e-03	
       961.192	     5.08253e-03	
       962.712	     5.34347e-03	
       964.231	     5.60988e-03	
       965.750	     5.88640e-03	
       966.507	     6.02724e-03	
       966.767	     6.07609e-03	
       967.269	     6.17125e-03	
       968.032	     6.31793e-03	
       968.668	     6.44199e-03	
       968.979	     6.50303e-03	
       969.297	     6.56571e-03	
       969.927	     6.68942e-03	
       970.401	     6.77993e-03	
       970.638	     6.82235e-03	
       970.874	     6.85747e-03	
       970.992	     6.86912e-03	
       971.110	     6.87516e-03	
       971.230	     6.87321e-03	
       971.348	     6.84657e-03	
       971.466	     6.80089e-03	
       971.535	     6.77799e-03	
       971.567	     6.77199e-03	
       971.584	     6.77349e-03	
       971.635	     6.79514e-03	
       971.644	     6.80265e-03	
       971.703	     6.87629e-03	
       971.732	     6.91367e-03	
       971.762	     6.93745e-03	
       971.778	     6.94279e-03	
       971.792	     6.94581e-03	
       971.806	     6.94873e-03	
       971.821	     6.95184e-03	
       971.827	     6.95310e-03	
       971.833	     6.95432e-03	
       971.836	     6.95495e-03	
       971.839	     6.95558e-03	
       971.851	     6.95806e-03	
       971.866	     6.96120e-03	
       971.880	     6.96409e-03	
       971.910	     6.96931e-03	
       971.969	     6.93748e-03	
       972.037	     6.88112e-03	
       972.087	     6.87600e-03	
       972.137	     6.89806e-03	
       972.150	     6.90821e-03	
       972.237	     6.97631e-03	
       972.324	     7.04653e-03	
       972.499	     7.14838e-03	
       972.548	     7.17059e-03	
       972.673	     7.21665e-03	
       972.798	     7.25676e-03	
       973.048	     7.32359e-03	
       973.351	     7.39776e-03	
       973.548	     7.44331e-03	
       973.746	     7.48912e-03	
       974.140	     7.58117e-03	
       974.217	     7.59904e-03	
       974.821	     7.73934e-03	
       974.928	     7.76429e-03	
       975.640	     7.93120e-03	
       977.063	     8.27119e-03	
       979.305	     8.83199e-03	
       981.547	     9.42522e-03	
       983.653	     1.00151e-02	
       983.788	     1.00542e-02	
       983.923	     1.00933e-02	
       984.194	     1.01710e-02	
       984.734	     1.03280e-02	
       985.011	     1.04095e-02	
       985.815	     1.06491e-02	
       986.618	     1.08938e-02	
       987.139	     1.10440e-02	
       988.225	     1.13836e-02	
       989.312	     1.17394e-02	
       990.399	     1.21076e-02	
       991.266	     1.24090e-02	
       992.573	     1.28769e-02	
       993.880	     1.33612e-02	
       994.540	     1.36125e-02	
       995.186	     1.38627e-02	
       996.493	     1.43817e-02	
       997.574	     1.48246e-02	
       997.806	     1.49214e-02	
       998.447	     1.51915e-02	
       999.319	     1.55670e-02	
       999.435	     1.56175e-02	
      1001.064	     1.63433e-02	
      1002.694	     1.71006e-02	
      1004.323	     1.78904e-02	
      1005.836	     1.86544e-02	
      1005.952	     1.87142e-02	
      1007.581	     1.95733e-02	
      1009.326	     2.05343e-02	
      1011.071	     2.15408e-02	
      1011.303	     2.16782e-02	
      1012.816	     2.25933e-02	
      1014.329	     2.35445e-02	
      1015.378	     2.42258e-02	
      1015.842	     2.45334e-02	
      1017.355	     2.55610e-02	
      1017.620	     2.57447e-02	
      1019.332	     2.69640e-02	
      1021.044	     2.82422e-02	
      1022.470	     2.93719e-02	
      1022.756	     2.96088e-02	
      1023.043	     2.98485e-02	
      1023.189	     2.99706e-02	
      1023.542	     3.02906e-02	
      1023.615	     3.03580e-02	
      1023.791	     3.05026e-02	
      1024.041	     3.06971e-02	
      1024.166	     3.07585e-02	
      1024.291	     3.07923e-02	
      1024.415	     3.07811e-02	
      1024.540	     3.06542e-02	
      1024.741	     3.03803e-02	
      1024.767	     3.03764e-02	
      1024.790	     3.03913e-02	
      1024.841	     3.04955e-02	
      1024.852	     3.05336e-02	
      1024.915	     3.08388e-02	
      1024.947	     3.09929e-02	
      1024.978	     3.10858e-02	
      1024.993	     3.11066e-02	
      1025.009	     3.11212e-02	
      1025.025	     3.11345e-02	
      1025.040	     3.11469e-02	
      1025.056	     3.11602e-02	
      1025.072	     3.11734e-02	
      1025.087	     3.11859e-02	
      1025.103	     3.11992e-02	
      1025.134	     3.12244e-02	
      1025.196	     3.11597e-02	
      1025.271	     3.09062e-02	
      1025.320	     3.08298e-02	
      1025.371	     3.08727e-02	
      1025.471	     3.11380e-02	
      1025.521	     3.13090e-02	
      1025.571	     3.14624e-02	
      1025.621	     3.16182e-02	
      1025.721	     3.18796e-02	
      1025.772	     3.19729e-02	
      1025.921	     3.22086e-02	
      1026.070	     3.23942e-02	
      1026.264	     3.25708e-02	
      1026.369	     3.26666e-02	
      1026.667	     3.29060e-02	
      1026.680	     3.29157e-02	
      1027.069	     3.32208e-02	
      1027.873	     3.38997e-02	
      1028.796	     3.47115e-02	
      1029.067	     3.49565e-02	
      1029.338	     3.52037e-02	
      1029.881	     3.57048e-02	
      1030.965	     3.67309e-02	
      1033.082	     3.88213e-02	
      1033.135	     3.88741e-02	
      1033.187	     3.89268e-02	
      1033.230	     3.89705e-02	
      1033.291	     3.90327e-02	
      1033.499	     3.92454e-02	
      1033.915	     3.96742e-02	
      1034.747	     4.05445e-02	
      1036.265	     4.21771e-02	
      1037.783	     4.38705e-02	
      1039.172	     4.54752e-02	
      1039.258	     4.55763e-02	
      1039.301	     4.56269e-02	
      1039.344	     4.56775e-02	
      1039.504	     4.58673e-02	
      1039.516	     4.58817e-02	
      1039.860	     4.62920e-02	
      1040.549	     4.71229e-02	
      1041.925	     4.88260e-02	
      1044.347	     5.19601e-02	
      1046.768	     5.52785e-02	
      1049.029	     5.85527e-02	
      1049.189	     5.87911e-02	
      1049.349	     5.90305e-02	
      1049.670	     5.95109e-02	
      1050.310	     6.04823e-02	
      1051.591	     6.24687e-02	
      1053.952	     6.62895e-02	
      1054.152	     6.66228e-02	
      1054.352	     6.69580e-02	
      1054.752	     6.76325e-02	
      1054.952	     6.79721e-02	
      1055.553	     6.90007e-02	
      1057.153	     7.18134e-02	
      1059.355	     7.58531e-02	
      1061.556	     8.01112e-02	
      1063.156	     8.33443e-02	
      1063.757	     8.45874e-02	
      1064.357	     8.58475e-02	
      1065.558	     8.84192e-02	
      1066.558	     9.06161e-02	
      1067.959	     9.37759e-02	
      1069.359	     9.70366e-02	
      1069.960	     9.84607e-02	
      1072.161	     1.03848e-01	
      1074.362	     1.09504e-01	
      1076.563	     1.15441e-01	
      1078.163	     1.19941e-01	
      1078.687	     1.21449e-01	
      1078.764	     1.21670e-01	
      1078.980	     1.22299e-01	
      1079.364	     1.23422e-01	
      1080.565	     1.27008e-01	
      1080.712	     1.27451e-01	
      1082.442	     1.32804e-01	
      1084.173	     1.38362e-01	
      1085.905	     1.44126e-01	
      1087.637	     1.50109e-01	
      1089.318	     1.56138e-01	
      1089.367	     1.56317e-01	
      1089.418	     1.56503e-01	
      1089.518	     1.56868e-01	
      1089.718	     1.57601e-01	
      1090.119	     1.59076e-01	
      1090.669	     1.61125e-01	
      1090.919	     1.62064e-01	
      1092.520	     1.68196e-01	
      1094.370	     1.75548e-01	
      1096.221	     1.83192e-01	
      1096.771	     1.85523e-01	
      1098.072	     1.91139e-01	
      1099.372	     1.96911e-01	
      1099.573	     1.97814e-01	
      1101.974	     2.08950e-01	
      1104.374	     2.20653e-01	
      1106.775	     2.32948e-01	
      1108.976	     2.44762e-01	
      1109.176	     2.45862e-01	
      1109.376	     2.46967e-01	
      1109.777	     2.49185e-01	
      1109.977	     2.50301e-01	
      1110.577	     2.53676e-01	
      1112.177	     2.62880e-01	
      1114.378	     2.76032e-01	
      1116.579	     2.89781e-01	
      1118.180	     3.00168e-01	
      1118.684	     3.03510e-01	
      1118.780	     3.04150e-01	
      1119.380	     3.08180e-01	
      1120.076	     3.12916e-01	
      1121.469	     3.22585e-01	
      1123.778	     3.39220e-01	
      1124.254	     3.42751e-01	
      1124.730	     3.46320e-01	
      1125.682	     3.53555e-01	
      1125.790	     3.54384e-01	
      1127.075	     3.64384e-01	
      1127.587	     3.68440e-01	
      1127.845	     3.70497e-01	
      1129.384	     3.82998e-01	
      1129.769	     3.86187e-01	
      1131.692	     4.02485e-01	
      1133.616	     4.19409e-01	
      1135.540	     4.36980e-01	
      1137.463	     4.55217e-01	
      1139.387	     4.74151e-01	
      1141.310	     4.93802e-01	
      1142.080	     5.01869e-01	
      1143.234	     5.14200e-01	
      1144.004	     5.22582e-01	
      1144.388	     5.26807e-01	
      1146.697	     5.52923e-01	
      1149.390	     5.84782e-01	
      1149.774	     5.89454e-01	
      1152.083	     6.18187e-01	
      1154.391	     6.47963e-01	
      1156.700	     6.78955e-01	
      1158.625	     7.05555e-01	
      1159.001	     7.10845e-01	
      1159.009	     7.10958e-01	
      1159.393	     7.16365e-01	
      1160.161	     7.27203e-01	
      1161.697	     7.49066e-01	
      1164.394	     7.88197e-01	
      1169.395	     8.62848e-01	
      1171.896	     9.00588e-01	
      1173.146	     9.20094e-01	
      1174.397	     9.40587e-01	
      1175.647	     9.62656e-01	
      1176.897	     9.85841e-01	
      1177.860	     1.00458e+00	
      1178.148	     1.01039e+00	
      1179.398	     1.03620e+00	
      1180.936	     1.06902e+00	
      1182.858	     1.11190e+00	
      1184.013	     1.13810e+00	
      1185.168	     1.16482e+00	
      1185.558	     1.17389e+00	
      1187.479	     1.21938e+00	
      1189.400	     1.26603e+00	
      1192.085	     1.33401e+00	
      1193.243	     1.36446e+00	
      1194.034	     1.38562e+00	
      1194.402	     1.39558e+00	
      1196.718	     1.45963e+00	
      1196.902	     1.46478e+00	
      1199.403	     1.53646e+00	
      1201.903	     1.61199e+00	
      1204.404	     1.69234e+00	
      1206.904	     1.77688e+00	
      1208.485	     1.83173e+00	
      1209.405	     1.86405e+00	
      1210.325	     1.89666e+00	
      1211.639	     1.94352e+00	
      1212.165	     1.96245e+00	
      1212.691	     1.98152e+00	
      1213.613	     2.01532e+00	
      1213.744	     2.02017e+00	
      1213.807	     2.02251e+00	
      1213.875	     2.02503e+00	
      1214.137	     2.03478e+00	
      1214.171	     2.03605e+00	
      1214.467	     2.04712e+00	
      1214.615	     2.05268e+00	
      1214.763	     2.05825e+00	
      1214.837	     2.06104e+00	
      1214.911	     2.06384e+00	
      1214.948	     2.06524e+00	
      1214.985	     2.06663e+00	
      1215.004	     2.06735e+00	
      1215.022	     2.06804e+00	
      1215.040	     2.06872e+00	
      1215.059	     2.06944e+00	
      1215.077	     2.07012e+00	
      1215.095	     2.07080e+00	
      1215.114	     2.07152e+00	
      1215.132	     2.07220e+00	
      1215.169	     2.07361e+00	
      1215.243	     2.07641e+00	
      1215.391	     2.08204e+00	
      1215.637	     2.09143e+00	
      1215.687	     2.09334e+00	
      1215.737	     2.09526e+00	
      1215.795	     2.09748e+00	
      1215.837	     2.09909e+00	
      1216.037	     2.10677e+00	
      1216.064	     2.10781e+00	
      1216.279	     2.11610e+00	
      1216.763	     2.13488e+00	
      1217.462	     2.16226e+00	
      1218.315	     2.19606e+00	
      1218.861	     2.21793e+00	
      1218.985	     2.22290e+00	
      1219.407	     2.23982e+00	
      1219.829	     2.25668e+00	
      1220.104	     2.26755e+00	
      1220.673	     2.28993e+00	
      1222.361	     2.35509e+00	
      1224.619	     2.44296e+00	
      1226.876	     2.53554e+00	
      1228.858	     2.62120e+00	
      1229.134	     2.63353e+00	
      1229.409	     2.64595e+00	
      1229.740	     2.66114e+00	
      1229.959	     2.67122e+00	
      1230.178	     2.68131e+00	
      1230.616	     2.70162e+00	
      1231.492	     2.74279e+00	
      1231.694	     2.75240e+00	
      1233.244	     2.82731e+00	
      1234.794	     2.90478e+00	
      1236.380	     2.98619e+00	
      1237.895	     3.06603e+00	
      1239.410	     3.14781e+00	
      1240.470	     3.20634e+00	
      1242.441	     3.31802e+00	
      1244.411	     3.43298e+00	
      1247.291	     3.60812e+00	
      1248.352	     3.67456e+00	
      1248.652	     3.69360e+00	
      1249.412	     3.74223e+00	
      1251.532	     3.88094e+00	
      1251.912	     3.90629e+00	
      1254.413	     4.07666e+00	
      1256.913	     4.25343e+00	
      1259.413	     4.43712e+00	
      1261.914	     4.62857e+00	
      1264.414	     4.82860e+00	
      1266.914	     5.03723e+00	
      1269.415	     5.25595e+00	
      1271.915	     5.48582e+00	
      1274.415	     5.72580e+00	
      1276.915	     5.97424e+00	
      1279.416	     6.23402e+00	
      1281.916	     6.50288e+00	
      1284.416	     6.77971e+00	
      1286.917	     7.06616e+00	
      1289.417	     7.36320e+00	
      1291.917	     7.66841e+00	
      1294.417	     7.98533e+00	
      1296.918	     8.31272e+00	
      1299.418	     8.65110e+00	
      1301.918	     9.00380e+00	
      1304.418	     9.36908e+00	
      1306.919	     9.74619e+00	
      1309.419	     1.01368e+01	
      1311.919	     1.05391e+01	
      1314.419	     1.09546e+01	
      1316.919	     1.13848e+01	
      1319.420	     1.18302e+01	
      1321.920	     1.22912e+01	
      1324.420	     1.27687e+01	
      1326.920	     1.32652e+01	
      1329.420	     1.37784e+01	
      1334.421	     1.48497e+01	
      1339.421	     1.59901e+01	
      1341.921	     1.65875e+01	
      1344.421	     1.72047e+01	
      1346.921	     1.78467e+01	
      1349.421	     1.85104e+01	
      1354.422	     1.99043e+01	
      1359.422	     2.13898e+01	
      1364.422	     2.29596e+01	
      1365.191	     2.32091e+01	
      1369.422	     2.46248e+01	
      1373.653	     2.61187e+01	
      1376.346	     2.71154e+01	
      1377.884	     2.76996e+01	
      1379.422	     2.82958e+01	
      1380.574	     2.87496e+01	
      1382.499	     2.95219e+01	
      1384.423	     3.03129e+01	
      1387.119	     3.14546e+01	
      1388.271	     3.19535e+01	
      1389.031	     3.22865e+01	
      1389.423	     3.24596e+01	
      1391.727	     3.34925e+01	
      1394.423	     3.47334e+01	
      1399.423	     3.71248e+01	
      1404.423	     3.96582e+01	
      1409.423	     4.23487e+01	
      1414.423	     4.52113e+01	
      1419.423	     4.82633e+01	
      1424.423	     5.14822e+01	
      1429.423	     5.48802e+01	
      1434.423	     5.84421e+01	
      1439.423	     6.21885e+01	
      1444.422	     6.61412e+01	
      1449.422	     7.03368e+01	
      1454.422	     7.47963e+01	
      1459.422	     7.95059e+01	
      1464.422	     8.44938e+01	
      1465.960	     8.60900e+01	
      1469.422	     8.97672e+01	
      1472.884	     9.35576e+01	
      1473.268	     9.39811e+01	
      1474.422	     9.52644e+01	
      1476.345	     9.74371e+01	
      1479.421	     1.00984e+02	
      1484.421	     1.06990e+02	
      1489.421	     1.13297e+02	
      1494.421	     1.19885e+02	
      1499.420	     1.26833e+02	
      1504.420	     1.34199e+02	
      1509.420	     1.41989e+02	
      1514.420	     1.50192e+02	
      1519.419	     1.58838e+02	
      1524.419	     1.67978e+02	
      1529.419	     1.77573e+02	
      1534.418	     1.87571e+02	
      1539.418	     1.97914e+02	
      1544.418	     2.08685e+02	
      1549.417	     2.19919e+02	
      1554.417	     2.31508e+02	
      1559.417	     2.43385e+02	
      1564.416	     2.55722e+02	
      1566.724	     2.61580e+02	
      1569.416	     2.68663e+02	
      1570.186	     2.70728e+02	
      1572.107	     2.75940e+02	
      1574.415	     2.82335e+02	
      1574.800	     2.83412e+02	
      1579.415	     2.96653e+02	
      1584.414	     3.11638e+02	
      1589.414	     3.27238e+02	
      1594.413	     3.43634e+02	
      1599.413	     3.60875e+02	
      1604.413	     3.78904e+02	
      1609.412	     3.97986e+02	
      1614.412	     4.18155e+02	
      1619.411	     4.39631e+02	
      1624.410	     4.62348e+02	
      1629.410	     4.86457e+02	
      1634.409	     5.11633e+02	
      1639.409	     5.37797e+02	
      1644.408	     5.64346e+02	
      1649.408	     5.91110e+02	
      1654.407	     6.17898e+02	
      1659.407	     6.44733e+02	
      1664.406	     6.71716e+02	
      1665.560	     6.78000e+02	
      1669.405	     6.99312e+02	
      1670.174	     7.03638e+02	
      1673.251	     7.21074e+02	
      1674.405	     7.27750e+02	
      1676.328	     7.39085e+02	
      1679.404	     7.57620e+02	
      1684.404	     7.88562e+02	
      1689.403	     8.20458e+02	
      1694.402	     8.53813e+02	
      1699.402	     8.88788e+02	
      1704.401	     9.25874e+02	
      1709.400	     9.64830e+02	
      1714.400	     1.00547e+03	
      1719.399	     1.04787e+03	
      1724.398	     1.09195e+03	
      1729.398	     1.13789e+03	
      1734.397	     1.18561e+03	
      1739.396	     1.23505e+03	
      1744.396	     1.28622e+03	
      1749.395	     1.33905e+03	
      1754.394	     1.39378e+03	
      1759.393	     1.45030e+03	
      1764.393	     1.50874e+03	
      1767.084	     1.54101e+03	
      1767.854	     1.55035e+03	
      1769.392	     1.56915e+03	
      1771.700	     1.59771e+03	
      1774.391	     1.63162e+03	
      1775.545	     1.64635e+03	
      1779.391	     1.69625e+03	
      1784.390	     1.76318e+03	
      1789.389	     1.83245e+03	
      1794.388	     1.90393e+03	
      1799.387	     1.97778e+03	
      1809.386	     2.13226e+03	
      1819.384	     2.29678e+03	
      1823.999	     2.37607e+03	
      1829.383	     2.47144e+03	
      1834.767	     2.56998e+03	
      1840.151	     2.67159e+03	
      1845.535	     2.77651e+03	
      1850.919	     2.88499e+03	
      1856.303	     2.99742e+03	
      1863.998	     3.16387e+03	
      1867.072	     3.23232e+03	
      1870.145	     3.30203e+03	
      1876.292	     3.44595e+03	
      1882.439	     3.59505e+03	
      1888.586	     3.74952e+03	
      1894.733	     3.90959e+03	
      1900.880	     4.07518e+03	
      1906.980	     4.24527e+03	
      1907.027	     4.24662e+03	
      1913.174	     4.42399e+03	
      1919.368	     4.60884e+03	
      1925.561	     4.79881e+03	
      1931.755	     4.99567e+03	
      1937.949	     5.20295e+03	
      1944.143	     5.41300e+03	
      1944.472	     5.42434e+03	
      1950.337	     5.63517e+03	
      1956.531	     5.85913e+03	
      1968.590	     6.31542e+03	
      1980.648	     6.79985e+03	
      1992.707	     7.31341e+03	
      2004.766	     7.85778e+03	
      2015.838	     8.38535e+03	
      2016.825	     8.43373e+03	
      2017.811	     8.48233e+03	
      2019.785	     8.58044e+03	
      2023.732	     8.78094e+03	
      2031.627	     9.19158e+03	
      2039.521	     9.61330e+03	
      2047.416	     1.00503e+04	
      2055.310	     1.05031e+04	
      2059.377	     1.07426e+04	
      2063.205	     1.09720e+04	
      2067.032	     1.12053e+04	
      2074.686	     1.16854e+04	
      2082.341	     1.21817e+04	
      2089.995	     1.26945e+04	
      2094.355	     1.29939e+04	
      2097.650	     1.32238e+04	
      2105.304	     1.37702e+04	
      2116.253	     1.45827e+04	
      2127.202	     1.54329e+04	
      2132.725	     1.58789e+04	
      2138.151	     1.63285e+04	
      2149.099	     1.72570e+04	
      2157.287	     1.79770e+04	
      2165.474	     1.87203e+04	
      2173.661	     1.94872e+04	
      2181.848	     2.02782e+04	
      2198.223	     2.19348e+04	
      2214.501	     2.36838e+04	
      2214.598	     2.36946e+04	
      2214.695	     2.37053e+04	
      2214.741	     2.37104e+04	
      2214.888	     2.37267e+04	
      2215.276	     2.37696e+04	
      2216.052	     2.38555e+04	
      2217.604	     2.40281e+04	
      2220.707	     2.43724e+04	
      2226.914	     2.50710e+04	
      2227.034	     2.50846e+04	
      2239.327	     2.65132e+04	
      2251.621	     2.79918e+04	
      2263.914	     2.95273e+04	
      2276.207	     3.11538e+04	
      2288.501	     3.28306e+04	
      2300.794	     3.45698e+04	
      2312.946	     3.63828e+04	
      2313.040	     3.63969e+04	
      2313.087	     3.64041e+04	
      2313.134	     3.64114e+04	
      2313.322	     3.64396e+04	
      2313.697	     3.64962e+04	
      2314.449	     3.66093e+04	
      2315.951	     3.68364e+04	
      2318.955	     3.72935e+04	
      2324.964	     3.82206e+04	
      2336.980	     4.01527e+04	
      2348.996	     4.21884e+04	
      2359.673	     4.40627e+04	
      2361.014	     4.43024e+04	
      2362.354	     4.45500e+04	
      2365.036	     4.50501e+04	
      2370.399	     4.60645e+04	
      2381.125	     4.81487e+04	
      2391.852	     5.03085e+04	
      2395.881	     5.11709e+04	
      2402.577	     5.26364e+04	
      2409.274	     5.41372e+04	
      2415.970	     5.56775e+04	
      2422.667	     5.72599e+04	
      2429.363	     5.89482e+04	
      2436.060	     6.06817e+04	
      2442.710	     6.24511e+04	
      2449.452	     6.42946e+04	
      2451.595	     6.48915e+04	
      2456.194	     6.61890e+04	
      2460.793	     6.75945e+04	
      2469.991	     7.04772e+04	
      2479.189	     7.34863e+04	
      2488.387	     7.66417e+04	
      2497.585	     8.00233e+04	
      2503.552	     8.23160e+04	
      2506.782	     8.35830e+04	
      2510.013	     8.48535e+04	
      2516.473	     8.74085e+04	
      2522.934	     8.97663e+04	
      2529.394	     9.24279e+04	
      2535.855	     9.52697e+04	
      2542.315	     9.82046e+04	
      2548.776	     1.01234e+05	
      2551.240	     1.02416e+05	
      2555.236	     1.04360e+05	
      2559.232	     1.06366e+05	
      2567.224	     1.10705e+05	
      2575.216	     1.15255e+05	
      2583.209	     1.20133e+05	
      2591.201	     1.25183e+05	
      2599.193	     1.30466e+05	
      2607.185	     1.36044e+05	
      2615.177	     1.41925e+05	
      2623.169	     1.48040e+05	
      2631.161	     1.54425e+05	
      2639.153	     1.61223e+05	
      2647.145	     1.68259e+05	
      2652.605	     1.73173e+05	
      2655.138	     1.75490e+05	
      2657.670	     1.77835e+05	
      2662.735	     1.82142e+05	
      2667.800	     1.86505e+05	
      2677.929	     1.95402e+05	
      2680.786	     1.97954e+05	
      2688.059	     2.04627e+05	
      2698.188	     2.14119e+05	
      2699.617	     2.15468e+05	
      2718.447	     2.33567e+05	
      2737.278	     2.52309e+05	
      2746.694	     2.61911e+05	
      2756.108	     2.71779e+05	
      2765.523	     2.82180e+05	
      2774.939	     2.92754e+05	
      2784.353	     3.03507e+05	
      2793.769	     3.14439e+05	
      2812.600	     3.36854e+05	
      2831.430	     3.59935e+05	
      2845.974	     3.78295e+05	
      2850.260	     3.83796e+05	
      2854.546	     3.89341e+05	
      2863.118	     4.01382e+05	
      2871.690	     4.13685e+05	
      2888.834	     4.39311e+05	
      2905.978	     4.65857e+05	
      2923.121	     4.93324e+05	
      2927.547	     5.00569e+05	
      2940.265	     5.21743e+05	
      2952.983	     5.43461e+05	
      2978.419	     5.86674e+05	
      3003.854	     6.32189e+05	
      3007.160	     6.38249e+05	
      3029.290	     6.79671e+05	
      3040.355	     7.00946e+05	
      3051.421	     7.22601e+05	
      3062.486	     7.47416e+05	
      3073.551	     7.72728e+05	
      3095.682	     8.24835e+05	
      3117.812	     8.78980e+05	
      3130.028	     9.09818e+05	
      3139.942	     9.35456e+05	
      3149.857	     9.61720e+05	
      3159.771	     9.91326e+05	
      3169.686	     1.02149e+06	
      3189.515	     1.08346e+06	
      3209.344	     1.14761e+06	
      3210.052	     1.14994e+06	
      3229.173	     1.21382e+06	
      3238.733	     1.24649e+06	
      3243.513	     1.26301e+06	
      3248.294	     1.27966e+06	
      3253.075	     1.29232e+06	
      3257.855	     1.30503e+06	
      3262.635	     1.31780e+06	
      3267.415	     1.33063e+06	
      3272.196	     1.34353e+06	
      3276.976	     1.35648e+06	
      3281.757	     1.36955e+06	
      3286.536	     1.38271e+06	
      3291.317	     1.39593e+06	
      3293.267	     1.40134e+06	
      3300.878	     1.42253e+06	
      3319.999	     1.47638e+06	
      3346.730	     1.55310e+06	
      3355.219	     1.57852e+06	
      3373.461	     1.63374e+06	
      3400.193	     1.71598e+06	
      3445.167	     1.85765e+06	
      3490.140	     2.00324e+06	
      3526.627	     2.12382e+06	
      3529.874	     2.13465e+06	
      3535.115	     2.15216e+06	
      3543.602	     2.18060e+06	
      3560.578	     2.23814e+06	
      3591.283	     2.34316e+06	
      3635.884	     2.49835e+06	
      3638.963	     2.50914e+06	
      3642.042	     2.52018e+06	
      3643.122	     2.52405e+06	
      3645.121	     2.53121e+06	
      3645.281	     2.53178e+06	
      3647.121	     2.53838e+06	
      3648.960	     2.54498e+06	
      3651.320	     2.55343e+06	
      3652.639	     2.55816e+06	
      3653.959	     2.56290e+06	
      3654.239	     2.56390e+06	
      3656.598	     2.57235e+06	
      3658.958	     2.58081e+06	
      3663.397	     2.59671e+06	
      3663.676	     2.59772e+06	
      3663.956	     2.59872e+06	
      3664.516	     2.60073e+06	
      3665.636	     2.60474e+06	
      3666.796	     2.60889e+06	
      3667.875	     2.61276e+06	
      3668.275	     2.61419e+06	
      3668.955	     2.61663e+06	
      3671.115	     2.62437e+06	
      3673.954	     2.63454e+06	
      3675.202	     2.63901e+06	
      3678.952	     2.65245e+06	
      3682.583	     2.66545e+06	
      3682.703	     2.66588e+06	
      3682.822	     2.66631e+06	
      3683.062	     2.66717e+06	
      3683.178	     2.66758e+06	
      3683.542	     2.66889e+06	
      3684.502	     2.67232e+06	
      3684.819	     2.67346e+06	
      3685.826	     2.67706e+06	
      3686.832	     2.68067e+06	
      3688.742	     2.68750e+06	
      3688.846	     2.68788e+06	
      3688.939	     2.68821e+06	
      3688.950	     2.68825e+06	
      3689.158	     2.68900e+06	
      3689.377	     2.68978e+06	
      3689.730	     2.69104e+06	
      3689.815	     2.69135e+06	
      3689.900	     2.69165e+06	
      3690.070	     2.69226e+06	
      3690.410	     2.69348e+06	
      3690.624	     2.69424e+06	
      3691.089	     2.69591e+06	
      3691.469	     2.69727e+06	
      3691.554	     2.69757e+06	
      3691.700	     2.69809e+06	
      3692.484	     2.70090e+06	
      3693.499	     2.70453e+06	
      3694.397	     2.70775e+06	
      3695.297	     2.71097e+06	
      3695.808	     2.71279e+06	
      3696.197	     2.71419e+06	
      3696.525	     2.71536e+06	
      3696.586	     2.71558e+06	
      3696.647	     2.71579e+06	
      3696.666	     2.71586e+06	
      3696.759	     2.71620e+06	
      3696.769	     2.71623e+06	
      3696.872	     2.71660e+06	
      3696.929	     2.71680e+06	
      3696.985	     2.71700e+06	
      3697.041	     2.71720e+06	
      3697.097	     2.71741e+06	
      3697.153	     2.71760e+06	
      3697.209	     2.71780e+06	
      3697.265	     2.71801e+06	
      3697.322	     2.71821e+06	
      3697.347	     2.71830e+06	
      3697.405	     2.71850e+06	
      3697.434	     2.71861e+06	
      3697.463	     2.71871e+06	
      3697.499	     2.71884e+06	
      3697.529	     2.71895e+06	
      3697.579	     2.71913e+06	
      3697.659	     2.71941e+06	
      3697.819	     2.71999e+06	
      3698.109	     2.72102e+06	
      3698.429	     2.72217e+06	
      3698.688	     2.72310e+06	
      3698.886	     2.72380e+06	
      3698.947	     2.72402e+06	
      3699.008	     2.72424e+06	
      3699.130	     2.72468e+06	
      3699.374	     2.72555e+06	
      3699.533	     2.72612e+06	
      3699.862	     2.72730e+06	
      3699.879	     2.72735e+06	
      3700.191	     2.72847e+06	
      3700.198	     2.72850e+06	
      3700.503	     2.72959e+06	
      3700.808	     2.73068e+06	
      3700.842	     2.73080e+06	
      3701.092	     2.73169e+06	
      3701.418	     2.73286e+06	
      3701.994	     2.73492e+06	
      3702.444	     2.73653e+06	
      3702.895	     2.73814e+06	
      3703.121	     2.73895e+06	
      3703.346	     2.73975e+06	
      3703.458	     2.74015e+06	
      3703.571	     2.74055e+06	
      3703.628	     2.74076e+06	
      3703.684	     2.74096e+06	
      3703.740	     2.74116e+06	
      3703.797	     2.74136e+06	
      3703.853	     2.74156e+06	
      3703.909	     2.74176e+06	
      3703.966	     2.74197e+06	
      3704.022	     2.74216e+06	
      3704.085	     2.74239e+06	
      3704.134	     2.74257e+06	
      3704.185	     2.74275e+06	
      3704.210	     2.74284e+06	
      3704.222	     2.74288e+06	
      3704.285	     2.74310e+06	
      3704.314	     2.74321e+06	
      3704.360	     2.74337e+06	
      3704.406	     2.74354e+06	
      3704.491	     2.74384e+06	
      3704.567	     2.74411e+06	
      3704.590	     2.74419e+06	
      3704.689	     2.74455e+06	
      3704.811	     2.74498e+06	
      3705.055	     2.74586e+06	
      3705.373	     2.74699e+06	
      3705.543	     2.74760e+06	
      3705.713	     2.74821e+06	
      3706.052	     2.74942e+06	
      3706.073	     2.74949e+06	
      3706.732	     2.75185e+06	
      3707.267	     2.75376e+06	
      3707.391	     2.75420e+06	
      3707.515	     2.75465e+06	
      3707.614	     2.75500e+06	
      3707.763	     2.75553e+06	
      3707.912	     2.75606e+06	
      3708.118	     2.75680e+06	
      3708.210	     2.75713e+06	
      3708.302	     2.75745e+06	
      3708.486	     2.75811e+06	
      3708.763	     2.75910e+06	
      3708.854	     2.75942e+06	
      3708.873	     2.75949e+06	
      3708.945	     2.75975e+06	
      3709.127	     2.76040e+06	
      3709.206	     2.76068e+06	
      3709.491	     2.76170e+06	
      3710.108	     2.76390e+06	
      3710.902	     2.76674e+06	
      3711.011	     2.76713e+06	
      3711.120	     2.76752e+06	
      3711.213	     2.76785e+06	
      3711.323	     2.76824e+06	
      3711.338	     2.76829e+06	
      3711.463	     2.76874e+06	
      3711.517	     2.76893e+06	
      3711.576	     2.76914e+06	
      3711.603	     2.76924e+06	
      3711.689	     2.76955e+06	
      3711.746	     2.76975e+06	
      3711.802	     2.76995e+06	
      3711.858	     2.77015e+06	
      3711.915	     2.77035e+06	
      3711.971	     2.77055e+06	
      3712.027	     2.77075e+06	
      3712.084	     2.77096e+06	
      3712.140	     2.77115e+06	
      3712.203	     2.77138e+06	
      3712.252	     2.77155e+06	
      3712.303	     2.77174e+06	
      3712.327	     2.77182e+06	
      3712.331	     2.77184e+06	
      3712.403	     2.77209e+06	
      3712.479	     2.77236e+06	
      3712.631	     2.77291e+06	
      3712.931	     2.77398e+06	
      3713.228	     2.77504e+06	
      3713.531	     2.77612e+06	
      3713.833	     2.77720e+06	
      3714.242	     2.77866e+06	
      3714.420	     2.77929e+06	
      3714.439	     2.77936e+06	
      3714.636	     2.78006e+06	
      3715.030	     2.78147e+06	
      3715.640	     2.78364e+06	
      3716.765	     2.78765e+06	
      3716.790	     2.78774e+06	
      3716.860	     2.78799e+06	
      3716.955	     2.78833e+06	
      3717.145	     2.78901e+06	
      3717.524	     2.79036e+06	
      3718.189	     2.79273e+06	
      3718.259	     2.79298e+06	
      3718.329	     2.79323e+06	
      3718.469	     2.79373e+06	
      3718.556	     2.79404e+06	
      3718.631	     2.79431e+06	
      3718.734	     2.79467e+06	
      3718.749	     2.79473e+06	
      3718.942	     2.79541e+06	
      3719.253	     2.79652e+06	
      3719.474	     2.79731e+06	
      3719.772	     2.79837e+06	
      3720.070	     2.79944e+06	
      3720.356	     2.80035e+06	
      3720.523	     2.80088e+06	
      3720.666	     2.80134e+06	
      3720.976	     2.80233e+06	
      3721.202	     2.80300e+06	
      3721.428	     2.80369e+06	
      3721.542	     2.80403e+06	
      3721.655	     2.80437e+06	
      3721.711	     2.80453e+06	
      3721.768	     2.80471e+06	
      3721.825	     2.80488e+06	
      3721.881	     2.80505e+06	
      3721.938	     2.80522e+06	
      3721.995	     2.80539e+06	
      3722.051	     2.80556e+06	
      3722.108	     2.80573e+06	
      3722.221	     2.80607e+06	
      3722.398	     2.80660e+06	
      3722.447	     2.80675e+06	
      3722.498	     2.80690e+06	
      3722.598	     2.80720e+06	
      3722.695	     2.80749e+06	
      3722.798	     2.80780e+06	
      3722.901	     2.80811e+06	
      3723.107	     2.80873e+06	
      3723.231	     2.80910e+06	
      3723.519	     2.80996e+06	
      3723.807	     2.81083e+06	
      3724.383	     2.81256e+06	
      3725.451	     2.81577e+06	
      3725.534	     2.81601e+06	
      3725.617	     2.81627e+06	
      3725.751	     2.81667e+06	
      3725.783	     2.81676e+06	
      3725.916	     2.81716e+06	
      3725.931	     2.81721e+06	
      3726.115	     2.81776e+06	
      3726.479	     2.81885e+06	
      3727.042	     2.82054e+06	
      3727.366	     2.82151e+06	
      3728.153	     2.82387e+06	
      3728.639	     2.82533e+06	
      3728.940	     2.82623e+06	
      3729.009	     2.82644e+06	
      3729.240	     2.82714e+06	
      3729.842	     2.82894e+06	
      3730.676	     2.83145e+06	
      3732.194	     2.83599e+06	
      3732.344	     2.83644e+06	
      3732.494	     2.83689e+06	
      3732.794	     2.83779e+06	
      3733.352	     2.83947e+06	
      3733.384	     2.83956e+06	
      3733.393	     2.83959e+06	
      3733.402	     2.83962e+06	
      3733.452	     2.83977e+06	
      3733.552	     2.84007e+06	
      3733.648	     2.84035e+06	
      3733.752	     2.84067e+06	
      3733.856	     2.84098e+06	
      3734.004	     2.84142e+06	
      3734.044	     2.84154e+06	
      3734.064	     2.84160e+06	
      3734.084	     2.84166e+06	
      3734.131	     2.84180e+06	
      3734.140	     2.84183e+06	
      3734.164	     2.84190e+06	
      3734.197	     2.84200e+06	
      3734.254	     2.84217e+06	
      3734.311	     2.84234e+06	
      3734.368	     2.84251e+06	
      3734.425	     2.84268e+06	
      3734.482	     2.84285e+06	
      3734.539	     2.84302e+06	
      3734.652	     2.84336e+06	
      3734.829	     2.84389e+06	
      3734.878	     2.84404e+06	
      3734.929	     2.84419e+06	
      3735.029	     2.84449e+06	
      3735.124	     2.84477e+06	
      3735.173	     2.84492e+06	
      3735.229	     2.84509e+06	
      3735.334	     2.84541e+06	
      3735.391	     2.84558e+06	
      3735.495	     2.84589e+06	
      3735.817	     2.84685e+06	
      3736.000	     2.84740e+06	
      3736.243	     2.84813e+06	
      3736.486	     2.84886e+06	
      3736.971	     2.85031e+06	
      3737.826	     2.85287e+06	
      3737.943	     2.85322e+06	
      3738.060	     2.85357e+06	
      3738.294	     2.85427e+06	
      3738.587	     2.85515e+06	
      3738.762	     2.85567e+06	
      3738.937	     2.85619e+06	
      3739.287	     2.85724e+06	
      3739.498	     2.85787e+06	
      3739.987	     2.85934e+06	
      3740.476	     2.86080e+06	
      3741.212	     2.86300e+06	
      3741.453	     2.86373e+06	
      3741.694	     2.86444e+06	
      3742.092	     2.86564e+06	
      3742.176	     2.86589e+06	
      3742.260	     2.86614e+06	
      3742.428	     2.86664e+06	
      3742.671	     2.86737e+06	
      3742.733	     2.86755e+06	
      3742.764	     2.86765e+06	
      3742.795	     2.86774e+06	
      3742.864	     2.86794e+06	
      3742.919	     2.86811e+06	
      3743.167	     2.86885e+06	
      3743.663	     2.87033e+06	
      3744.620	     2.87320e+06	
      3744.654	     2.87330e+06	
      3746.445	     2.87865e+06	
      3747.605	     2.88212e+06	
      3748.269	     2.88410e+06	
      3748.844	     2.88582e+06	
      3748.904	     2.88600e+06	
      3748.934	     2.88609e+06	
      3748.964	     2.88618e+06	
      3748.986	     2.88625e+06	
      3749.084	     2.88654e+06	
      3749.118	     2.88664e+06	
      3749.182	     2.88683e+06	
      3749.378	     2.88742e+06	
      3749.409	     2.88751e+06	
      3749.638	     2.88819e+06	
      3749.753	     2.88854e+06	
      3749.867	     2.88888e+06	
      3749.924	     2.88905e+06	
      3749.981	     2.88922e+06	
      3750.038	     2.88939e+06	
      3750.095	     2.88956e+06	
      3750.152	     2.88972e+06	
      3750.209	     2.88989e+06	
      3750.266	     2.89007e+06	
      3750.323	     2.89024e+06	
      3750.437	     2.89058e+06	
      3750.616	     2.89111e+06	
      3750.665	     2.89126e+06	
      3750.716	     2.89141e+06	
      3750.816	     2.89171e+06	
      3750.910	     2.89199e+06	
      3751.016	     2.89231e+06	
      3751.122	     2.89262e+06	
      3751.334	     2.89326e+06	
      3751.481	     2.89370e+06	
      3751.758	     2.89452e+06	
      3752.035	     2.89535e+06	
      3752.588	     2.89700e+06	
      3753.533	     2.89982e+06	
      3753.696	     2.90031e+06	
      3753.782	     2.90057e+06	
      3753.859	     2.90080e+06	
      3754.185	     2.90177e+06	
      3754.274	     2.90203e+06	
      3754.837	     2.90371e+06	
      3755.892	     2.90686e+06	
      3756.086	     2.90744e+06	
      3757.473	     2.91158e+06	
      3757.509	     2.91168e+06	
      3757.548	     2.91180e+06	
      3758.932	     2.91593e+06	
      3760.390	     2.92027e+06	
      3761.656	     2.92404e+06	
      3762.717	     2.92720e+06	
      3763.233	     2.92874e+06	
      3764.809	     2.93344e+06	
      3765.066	     2.93420e+06	
      3766.902	     2.93966e+06	
      3768.545	     2.94456e+06	
      3768.737	     2.94512e+06	
      3768.929	     2.94570e+06	
      3768.971	     2.94582e+06	
      3769.196	     2.94649e+06	
      3769.313	     2.94684e+06	
      3769.655	     2.94785e+06	
      3769.885	     2.94854e+06	
      3770.114	     2.94922e+06	
      3770.228	     2.94956e+06	
      3770.343	     2.94990e+06	
      3770.401	     2.95007e+06	
      3770.458	     2.95024e+06	
      3770.515	     2.95040e+06	
      3770.573	     2.95057e+06	
      3770.630	     2.95074e+06	
      3770.687	     2.95091e+06	
      3770.745	     2.95109e+06	
      3770.802	     2.95126e+06	
      3770.867	     2.95145e+06	
      3770.916	     2.95160e+06	
      3770.967	     2.95175e+06	
      3770.988	     2.95182e+06	
      3771.003	     2.95186e+06	
      3771.067	     2.95205e+06	
      3771.146	     2.95229e+06	
      3771.304	     2.95275e+06	
      3771.604	     2.95365e+06	
      3771.890	     2.95450e+06	
      3771.951	     2.95468e+06	
      3772.206	     2.95544e+06	
      3772.522	     2.95638e+06	
      3773.154	     2.95826e+06	
      3774.357	     2.96183e+06	
      3775.497	     2.96522e+06	
      3776.762	     2.96897e+06	
      3777.127	     2.97006e+06	
      3778.027	     2.97273e+06	
      3778.399	     2.97383e+06	
      3778.927	     2.97540e+06	
      3780.726	     2.98074e+06	
      3781.844	     2.98405e+06	
      3783.053	     2.98764e+06	
      3783.159	     2.98795e+06	
      3784.263	     2.99122e+06	
      3785.367	     2.99449e+06	
      3786.225	     2.99704e+06	
      3787.401	     3.00052e+06	
      3787.574	     3.00103e+06	
      3788.924	     3.00503e+06	
      3790.447	     3.00953e+06	
      3792.841	     3.01661e+06	
      3793.492	     3.01854e+06	
      3794.143	     3.02046e+06	
      3794.897	     3.02269e+06	
      3795.066	     3.02319e+06	
      3795.444	     3.02430e+06	
      3795.991	     3.02592e+06	
      3796.454	     3.02729e+06	
      3796.916	     3.02865e+06	
      3797.147	     3.02933e+06	
      3797.378	     3.03001e+06	
      3797.494	     3.03035e+06	
      3797.609	     3.03069e+06	
      3797.666	     3.03086e+06	
      3797.724	     3.03103e+06	
      3797.782	     3.03119e+06	
      3797.840	     3.03136e+06	
      3797.898	     3.03153e+06	
      3797.956	     3.03171e+06	
      3798.014	     3.03188e+06	
      3798.072	     3.03205e+06	
      3798.187	     3.03240e+06	
      3798.367	     3.03293e+06	
      3798.416	     3.03308e+06	
      3798.467	     3.03323e+06	
      3798.567	     3.03353e+06	
      3798.655	     3.03379e+06	
      3798.753	     3.03407e+06	
      3798.767	     3.03412e+06	
      3798.837	     3.03432e+06	
      3798.879	     3.03445e+06	
      3798.921	     3.03457e+06	
      3799.046	     3.03494e+06	
      3799.089	     3.03507e+06	
      3799.425	     3.03606e+06	
      3799.471	     3.03620e+06	
      3799.804	     3.03718e+06	
      3800.562	     3.03942e+06	
      3801.653	     3.04263e+06	
      3802.319	     3.04460e+06	
      3803.834	     3.04906e+06	
      3805.349	     3.05352e+06	
      3807.837	     3.06085e+06	
      3808.378	     3.06244e+06	
      3808.919	     3.06404e+06	
      3810.000	     3.06722e+06	
      3811.586	     3.07187e+06	
      3812.164	     3.07357e+06	
      3812.742	     3.07527e+06	
      3813.897	     3.07867e+06	
      3815.777	     3.08418e+06	
      3816.093	     3.08511e+06	
      3816.209	     3.08545e+06	
      3816.641	     3.08672e+06	
      3817.439	     3.08913e+06	
      3817.504	     3.08932e+06	
      3818.916	     3.09358e+06	
      3820.393	     3.09810e+06	
      3822.566	     3.10475e+06	
      3823.346	     3.10713e+06	
      3823.512	     3.10764e+06	
      3824.126	     3.10951e+06	
      3825.685	     3.11427e+06	
      3826.804	     3.11769e+06	
      3827.859	     3.12091e+06	
      3828.914	     3.12412e+06	
      3830.454	     3.12882e+06	
      3831.023	     3.13055e+06	
      3831.592	     3.13228e+06	
      3832.001	     3.13353e+06	
      3832.525	     3.13512e+06	
      3832.730	     3.13575e+06	
      3833.458	     3.13796e+06	
      3833.925	     3.13938e+06	
      3834.392	     3.14080e+06	
      3834.626	     3.14151e+06	
      3834.859	     3.14222e+06	
      3834.975	     3.14257e+06	
      3835.092	     3.14291e+06	
      3835.151	     3.14310e+06	
      3835.209	     3.14326e+06	
      3835.267	     3.14345e+06	
      3835.326	     3.14360e+06	
      3835.384	     3.14379e+06	
      3835.442	     3.14398e+06	
      3835.501	     3.14414e+06	
      3835.559	     3.14433e+06	
      3835.626	     3.14455e+06	
      3835.675	     3.14470e+06	
      3835.726	     3.14486e+06	
      3835.743	     3.14489e+06	
      3835.774	     3.14499e+06	
      3835.826	     3.14514e+06	
      3835.909	     3.14543e+06	
      3836.075	     3.14593e+06	
      3836.376	     3.14684e+06	
      3836.646	     3.14766e+06	
      3836.977	     3.14866e+06	
      3837.029	     3.14882e+06	
      3837.308	     3.14967e+06	
      3837.970	     3.15168e+06	
      3838.647	     3.15375e+06	
      3838.911	     3.15454e+06	
      3839.175	     3.15535e+06	
      3839.703	     3.15696e+06	
      3840.758	     3.16016e+06	
      3842.753	     3.16619e+06	
      3842.831	     3.16644e+06	
      3842.870	     3.16657e+06	
      3842.909	     3.16666e+06	
      3843.065	     3.16717e+06	
      3843.377	     3.16811e+06	
      3844.001	     3.16999e+06	
      3844.588	     3.17178e+06	
      3845.248	     3.17376e+06	
      3845.547	     3.17467e+06	
      3845.908	     3.17577e+06	
      3847.228	     3.17976e+06	
      3847.442	     3.18042e+06	
      3848.908	     3.18485e+06	
      3850.375	     3.18931e+06	
      3851.976	     3.19415e+06	
      3853.308	     3.19817e+06	
      3854.640	     3.20219e+06	
      3855.701	     3.20540e+06	
      3857.303	     3.21024e+06	
      3858.906	     3.21507e+06	
      3862.006	     3.22441e+06	
      3862.111	     3.22472e+06	
      3862.216	     3.22503e+06	
      3862.426	     3.22566e+06	
      3862.846	     3.22692e+06	
      3863.685	     3.22946e+06	
      3865.170	     3.23392e+06	
      3865.365	     3.23452e+06	
      3865.560	     3.23509e+06	
      3865.950	     3.23628e+06	
      3866.730	     3.23861e+06	
      3867.675	     3.24146e+06	
      3868.289	     3.24329e+06	
      3868.903	     3.24514e+06	
      3870.131	     3.24882e+06	
      3871.324	     3.25243e+06	
      3872.586	     3.25620e+06	
      3873.848	     3.26000e+06	
      3876.324	     3.26741e+06	
      3876.368	     3.26754e+06	
      3876.371	     3.26754e+06	
      3876.374	     3.26754e+06	
      3876.424	     3.26770e+06	
      3876.524	     3.26801e+06	
      3876.724	     3.26861e+06	
      3876.947	     3.26927e+06	
      3877.124	     3.26980e+06	
      3877.924	     3.27219e+06	
      3878.900	     3.27511e+06	
      3880.290	     3.27926e+06	
      3880.854	     3.28095e+06	
      3881.418	     3.28265e+06	
      3882.546	     3.28601e+06	
      3884.398	     3.29154e+06	
      3884.801	     3.29273e+06	
      3884.923	     3.29311e+06	
      3885.204	     3.29396e+06	
      3886.010	     3.29635e+06	
      3886.151	     3.29676e+06	
      3887.096	     3.29958e+06	
      3887.568	     3.30100e+06	
      3888.042	     3.30238e+06	
      3888.280	     3.30310e+06	
      3888.516	     3.30379e+06	
      3888.633	     3.30414e+06	
      3888.752	     3.30448e+06	
      3888.844	     3.30474e+06	
      3888.866	     3.30480e+06	
      3888.871	     3.30483e+06	
      3888.898	     3.30489e+06	
      3888.930	     3.30499e+06	
      3888.989	     3.30514e+06	
      3889.048	     3.30533e+06	
      3889.107	     3.30549e+06	
      3889.166	     3.30568e+06	
      3889.225	     3.30587e+06	
      3889.294	     3.30609e+06	
      3889.343	     3.30624e+06	
      3889.394	     3.30640e+06	
      3889.408	     3.30643e+06	
      3889.450	     3.30656e+06	
      3889.494	     3.30671e+06	
      3889.580	     3.30697e+06	
      3889.752	     3.30747e+06	
      3890.054	     3.30838e+06	
      3890.315	     3.30917e+06	
      3890.474	     3.30964e+06	
      3890.657	     3.31020e+06	
      3890.999	     3.31121e+06	
      3891.683	     3.31325e+06	
      3892.892	     3.31686e+06	
      3893.942	     3.31997e+06	
      3894.458	     3.32151e+06	
      3895.309	     3.32406e+06	
      3896.219	     3.32676e+06	
      3896.677	     3.32811e+06	
      3898.895	     3.33471e+06	
      3899.603	     3.33681e+06	
      3901.572	     3.34262e+06	
      3903.894	     3.34950e+06	
      3904.248	     3.35057e+06	
      3908.893	     3.36430e+06	
      3913.891	     3.37907e+06	
      3918.890	     3.39496e+06	
      3923.889	     3.41102e+06	
      3928.216	     3.42496e+06	
      3928.353	     3.42540e+06	
      3928.887	     3.42713e+06	
      3929.559	     3.42930e+06	
      3930.903	     3.43364e+06	
      3933.453	     3.44183e+06	
      3935.810	     3.44941e+06	
      3937.347	     3.45434e+06	
      3938.885	     3.45930e+06	
      3940.036	     3.46298e+06	
      3941.960	     3.46914e+06	
      3943.883	     3.47529e+06	
      3946.579	     3.48390e+06	
      3947.730	     3.48758e+06	
      3948.882	     3.49125e+06	
      3950.653	     3.49688e+06	
      3951.015	     3.49804e+06	
      3951.186	     3.49857e+06	
      3951.718	     3.50027e+06	
      3952.784	     3.50366e+06	
      3954.554	     3.50928e+06	
      3957.306	     3.51799e+06	
      3958.093	     3.52050e+06	
      3958.624	     3.52217e+06	
      3958.880	     3.52298e+06	
      3960.453	     3.52795e+06	
      3962.283	     3.53373e+06	
      3965.737	     3.54460e+06	
      3965.942	     3.54526e+06	
      3966.147	     3.54588e+06	
      3966.557	     3.54717e+06	
      3966.675	     3.54755e+06	
      3967.279	     3.54943e+06	
      3967.376	     3.54975e+06	
      3968.078	     3.55195e+06	
      3968.709	     3.55393e+06	
      3968.877	     3.55443e+06	
      3969.045	     3.55496e+06	
      3969.234	     3.55553e+06	
      3969.287	     3.55572e+06	
      3969.381	     3.55600e+06	
      3969.528	     3.55644e+06	
      3969.648	     3.55679e+06	
      3969.769	     3.55716e+06	
      3969.830	     3.55732e+06	
      3969.890	     3.55751e+06	
      3969.950	     3.55767e+06	
      3970.011	     3.55782e+06	
      3970.071	     3.55798e+06	
      3970.131	     3.55820e+06	
      3970.192	     3.55842e+06	
      3970.252	     3.55864e+06	
      3970.323	     3.55889e+06	
      3970.372	     3.55905e+06	
      3970.423	     3.55924e+06	
      3970.432	     3.55927e+06	
      3970.495	     3.55946e+06	
      3970.523	     3.55955e+06	
      3970.613	     3.55986e+06	
      3970.795	     3.56043e+06	
      3971.096	     3.56140e+06	
      3971.333	     3.56216e+06	
      3971.591	     3.56297e+06	
      3971.698	     3.56332e+06	
      3972.063	     3.56445e+06	
      3972.793	     3.56678e+06	
      3973.995	     3.57055e+06	
      3974.936	     3.57350e+06	
      3976.398	     3.57809e+06	
      3976.845	     3.57950e+06	
      3977.860	     3.58267e+06	
      3978.874	     3.58585e+06	
      3979.577	     3.58804e+06	
      3980.904	     3.59219e+06	
      3982.230	     3.59631e+06	
      3984.180	     3.60240e+06	
      3984.884	     3.60457e+06	
      3985.119	     3.60532e+06	
      3985.588	     3.60677e+06	
      3986.995	     3.61114e+06	
      3988.872	     3.61698e+06	
      3991.379	     3.62474e+06	
      3992.625	     3.62857e+06	
      3993.854	     3.63237e+06	
      3993.870	     3.63244e+06	
      3996.362	     3.64013e+06	
      3998.869	     3.64786e+06	
      4003.868	     3.66319e+06	
      4008.866	     3.67849e+06	
      4013.865	     3.69398e+06	
      4018.864	     3.70975e+06	
      4023.863	     3.72546e+06	
      4025.341	     3.73011e+06	
      4028.861	     3.74110e+06	
      4032.381	     3.75207e+06	
      4032.946	     3.75383e+06	
      4033.860	     3.75669e+06	
      4035.902	     3.76303e+06	
      4038.859	     3.77217e+06	
      4043.857	     3.78760e+06	
      4048.856	     3.80296e+06	
      4053.855	     3.81823e+06	
      4058.853	     3.83340e+06	
      4063.852	     3.84851e+06	
      4068.851	     3.86356e+06	
      4073.849	     3.87852e+06	
      4075.421	     3.88320e+06	
      4078.848	     3.89338e+06	
      4082.275	     3.90352e+06	
      4082.559	     3.90437e+06	
      4084.004	     3.90861e+06	
      4085.702	     3.91361e+06	
      4088.845	     3.92284e+06	
      4089.695	     3.92533e+06	
      4093.687	     3.93698e+06	
      4096.515	     3.94518e+06	
      4097.679	     3.94854e+06	
      4098.010	     3.94948e+06	
      4098.678	     3.95143e+06	
      4098.843	     3.95190e+06	
      4099.676	     3.95429e+06	
      4100.174	     3.95570e+06	
      4100.673	     3.95709e+06	
      4100.922	     3.95778e+06	
      4101.172	     3.95847e+06	
      4101.297	     3.95878e+06	
      4101.422	     3.95910e+06	
      4101.485	     3.95925e+06	
      4101.547	     3.95938e+06	
      4101.609	     3.95947e+06	
      4101.672	     3.95960e+06	
      4101.734	     3.95973e+06	
      4101.797	     3.95995e+06	
      4101.859	     3.96020e+06	
      4101.922	     3.96048e+06	
      4102.047	     3.96092e+06	
      4102.296	     3.96174e+06	
      4102.745	     3.96312e+06	
      4102.794	     3.96324e+06	
      4102.845	     3.96340e+06	
      4102.945	     3.96372e+06	
      4103.145	     3.96431e+06	
      4103.296	     3.96475e+06	
      4103.545	     3.96551e+06	
      4103.794	     3.96623e+06	
      4104.291	     3.96771e+06	
      4104.785	     3.96915e+06	
      4105.287	     3.97063e+06	
      4105.789	     3.97210e+06	
      4106.793	     3.97503e+06	
      4108.680	     3.98052e+06	
      4108.760	     3.98074e+06	
      4108.800	     3.98087e+06	
      4108.840	     3.98099e+06	
      4108.859	     3.98106e+06	
      4109.000	     3.98150e+06	
      4109.320	     3.98247e+06	
      4109.781	     3.98392e+06	
      4110.703	     3.98678e+06	
      4111.319	     3.98866e+06	
      4112.546	     3.99246e+06	
      4113.774	     3.99626e+06	
      4114.693	     3.99909e+06	
      4116.229	     4.00380e+06	
      4116.694	     4.00525e+06	
      4117.766	     4.00855e+06	
      4118.126	     4.00965e+06	
      4118.838	     4.01181e+06	
      4120.981	     4.01838e+06	
      4123.836	     4.02708e+06	
      4126.144	     4.03409e+06	
      4128.835	     4.04222e+06	
      4129.605	     4.04455e+06	
      4131.526	     4.05033e+06	
      4133.834	     4.05727e+06	
      4134.219	     4.05844e+06	
      4138.832	     4.07223e+06	
      4143.831	     4.08709e+06	
      4148.830	     4.10182e+06	
      4153.828	     4.11646e+06	
      4158.827	     4.13101e+06	
      4163.826	     4.14546e+06	
      4168.824	     4.15978e+06	
      4173.823	     4.17405e+06	
      4178.822	     4.18818e+06	
      4183.820	     4.20223e+06	
      4188.819	     4.21617e+06	
      4193.818	     4.23003e+06	
      4198.817	     4.24376e+06	
      4203.815	     4.25739e+06	
      4208.814	     4.27112e+06	
      4213.813	     4.28491e+06	
      4216.525	     4.29236e+06	
      4217.242	     4.29431e+06	
      4218.811	     4.29861e+06	
      4221.098	     4.30483e+06	
      4223.810	     4.31218e+06	
      4224.954	     4.31529e+06	
      4228.809	     4.32566e+06	
      4233.807	     4.33901e+06	
      4238.806	     4.35227e+06	
      4243.805	     4.36540e+06	
      4248.803	     4.37841e+06	
      4253.802	     4.39132e+06	
      4258.801	     4.40410e+06	
      4263.799	     4.41680e+06	
      4268.798	     4.42936e+06	
      4273.797	     4.44180e+06	
      4278.795	     4.45412e+06	
      4283.794	     4.46631e+06	
      4288.793	     4.47837e+06	
      4293.791	     4.49031e+06	
      4298.790	     4.50209e+06	
      4303.789	     4.51368e+06	
      4308.788	     4.52474e+06	
      4313.786	     4.53567e+06	
      4314.073	     4.53630e+06	
      4318.785	     4.54645e+06	
      4320.854	     4.55085e+06	
      4323.497	     4.55644e+06	
      4326.139	     4.56200e+06	
      4326.475	     4.56269e+06	
      4328.782	     4.56753e+06	
      4330.233	     4.57051e+06	
      4331.090	     4.57231e+06	
      4331.149	     4.57243e+06	
      4331.946	     4.57406e+06	
      4333.660	     4.57758e+06	
      4334.060	     4.57840e+06	
      4336.171	     4.58274e+06	
      4337.786	     4.58597e+06	
      4338.220	     4.58682e+06	
      4338.283	     4.58695e+06	
      4338.780	     4.58792e+06	
      4338.812	     4.58798e+06	
      4339.339	     4.58899e+06	
      4339.602	     4.58946e+06	
      4339.867	     4.58990e+06	
      4340.001	     4.59009e+06	
      4340.132	     4.59021e+06	
      4340.197	     4.59024e+06	
      4340.263	     4.59024e+06	
      4340.329	     4.59018e+06	
      4340.395	     4.59015e+06	
      4340.461	     4.59018e+06	
      4340.527	     4.59040e+06	
      4340.593	     4.59075e+06	
      4340.659	     4.59109e+06	
      4340.791	     4.59163e+06	
      4341.005	     4.59229e+06	
      4341.055	     4.59241e+06	
      4341.105	     4.59257e+06	
      4341.205	     4.59282e+06	
      4341.227	     4.59288e+06	
      4341.238	     4.59291e+06	
      4341.405	     4.59335e+06	
      4341.583	     4.59379e+06	
      4341.939	     4.59464e+06	
      4342.640	     4.59628e+06	
      4343.330	     4.59785e+06	
      4343.570	     4.59841e+06	
      4344.041	     4.59948e+06	
      4344.752	     4.60108e+06	
      4346.174	     4.60426e+06	
      4348.578	     4.60963e+06	
      4348.777	     4.61007e+06	
      4348.976	     4.61051e+06	
      4349.374	     4.61139e+06	
      4350.170	     4.61315e+06	
      4350.322	     4.61346e+06	
      4351.761	     4.61663e+06	
      4353.201	     4.61981e+06	
      4354.734	     4.62317e+06	
      4356.077	     4.62609e+06	
      4356.080	     4.62612e+06	
      4357.426	     4.62904e+06	
      4358.774	     4.63196e+06	
      4359.170	     4.63281e+06	
      4361.472	     4.63762e+06	
      4363.773	     4.64255e+06	
      4367.980	     4.65147e+06	
      4368.376	     4.65232e+06	
      4368.524	     4.65264e+06	
      4368.772	     4.65314e+06	
      4369.563	     4.65480e+06	
      4371.147	     4.65813e+06	
      4373.770	     4.66360e+06	
      4378.769	     4.67390e+06	
      4383.768	     4.68408e+06	
      4388.766	     4.69414e+06	
      4393.765	     4.70410e+06	
      4398.764	     4.71390e+06	
      4403.762	     4.72188e+06	
      4408.761	     4.72907e+06	
      4413.760	     4.73623e+06	
      4418.758	     4.74330e+06	
      4423.757	     4.75034e+06	
      4428.756	     4.75731e+06	
      4433.754	     4.76423e+06	
      4438.753	     4.77107e+06	
      4443.752	     4.77789e+06	
      4448.751	     4.78465e+06	
      4453.749	     4.79134e+06	
      4458.748	     4.79800e+06	
      4463.747	     4.80459e+06	
      4468.745	     4.81113e+06	
      4473.744	     4.81763e+06	
      4478.743	     4.82410e+06	
      4483.741	     4.83051e+06	
      4488.740	     4.83686e+06	
      4493.739	     4.84317e+06	
      4498.737	     4.85056e+06	
      4503.736	     4.86064e+06	
      4508.735	     4.87057e+06	
      4513.733	     4.88037e+06	
      4514.118	     4.88112e+06	
      4518.732	     4.89005e+06	
      4523.346	     4.89884e+06	
      4527.190	     4.90607e+06	
      4527.960	     4.90751e+06	
      4528.729	     4.90896e+06	
      4530.269	     4.91182e+06	
      4532.968	     4.91681e+06	
      4533.288	     4.91741e+06	
      4533.348	     4.91750e+06	
      4533.728	     4.91823e+06	
      4534.488	     4.91961e+06	
      4536.007	     4.92237e+06	
      4538.727	     4.92734e+06	
      4543.725	     4.93635e+06	
      4548.724	     4.94521e+06	
      4553.723	     4.95398e+06	
      4558.721	     4.96259e+06	
      4563.720	     4.97110e+06	
      4568.719	     4.97946e+06	
      4573.717	     4.98772e+06	
      4578.716	     4.99585e+06	
      4583.715	     5.00387e+06	
      4588.713	     5.01175e+06	
      4593.712	     5.01954e+06	
      4596.529	     5.02331e+06	
      4596.984	     5.02391e+06	
      4598.711	     5.02620e+06	
      4600.892	     5.02900e+06	
      4603.709	     5.03261e+06	
      4604.800	     5.03399e+06	
      4608.708	     5.03896e+06	
      4613.707	     5.04521e+06	
      4618.705	     5.05140e+06	
      4623.704	     5.05749e+06	
      4628.703	     5.06352e+06	
      4633.701	     5.06949e+06	
      4638.700	     5.07540e+06	
      4643.699	     5.08121e+06	
      4648.697	     5.08693e+06	
      4653.696	     5.09262e+06	
      4658.695	     5.09821e+06	
      4663.694	     5.10374e+06	
      4668.692	     5.10917e+06	
      4673.691	     5.11454e+06	
      4678.690	     5.11985e+06	
      4683.688	     5.12510e+06	
      4688.687	     5.13025e+06	
      4693.686	     5.13518e+06	
      4698.684	     5.13983e+06	
      4703.683	     5.14442e+06	
      4708.682	     5.14894e+06	
      4713.680	     5.15341e+06	
      4715.603	     5.15510e+06	
      4718.679	     5.15780e+06	
      4720.984	     5.15981e+06	
      4721.755	     5.16047e+06	
      4723.678	     5.16214e+06	
      4724.830	     5.16311e+06	
      4728.676	     5.16638e+06	
      4733.675	     5.17059e+06	
      4738.674	     5.17471e+06	
      4743.672	     5.17876e+06	
      4748.671	     5.18275e+06	
      4753.670	     5.18664e+06	
      4758.668	     5.19048e+06	
      4763.667	     5.19422e+06	
      4768.666	     5.19786e+06	
      4773.664	     5.20141e+06	
      4778.663	     5.20490e+06	
      4783.662	     5.20823e+06	
      4788.660	     5.21149e+06	
      4793.659	     5.21451e+06	
      4798.658	     5.21737e+06	
      4803.656	     5.22010e+06	
      4808.655	     5.22268e+06	
      4813.654	     5.22507e+06	
      4818.652	     5.22723e+06	
      4823.651	     5.22918e+06	
      4828.650	     5.23088e+06	
      4833.648	     5.23229e+06	
      4834.972	     5.23264e+06	
      4838.647	     5.23348e+06	
      4839.161	     5.23358e+06	
      4842.322	     5.23421e+06	
      4845.483	     5.23471e+06	
      4845.503	     5.23471e+06	
      4847.054	     5.23493e+06	
      4848.644	     5.23515e+06	
      4851.785	     5.23559e+06	
      4854.393	     5.23594e+06	
      4856.517	     5.23622e+06	
      4858.401	     5.23641e+06	
      4858.642	     5.23641e+06	
      4858.664	     5.23641e+06	
      4858.883	     5.23644e+06	
      4859.364	     5.23641e+06	
      4859.473	     5.23641e+06	
      4860.065	     5.23625e+06	
      4860.361	     5.23609e+06	
      4860.657	     5.23584e+06	
      4860.805	     5.23559e+06	
      4860.953	     5.23521e+06	
      4861.027	     5.23490e+06	
      4861.101	     5.23446e+06	
      4861.175	     5.23380e+06	
      4861.248	     5.23317e+06	
      4861.322	     5.23286e+06	
      4861.396	     5.23327e+06	
      4861.470	     5.23399e+06	
      4861.543	     5.23471e+06	
      4861.641	     5.23540e+06	
      4861.687	     5.23562e+06	
      4861.689	     5.23565e+06	
      4861.691	     5.23565e+06	
      4861.695	     5.23568e+06	
      4861.741	     5.23587e+06	
      4861.841	     5.23622e+06	
      4861.979	     5.23663e+06	
      4861.987	     5.23663e+06	
      4862.279	     5.23725e+06	
      4862.579	     5.23779e+06	
      4862.596	     5.23782e+06	
      4863.178	     5.23864e+06	
      4863.727	     5.23936e+06	
      4863.761	     5.23939e+06	
      4864.927	     5.24074e+06	
      4866.127	     5.24206e+06	
      4868.413	     5.24454e+06	
      4868.526	     5.24467e+06	
      4868.639	     5.24476e+06	
      4868.865	     5.24501e+06	
      4869.317	     5.24552e+06	
      4869.583	     5.24580e+06	
      4870.221	     5.24649e+06	
      4870.858	     5.24718e+06	
      4872.134	     5.24853e+06	
      4874.623	     5.25123e+06	
      4874.685	     5.25130e+06	
      4874.747	     5.25136e+06	
      4874.871	     5.25149e+06	
      4875.119	     5.25177e+06	
      4875.615	     5.25230e+06	
      4876.607	     5.25334e+06	
      4878.452	     5.25532e+06	
      4878.544	     5.25541e+06	
      4878.590	     5.25544e+06	
      4878.636	     5.25551e+06	
      4878.820	     5.25570e+06	
      4879.188	     5.25607e+06	
      4879.526	     5.25645e+06	
      4879.924	     5.25686e+06	
      4880.322	     5.25727e+06	
      4880.941	     5.25790e+06	
      4881.118	     5.25808e+06	
      4882.709	     5.25972e+06	
      4884.478	     5.26151e+06	
      4887.396	     5.26437e+06	
      4888.015	     5.26496e+06	
      4888.634	     5.26556e+06	
      4889.871	     5.26672e+06	
      4891.061	     5.26782e+06	
      4892.347	     5.26902e+06	
      4893.632	     5.27018e+06	
      4893.777	     5.27030e+06	
      4896.204	     5.27244e+06	
      4898.631	     5.27451e+06	
      4903.340	     5.27841e+06	
      4903.485	     5.27850e+06	
      4903.630	     5.27863e+06	
      4903.920	     5.27885e+06	
      4904.499	     5.27932e+06	
      4905.659	     5.28023e+06	
      4907.328	     5.28152e+06	
      4907.977	     5.28202e+06	
      4908.628	     5.28249e+06	
      4909.929	     5.28347e+06	
      4911.434	     5.28460e+06	
      4912.530	     5.28538e+06	
      4913.014	     5.28573e+06	
      4913.627	     5.28617e+06	
      4915.550	     5.28755e+06	
      4915.820	     5.28774e+06	
      4918.240	     5.28941e+06	
      4918.626	     5.28969e+06	
      4921.701	     5.29173e+06	
      4923.624	     5.29302e+06	
      4925.162	     5.29399e+06	
      4928.623	     5.29619e+06	
      4933.622	     5.29924e+06	
      4938.620	     5.30219e+06	
      4943.619	     5.30502e+06	
      4948.618	     5.30778e+06	
      4953.616	     5.31042e+06	
      4958.615	     5.31300e+06	
      4963.614	     5.31548e+06	
      4968.612	     5.31790e+06	
      4973.611	     5.32029e+06	
      4978.610	     5.32258e+06	
      4983.608	     5.32478e+06	
      4988.607	     5.32688e+06	
      4993.606	     5.32890e+06	
      4998.604	     5.33087e+06	
      5003.603	     5.33279e+06	
      5008.602	     5.33468e+06	
      5013.600	     5.33653e+06	
      5018.599	     5.33832e+06	
      5023.598	     5.34008e+06	
      5028.596	     5.34181e+06	
      5033.595	     5.34347e+06	
      5038.594	     5.34511e+06	
      5043.592	     5.34671e+06	
      5048.591	     5.34825e+06	
      5053.590	     5.34979e+06	
      5058.588	     5.35126e+06	
      5063.587	     5.35271e+06	
      5068.586	     5.35412e+06	
      5073.584	     5.35550e+06	
      5078.583	     5.35686e+06	
      5083.582	     5.35802e+06	
      5088.580	     5.35905e+06	
      5093.579	     5.36009e+06	
      5098.578	     5.36110e+06	
      5103.576	     5.36204e+06	
      5108.575	     5.36298e+06	
      5113.574	     5.36389e+06	
      5118.572	     5.36477e+06	
      5123.571	     5.36565e+06	
      5128.570	     5.36647e+06	
      5133.568	     5.36725e+06	
      5138.567	     5.36804e+06	
      5143.566	     5.36879e+06	
      5148.564	     5.36948e+06	
      5153.563	     5.37018e+06	
      5158.562	     5.37087e+06	
      5163.560	     5.37150e+06	
      5168.559	     5.37209e+06	
      5173.558	     5.37269e+06	
      5178.556	     5.37319e+06	
      5183.555	     5.37357e+06	
      5188.554	     5.37388e+06	
      5193.552	     5.37420e+06	
      5198.551	     5.37448e+06	
      5203.550	     5.37473e+06	
      5208.548	     5.37498e+06	
      5213.547	     5.37520e+06	
      5218.546	     5.37539e+06	
      5223.544	     5.37555e+06	
      5228.543	     5.37570e+06	
      5233.542	     5.37583e+06	
      5238.540	     5.37592e+06	
      5243.539	     5.37599e+06	
      5248.537	     5.37605e+06	
      5253.536	     5.37608e+06	
      5258.535	     5.37608e+06	
      5263.533	     5.37608e+06	
      5268.532	     5.37605e+06	
      5273.531	     5.37599e+06	
      5278.529	     5.37655e+06	
      5283.528	     5.37718e+06	
      5288.527	     5.37778e+06	
      5293.525	     5.37834e+06	
      5298.524	     5.37888e+06	
      5303.523	     5.37935e+06	
      5308.521	     5.37982e+06	
      5313.520	     5.38023e+06	
      5318.519	     5.38061e+06	
      5323.517	     5.38092e+06	
      5328.516	     5.38123e+06	
      5333.515	     5.38152e+06	
      5338.513	     5.38174e+06	
      5343.512	     5.38193e+06	
      5348.511	     5.38211e+06	
      5353.509	     5.38224e+06	
      5358.508	     5.38233e+06	
      5363.507	     5.38258e+06	
      5368.505	     5.38262e+06	
      5373.504	     5.38230e+06	
      5378.503	     5.38158e+06	
      5383.501	     5.38086e+06	
      5388.500	     5.38007e+06	
      5393.499	     5.37932e+06	
      5398.497	     5.37850e+06	
      5403.496	     5.37768e+06	
      5408.495	     5.37687e+06	
      5413.493	     5.37602e+06	
      5418.492	     5.37514e+06	
      5423.491	     5.37423e+06	
      5428.489	     5.37332e+06	
      5433.488	     5.37241e+06	
      5438.487	     5.37146e+06	
      5443.485	     5.37049e+06	
      5448.484	     5.36952e+06	
      5453.483	     5.36851e+06	
      5458.481	     5.36747e+06	
      5463.480	     5.36644e+06	
      5468.479	     5.36540e+06	
      5473.477	     5.36477e+06	
      5478.476	     5.36414e+06	
      5483.475	     5.36348e+06	
      5488.473	     5.36279e+06	
      5493.472	     5.36207e+06	
      5498.471	     5.36135e+06	
      5503.469	     5.36059e+06	
      5508.468	     5.35984e+06	
      5513.466	     5.35905e+06	
      5518.465	     5.35824e+06	
      5523.464	     5.35739e+06	
      5528.462	     5.35654e+06	
      5533.461	     5.35566e+06	
      5538.460	     5.35478e+06	
      5543.458	     5.35384e+06	
      5548.457	     5.35290e+06	
      5553.456	     5.35195e+06	
      5558.454	     5.35098e+06	
      5563.453	     5.34998e+06	
      5568.452	     5.34894e+06	
      5573.450	     5.34790e+06	
      5578.449	     5.34680e+06	
      5583.448	     5.34573e+06	
      5588.446	     5.34460e+06	
      5593.445	     5.34347e+06	
      5598.444	     5.34234e+06	
      5603.442	     5.34115e+06	
      5608.441	     5.33995e+06	
      5613.440	     5.33876e+06	
      5618.438	     5.33753e+06	
      5623.437	     5.33628e+06	
      5628.436	     5.33502e+06	
      5633.434	     5.33373e+06	
      5638.433	     5.33245e+06	
      5643.432	     5.33113e+06	
      5648.430	     5.32981e+06	
      5653.429	     5.32842e+06	
      5658.428	     5.32707e+06	
      5663.426	     5.32569e+06	
      5668.425	     5.32434e+06	
      5673.424	     5.32293e+06	
      5673.979	     5.32277e+06	
      5678.422	     5.32148e+06	
      5682.865	     5.32016e+06	
      5686.198	     5.31919e+06	
      5687.309	     5.31884e+06	
      5687.864	     5.31868e+06	
      5688.420	     5.31850e+06	
      5690.641	     5.31784e+06	
      5693.418	     5.31702e+06	
      5698.417	     5.31548e+06	
      5703.415	     5.31394e+06	
      5704.770	     5.31353e+06	
      5708.414	     5.31240e+06	
      5708.882	     5.31224e+06	
      5712.058	     5.31127e+06	
      5713.413	     5.31083e+06	
      5715.234	     5.31027e+06	
      5718.411	     5.30923e+06	
      5723.410	     5.30763e+06	
      5728.409	     5.30602e+06	
      5733.407	     5.30439e+06	
      5738.406	     5.30273e+06	
      5743.405	     5.30106e+06	
      5748.403	     5.29940e+06	
      5753.402	     5.29770e+06	
      5758.401	     5.29597e+06	
      5763.399	     5.29321e+06	
      5768.398	     5.29145e+06	
      5773.397	     5.28969e+06	
      5778.395	     5.28790e+06	
      5783.394	     5.28608e+06	
      5788.393	     5.28428e+06	
      5793.391	     5.28243e+06	
      5798.390	     5.28058e+06	
      5803.389	     5.27872e+06	
      5808.387	     5.27684e+06	
      5813.386	     5.27495e+06	
      5818.385	     5.27304e+06	
      5823.383	     5.27112e+06	
      5828.382	     5.26917e+06	
      5833.381	     5.26723e+06	
      5838.379	     5.26525e+06	
      5843.378	     5.26327e+06	
      5848.377	     5.26129e+06	
      5853.375	     5.25928e+06	
      5858.374	     5.25724e+06	
      5863.372	     5.25522e+06	
      5868.371	     5.25315e+06	
      5873.370	     5.25111e+06	
      5878.368	     5.24904e+06	
      5883.367	     5.24696e+06	
      5888.366	     5.24486e+06	
      5893.364	     5.24275e+06	
      5898.363	     5.24062e+06	
      5903.362	     5.23848e+06	
      5908.360	     5.23631e+06	
      5913.359	     5.23414e+06	
      5918.358	     5.23198e+06	
      5923.356	     5.22978e+06	
      5928.355	     5.22755e+06	
      5933.354	     5.22535e+06	
      5938.352	     5.22309e+06	
      5943.351	     5.22086e+06	
      5948.350	     5.21859e+06	
      5953.348	     5.21630e+06	
      5958.347	     5.21401e+06	
      5963.346	     5.21168e+06	
      5968.344	     5.20936e+06	
      5973.343	     5.20700e+06	
      5978.342	     5.20465e+06	
      5983.340	     5.20229e+06	
      5988.339	     5.19990e+06	
      5993.338	     5.19751e+06	
      5998.336	     5.19509e+06	
      6003.335	     5.19268e+06	
      6008.333	     5.19026e+06	
      6013.332	     5.18781e+06	
      6018.331	     5.18536e+06	
      6023.329	     5.18291e+06	
      6028.328	     5.18042e+06	
      6033.327	     5.17791e+06	
      6038.325	     5.17543e+06	
      6043.324	     5.17292e+06	
      6048.323	     5.17037e+06	
      6053.321	     5.16786e+06	
      6058.320	     5.16528e+06	
      6063.319	     5.16274e+06	
      6068.317	     5.16016e+06	
      6073.316	     5.15755e+06	
      6078.315	     5.15498e+06	
      6083.313	     5.15237e+06	
      6088.312	     5.14973e+06	
      6093.311	     5.14712e+06	
      6098.309	     5.14445e+06	
      6103.308	     5.14181e+06	
      6108.307	     5.13914e+06	
      6113.305	     5.13647e+06	
      6118.304	     5.13377e+06	
      6123.303	     5.13107e+06	
      6128.301	     5.12837e+06	
      6133.300	     5.12563e+06	
      6138.298	     5.12290e+06	
      6143.297	     5.12014e+06	
      6148.296	     5.11740e+06	
      6153.294	     5.11461e+06	
      6158.293	     5.11181e+06	
      6163.292	     5.10902e+06	
      6168.290	     5.10622e+06	
      6173.289	     5.10339e+06	
      6178.288	     5.10056e+06	
      6183.286	     5.09771e+06	
      6188.285	     5.09485e+06	
      6193.284	     5.09196e+06	
      6198.282	     5.08910e+06	
      6203.281	     5.08618e+06	
      6208.280	     5.08329e+06	
      6213.278	     5.08036e+06	
      6218.277	     5.07744e+06	
      6223.276	     5.07449e+06	
      6228.274	     5.07154e+06	
      6233.273	     5.06855e+06	
      6238.272	     5.06557e+06	
      6243.270	     5.06255e+06	
      6244.381	     5.06189e+06	
      6248.269	     5.05953e+06	
      6252.157	     5.05721e+06	
      6253.821	     5.05617e+06	
      6256.044	     5.05482e+06	
      6258.266	     5.05347e+06	
      6262.157	     5.05112e+06	
      6262.711	     5.05077e+06	
      6263.265	     5.05042e+06	
      6264.372	     5.04973e+06	
      6264.912	     5.04942e+06	
      6266.588	     5.04838e+06	
      6268.263	     5.04735e+06	
      6269.967	     5.04631e+06	
      6271.615	     5.04527e+06	
      6273.262	     5.04427e+06	
      6274.854	     5.04326e+06	
      6276.557	     5.04222e+06	
      6278.261	     5.04116e+06	
      6280.076	     5.04003e+06	
      6281.668	     5.03902e+06	
      6283.259	     5.03805e+06	
      6284.627	     5.03717e+06	
      6286.443	     5.03604e+06	
      6288.258	     5.03490e+06	
      6290.521	     5.03349e+06	
      6291.889	     5.03261e+06	
      6293.257	     5.03173e+06	
      6293.729	     5.03145e+06	
      6295.992	     5.03000e+06	
      6298.255	     5.02859e+06	
      6302.310	     5.02598e+06	
      6302.782	     5.02570e+06	
      6303.254	     5.02539e+06	
      6303.918	     5.02495e+06	
      6304.198	     5.02479e+06	
      6306.085	     5.02356e+06	
      6308.253	     5.02218e+06	
      6311.924	     5.01979e+06	
      6312.587	     5.01939e+06	
      6313.251	     5.01895e+06	
      6314.579	     5.01807e+06	
      6316.219	     5.01703e+06	
      6317.234	     5.01637e+06	
      6317.314	     5.01631e+06	
      6318.250	     5.01568e+06	
      6320.281	     5.01436e+06	
      6323.249	     5.01241e+06	
      6328.247	     5.00911e+06	
      6333.246	     5.00581e+06	
      6338.245	     5.00245e+06	
      6343.243	     4.99909e+06	
      6348.242	     4.99570e+06	
      6353.241	     4.99227e+06	
      6358.239	     4.98882e+06	
      6363.238	     4.98533e+06	
      6368.236	     4.98178e+06	
      6373.235	     4.97823e+06	
      6378.234	     4.97465e+06	
      6383.232	     4.97100e+06	
      6388.231	     4.96730e+06	
      6393.230	     4.96356e+06	
      6398.228	     4.95979e+06	
      6403.227	     4.95596e+06	
      6408.226	     4.95206e+06	
      6413.224	     4.94807e+06	
      6418.223	     4.94405e+06	
      6423.222	     4.93993e+06	
      6428.220	     4.93576e+06	
      6433.219	     4.93145e+06	
      6438.218	     4.92709e+06	
      6443.216	     4.92259e+06	
      6448.215	     4.91797e+06	
      6453.214	     4.91323e+06	
      6458.212	     4.90836e+06	
      6463.211	     4.90333e+06	
      6468.210	     4.89812e+06	
      6473.208	     4.89275e+06	
      6478.207	     4.88712e+06	
      6483.205	     4.88131e+06	
      6488.204	     4.87522e+06	
      6493.203	     4.86887e+06	
      6498.201	     4.86224e+06	
      6503.200	     4.85527e+06	
      6508.199	     4.84795e+06	
      6513.197	     4.84025e+06	
      6518.196	     4.83221e+06	
      6523.195	     4.82373e+06	
      6523.719	     4.82282e+06	
      6528.193	     4.81487e+06	
      6532.668	     4.80661e+06	
      6536.095	     4.80010e+06	
      6537.143	     4.79809e+06	
      6537.383	     4.79762e+06	
      6538.191	     4.79605e+06	
      6540.286	     4.79197e+06	
      6543.189	     4.78625e+06	
      6546.457	     4.77978e+06	
      6546.724	     4.77924e+06	
      6548.188	     4.77632e+06	
      6549.918	     4.77286e+06	
      6553.113	     4.76646e+06	
      6554.426	     4.76375e+06	
      6556.306	     4.75983e+06	
      6556.871	     4.75860e+06	
      6557.903	     4.75631e+06	
      6558.185	     4.75565e+06	
      6559.500	     4.75232e+06	
      6560.298	     4.74993e+06	
      6561.096	     4.74695e+06	
      6561.496	     4.74497e+06	
      6561.895	     4.74227e+06	
      6562.094	     4.74032e+06	
      6562.294	     4.73755e+06	
      6562.394	     4.73554e+06	
      6562.494	     4.73265e+06	
      6562.594	     4.72841e+06	
      6562.693	     4.72442e+06	
      6562.793	     4.72228e+06	
      6562.892	     4.72426e+06	
      6562.992	     4.72816e+06	
      6563.092	     4.73228e+06	
      6563.291	     4.73692e+06	
      6563.641	     4.74079e+06	
      6563.687	     4.74113e+06	
      6563.689	     4.74113e+06	
      6563.691	     4.74113e+06	
      6563.741	     4.74148e+06	
      6563.841	     4.74211e+06	
      6564.041	     4.74315e+06	
      6564.294	     4.74418e+06	
      6564.392	     4.74453e+06	
      6564.441	     4.74472e+06	
      6564.490	     4.74487e+06	
      6564.685	     4.74544e+06	
      6565.077	     4.74641e+06	
      6565.636	     4.74751e+06	
      6565.861	     4.74789e+06	
      6566.086	     4.74823e+06	
      6566.536	     4.74889e+06	
      6566.689	     4.74908e+06	
      6567.085	     4.74955e+06	
      6567.436	     4.74996e+06	
      6568.183	     4.75075e+06	
      6569.280	     4.75178e+06	
      6570.478	     4.75282e+06	
      6571.476	     4.75364e+06	
      6572.473	     4.75442e+06	
      6573.270	     4.75502e+06	
      6574.469	     4.75593e+06	
      6575.667	     4.75684e+06	
      6577.950	     4.75854e+06	
      6578.065	     4.75860e+06	
      6578.180	     4.75870e+06	
      6578.410	     4.75885e+06	
      6578.870	     4.75920e+06	
      6579.789	     4.75989e+06	
      6580.079	     4.76008e+06	
      6581.629	     4.76121e+06	
      6583.178	     4.76231e+06	
      6584.378	     4.76316e+06	
      6586.278	     4.76445e+06	
      6587.911	     4.76554e+06	
      6588.177	     4.76573e+06	
      6588.443	     4.76589e+06	
      6588.975	     4.76624e+06	
      6590.039	     4.76693e+06	
      6591.023	     4.76752e+06	
      6592.166	     4.76825e+06	
      6593.014	     4.76875e+06	
      6593.309	     4.76891e+06	
      6595.594	     4.77023e+06	
      6598.174	     4.77161e+06	
      6603.335	     4.77403e+06	
      6613.656	     4.77751e+06	
      6634.299	     4.77959e+06	
      6639.690	     4.77921e+06	
      6675.584	     4.77010e+06	
      6711.477	     4.75383e+06	
      6741.748	     4.73724e+06	
      6783.263	     4.71204e+06	
      6824.779	     4.68528e+06	
      6907.811	     4.62923e+06	
      6990.842	     4.57111e+06	
      7038.601	     4.53703e+06	
      7073.874	     4.51167e+06	
      7109.146	     4.48613e+06	
      7179.691	     4.43517e+06	
      7250.236	     4.38375e+06	
      7320.781	     4.33200e+06	
      7389.137	     4.28212e+06	
      7391.326	     4.28051e+06	
      7393.514	     4.27888e+06	
      7397.891	     4.27568e+06	
      7406.645	     4.26927e+06	
      7424.152	     4.25642e+06	
      7459.167	     4.23069e+06	
      7529.196	     4.17920e+06	
      7599.225	     4.12761e+06	
      7660.626	     4.08241e+06	
      7669.254	     4.07603e+06	
      7677.881	     4.06968e+06	
      7695.137	     4.05712e+06	
      7729.647	     4.03195e+06	
      7798.668	     3.98172e+06	
      7867.690	     3.93155e+06	
      7911.174	     3.90004e+06	
      7936.711	     3.88153e+06	
      7962.248	     3.86309e+06	
      8013.322	     3.82646e+06	
      8046.242	     3.80293e+06	
      8064.396	     3.78999e+06	
      8082.550	     3.77704e+06	
      8118.857	     3.75128e+06	
      8180.092	     3.70802e+06	
      8191.471	     3.70001e+06	
      8200.850	     3.69341e+06	
      8202.850	     3.69200e+06	
      8204.849	     3.69059e+06	
      8208.848	     3.68779e+06	
      8216.846	     3.68220e+06	
      8232.842	     3.67101e+06	
      8264.833	     3.64868e+06	
      8289.715	     3.63137e+06	
      8328.816	     3.60422e+06	
      8343.441	     3.59408e+06	
      8367.916	     3.57717e+06	
      8371.465	     3.57472e+06	
      8388.684	     3.56291e+06	
      8392.391	     3.56037e+06	
      8408.650	     3.54925e+06	
      8413.318	     3.54607e+06	
      8432.024	     3.53329e+06	
      8437.951	     3.52923e+06	
      8467.252	     3.50928e+06	
      8473.978	     3.50470e+06	
      8502.481	     3.48535e+06	
      8516.584	     3.47580e+06	
      8530.983	     3.46609e+06	
      8545.382	     3.45641e+06	
      8549.972	     3.45336e+06	
      8574.180	     3.43715e+06	
      8598.388	     3.42101e+06	
      8628.597	     3.40093e+06	
      8646.805	     3.38887e+06	
      8652.391	     3.38516e+06	
      8665.013	     3.37684e+06	
      8685.587	     3.36323e+06	
      8701.429	     3.35280e+06	
      8750.468	     3.32063e+06	
      8767.917	     3.30926e+06	
      8815.350	     3.27838e+06	
      8862.782	     3.24800e+06	
      8900.383	     3.22403e+06	
      8957.646	     3.18777e+06	
      9014.908	     3.15177e+06	
      9044.624	     3.13322e+06	
      9072.171	     3.11608e+06	
      9099.717	     3.09902e+06	
      9154.810	     3.06539e+06	
      9190.798	     3.04356e+06	
      9209.903	     3.03202e+06	
      9229.009	     3.02052e+06	
      9267.221	     2.99760e+06	
      9303.204	     2.97615e+06	
      9343.644	     2.95218e+06	
      9384.084	     2.92836e+06	
      9464.964	     2.88158e+06	
      9545.723	     2.83547e+06	
      9545.844	     2.83540e+06	
      9545.965	     2.83533e+06	
      9546.207	     2.83520e+06	
      9546.691	     2.83492e+06	
      9546.866	     2.83482e+06	
      9547.658	     2.83437e+06	
      9549.594	     2.83328e+06	
      9553.465	     2.83108e+06	
      9561.207	     2.82670e+06	
      9576.691	     2.81795e+06	
      9607.658	     2.80052e+06	
      9668.451	     2.76656e+06	
      9729.243	     2.73324e+06	
      9790.036	     2.70025e+06	
      9850.828	     2.66760e+06	
      9870.422	     2.65715e+06	
      9911.620	     2.63530e+06	
      9952.819	     2.61360e+06	
     10021.070	     2.57831e+06	
     10035.217	     2.57104e+06	
     10049.364	     2.56380e+06	
     10077.658	     2.54937e+06	
     10134.247	     2.52071e+06	
     10144.484	     2.51556e+06	
     10190.835	     2.49235e+06	
     10237.187	     2.46933e+06	
     10329.890	     2.42487e+06	
     10422.592	     2.38111e+06	
     10515.295	     2.33808e+06	
     10607.998	     2.29576e+06	
     10700.701	     2.25415e+06	
     10793.403	     2.21326e+06	
     10834.127	     2.19551e+06	
     10886.106	     2.17307e+06	
     10938.085	     2.15083e+06	
     10990.064	     2.12885e+06	
     11042.043	     2.10707e+06	
     11094.022	     2.08551e+06	
     11146.000	     2.06417e+06	
     11197.979	     2.04305e+06	
     11239.008	     2.02653e+06	
     11249.958	     2.02214e+06	
     11260.908	     2.01776e+06	
     11282.808	     2.00936e+06	
     11326.608	     1.99265e+06	
     11414.209	     1.95963e+06	
     11501.809	     1.92715e+06	
     11589.411	     1.89520e+06	
     11677.011	     1.86377e+06	
     11764.612	     1.83285e+06	
     11852.212	     1.80245e+06	
     11939.813	     1.77257e+06	
     12027.413	     1.74318e+06	
     12115.014	     1.71429e+06	
     12120.600	     1.71247e+06	
     12202.614	     1.68591e+06	
     12284.629	     1.65977e+06	
     12366.644	     1.63519e+06	
     12448.658	     1.61096e+06	
     12530.673	     1.58709e+06	
     12612.688	     1.56357e+06	
     12694.701	     1.54040e+06	
     12735.367	     1.52903e+06	
     12776.716	     1.51757e+06	
     12818.066	     1.50617e+06	
     12900.764	     1.48376e+06	
     12983.464	     1.46167e+06	
     13066.162	     1.43992e+06	
     13148.861	     1.41850e+06	
     13154.771	     1.41698e+06	
     13231.560	     1.39741e+06	
     13308.350	     1.37813e+06	
     13385.140	     1.36017e+06	
     13461.929	     1.34245e+06	
     13538.719	     1.32496e+06	
     13615.509	     1.30769e+06	
     13692.299	     1.29066e+06	
     13769.088	     1.27384e+06	
     13845.878	     1.25724e+06	
     13922.668	     1.24087e+06	
     13999.458	     1.22472e+06	
     14076.247	     1.20878e+06	
     14153.038	     1.19305e+06	
     14229.828	     1.17754e+06	
     14281.164	     1.16730e+06	
     14306.618	     1.16225e+06	
     14332.071	     1.15722e+06	
     14382.978	     1.14759e+06	
     14410.128	     1.14249e+06	
     14427.096	     1.13931e+06	
     14433.884	     1.13804e+06	
     14457.640	     1.13361e+06	
     14505.152	     1.12488e+06	
     14581.211	     1.11104e+06	
     14583.210	     1.11068e+06	
     14585.210	     1.11031e+06	
     14589.208	     1.10962e+06	
     14597.206	     1.10822e+06	
     14613.202	     1.10543e+06	
     14645.193	     1.09987e+06	
     14709.176	     1.08884e+06	
     14773.158	     1.07790e+06	
     14837.141	     1.06706e+06	
     14901.123	     1.05633e+06	
     14965.106	     1.04570e+06	
     15029.088	     1.03517e+06	
     15093.071	     1.02474e+06	
     15157.054	     1.01441e+06	
     15221.036	     1.00418e+06	
     15285.019	     9.94056e+05	
     15349.001	     9.84032e+05	
     15412.984	     9.74107e+05	
     15471.572	     9.65107e+05	
     15476.966	     9.64284e+05	
     15482.361	     9.63460e+05	
     15493.150	     9.61777e+05	
     15514.728	     9.58425e+05	
     15557.884	     9.51752e+05	
     15644.197	     9.38545e+05	
     15730.509	     9.25526e+05	
     15816.821	     9.12692e+05	
     15903.134	     9.00041e+05	
     15989.446	     8.87566e+05	
     16075.759	     8.75273e+05	
     16162.071	     8.63159e+05	
     16248.384	     8.51224e+05	
     16289.880	     8.45547e+05	
     16334.696	     8.39462e+05	
     16379.512	     8.33421e+05	
     16469.143	     8.19334e+05	
     16558.775	     8.05536e+05	
     16648.406	     7.92014e+05	
     16738.038	     7.78773e+05	
     16827.669	     7.65795e+05	
     16917.301	     7.53081e+05	
     17006.933	     7.40624e+05	
     17096.564	     7.28413e+05	
     17186.196	     7.16450e+05	
     17275.827	     7.04725e+05	
     17327.685	     6.98046e+05	
     17365.459	     6.93230e+05	
     17403.232	     6.88455e+05	
     17478.780	     6.79018e+05	
     17554.327	     6.69737e+05	
     17629.874	     6.60611e+05	
     17705.422	     6.51635e+05	
     17780.969	     6.42808e+05	
     17856.517	     6.34124e+05	
     17932.064	     6.25585e+05	
     18007.611	     6.16896e+05	
     18083.159	     6.08596e+05	
     18158.706	     6.00424e+05	
     18234.253	     5.92372e+05	
     18309.801	     5.84443e+05	
     18343.743	     5.80915e+05	
     18385.348	     5.76624e+05	
     18426.953	     5.72367e+05	
     18510.162	     5.63950e+05	
     18593.371	     5.55666e+05	
     18602.053	     5.54808e+05	
     18676.581	     5.47532e+05	
     18751.108	     5.40395e+05	
     18825.636	     5.33571e+05	
     18900.163	     5.26870e+05	
     18974.691	     5.20279e+05	
     19049.219	     5.13773e+05	
     19123.746	     5.07348e+05	
     19198.274	     5.01009e+05	
     19272.802	     4.94751e+05	
     19347.329	     4.88577e+05	
     19393.041	     4.84836e+05	
     19421.857	     4.82492e+05	
     19450.673	     4.80161e+05	
     19508.305	     4.75540e+05	
     19565.938	     4.71129e+05	
     19623.570	     4.66592e+05	
     19681.202	     4.62109e+05	
     19738.834	     4.57680e+05	
     19796.467	     4.53300e+05	
     19854.099	     4.48974e+05	
     19911.731	     4.44699e+05	
     19969.363	     4.40470e+05	
     20026.996	     4.36292e+05	
     20084.628	     4.32164e+05	
     20142.260	     4.28083e+05	
     20199.892	     4.24049e+05	
     20257.525	     4.20062e+05	
     20315.157	     4.16120e+05	
     20372.789	     4.12224e+05	
     20386.449	     4.11307e+05	
     20430.421	     4.08372e+05	
     20474.393	     4.05463e+05	
     20562.337	     3.99724e+05	
     20650.280	     3.94081e+05	
     20738.224	     3.88540e+05	
     20826.167	     3.83092e+05	
     20914.111	     3.77739e+05	
     21002.055	     3.72477e+05	
     21089.998	     3.67302e+05	
     21177.942	     3.62219e+05	
     21265.885	     3.57221e+05	
     21353.829	     3.52304e+05	
     21441.773	     3.47476e+05	
     21529.716	     3.42726e+05	
     21604.704	     3.38739e+05	
     21617.660	     3.38054e+05	
     21630.617	     3.37372e+05	
     21656.529	     3.36015e+05	
     21708.356	     3.33323e+05	
     21760.182	     3.30653e+05	
     21812.008	     3.28014e+05	
     21863.835	     3.25397e+05	
     21915.661	     3.22805e+05	
     21967.487	     3.20241e+05	
     22019.313	     3.17703e+05	
     22071.139	     3.15187e+05	
     22122.966	     3.12696e+05	
     22174.792	     3.10230e+05	
     22226.619	     3.07787e+05	
     22278.445	     3.05369e+05	
     22330.271	     3.02974e+05	
     22382.097	     3.00601e+05	
     22433.923	     2.98252e+05	
     22485.750	     2.95925e+05	
     22537.576	     2.93620e+05	
     22589.403	     2.91338e+05	
     22641.228	     2.89077e+05	
     22693.054	     2.86838e+05	
     22702.925	     2.86414e+05	
     22744.881	     2.84620e+05	
     22784.838	     2.82925e+05	
     22786.838	     2.82841e+05	
     22788.837	     2.82756e+05	
     22792.836	     2.82588e+05	
     22800.834	     2.82250e+05	
     22816.829	     2.81577e+05	
     22848.821	     2.80237e+05	
     22912.803	     2.77581e+05	
     22976.786	     2.74955e+05	
     23040.768	     2.72360e+05	
     23104.751	     2.69795e+05	
     23168.733	     2.67260e+05	
     23232.716	     2.64754e+05	
     23296.698	     2.62277e+05	
     23360.681	     2.59829e+05	
     23424.663	     2.57409e+05	
     23488.646	     2.55016e+05	
     23552.628	     2.52651e+05	
     23616.611	     2.50313e+05	
     23680.593	     2.48001e+05	
     23744.576	     2.45716e+05	
     23808.558	     2.43457e+05	
     23872.541	     2.41223e+05	
     23936.523	     2.39015e+05	
     24000.506	     2.36831e+05	
     24064.488	     2.34672e+05	
     24128.471	     2.32537e+05	
     24192.453	     2.30426e+05	
     24256.436	     2.28339e+05	
     24320.419	     2.26275e+05	
     24384.401	     2.24234e+05	
     24448.384	     2.22216e+05	
     24512.366	     2.20220e+05	
     24576.349	     2.18246e+05	
     24640.331	     2.16294e+05	
     24704.314	     2.14363e+05	
     24768.296	     2.12454e+05	
     24832.279	     2.10566e+05	
     24896.261	     2.08698e+05	
     24960.244	     2.06851e+05	
     25004.437	     2.05587e+05	
     25024.226	     2.05024e+05	
     25044.016	     2.04463e+05	
     25083.595	     2.03347e+05	
     25162.753	     2.01138e+05	
     25241.912	     1.98958e+05	
     25321.070	     1.96808e+05	
     25400.228	     1.94686e+05	
     25479.387	     1.92592e+05	
     25558.545	     1.90526e+05	
     25637.703	     1.88488e+05	
     25716.862	     1.86476e+05	
     25796.020	     1.84491e+05	
     25875.179	     1.82532e+05	
     25954.337	     1.80598e+05	
     26033.495	     1.78690e+05	
     26112.654	     1.76807e+05	
     26191.812	     1.74948e+05	
     26270.970	     1.73113e+05	
     26350.129	     1.71302e+05	
     26429.287	     1.69514e+05	
     26508.445	     1.67750e+05	
     26587.604	     1.66008e+05	
     26666.762	     1.64288e+05	
     26745.921	     1.62590e+05	
     26825.079	     1.60914e+05	
     26904.237	     1.59260e+05	
     26983.396	     1.57626e+05	
     27062.554	     1.56013e+05	
     27141.712	     1.54420e+05	
     27142.547	     1.54404e+05	
     27220.871	     1.52848e+05	
     27299.194	     1.51311e+05	
     27377.518	     1.49795e+05	
     27455.842	     1.48296e+05	
     27534.165	     1.46817e+05	
     27612.489	     1.45356e+05	
     27690.812	     1.43912e+05	
     27769.136	     1.42487e+05	
     27847.459	     1.41079e+05	
     27925.783	     1.39688e+05	
     28004.107	     1.38314e+05	
     28082.430	     1.36956e+05	
     28160.754	     1.35616e+05	
     28239.077	     1.34291e+05	
     28317.401	     1.32982e+05	
     28395.725	     1.31690e+05	
     28474.048	     1.30412e+05	
     28552.372	     1.29150e+05	
     28630.695	     1.27903e+05	
     28709.019	     1.26672e+05	
     28787.343	     1.25454e+05	
     28865.666	     1.24251e+05	
     28943.990	     1.23062e+05	
     29022.313	     1.21888e+05	
     29100.637	     1.20727e+05	
     29178.961	     1.19580e+05	
     29257.284	     1.18447e+05	
     29335.608	     1.17326e+05	
     29413.931	     1.16219e+05	
     29492.255	     1.15125e+05	
     29570.578	     1.14043e+05	
     29648.902	     1.12974e+05	
     29727.226	     1.11918e+05	
     29805.549	     1.10873e+05	
     29883.873	     1.09841e+05	
     29932.600	     1.09205e+05	
     29962.196	     1.08821e+05	
     29991.792	     1.08438e+05	
#time:0.040217
