# Koester WD models
# teff = 5000 K (value for the effective temperature for the model. Temperatures are given in K)
# logg = 8.25 log(cm/s2) (value for Log(G) for the model.)
#
#   WAVELENGTH	#           FLUX	
#   (ANGSTROM)	#  (ERG/CM2/S/A)	
##############	################	
       899.230	     1.29949e-04	
       900.753	     1.37493e-04	
       902.278	     1.45446e-04	
       903.368	     1.51399e-04	
       903.802	     1.53828e-04	
       904.235	     1.56294e-04	
       905.102	     1.61335e-04	
       906.836	     1.71878e-04	
       907.899	     1.78656e-04	
       908.450	     1.82267e-04	
       908.570	     1.83062e-04	
       909.241	     1.87570e-04	
       910.032	     1.93017e-04	
       911.193	     2.01283e-04	
       911.613	     2.04357e-04	
       912.034	     2.07474e-04	
       912.465	     2.10719e-04	
       912.875	     2.13843e-04	
       913.037	     2.15092e-04	
       913.241	     2.16674e-04	
       913.284	     2.17009e-04	
       913.478	     2.18527e-04	
       913.531	     2.18943e-04	
       913.755	     2.20702e-04	
       913.822	     2.21233e-04	
       914.080	     2.23290e-04	
       914.165	     2.23972e-04	
       914.499	     2.26668e-04	
       914.575	     2.27286e-04	
       915.071	     2.31349e-04	
       915.540	     2.35261e-04	
       915.609	     2.35834e-04	
       915.643	     2.36121e-04	
       915.677	     2.36407e-04	
       915.741	     2.36948e-04	
       915.813	     2.37558e-04	
       916.085	     2.39877e-04	
       916.429	     2.42838e-04	
       916.858	     2.46571e-04	
       917.118	     2.48865e-04	
       917.196	     2.49557e-04	
       917.378	     2.51178e-04	
       917.899	     2.55866e-04	
       917.952	     2.56348e-04	
       918.287	     2.59417e-04	
       918.602	     2.62324e-04	
       919.251	     2.68429e-04	
       920.215	     2.77734e-04	
       921.882	     2.94535e-04	
       921.999	     2.95750e-04	
       922.143	     2.97253e-04	
       922.405	     2.99995e-04	
       922.810	     3.04296e-04	
       923.621	     3.13071e-04	
       925.001	     3.28557e-04	
       925.242	     3.31334e-04	
       925.484	     3.34134e-04	
       925.564	     3.35070e-04	
       925.966	     3.39801e-04	
       926.164	     3.42157e-04	
       926.369	     3.44595e-04	
       927.173	     3.54365e-04	
       927.276	     3.55622e-04	
       928.182	     3.66966e-04	
       928.917	     3.76426e-04	
       928.980	     3.77252e-04	
       929.089	     3.78688e-04	
       929.261	     3.80962e-04	
       929.317	     3.81691e-04	
       929.543	     3.84694e-04	
       929.655	     3.86190e-04	
       929.769	     3.87713e-04	
       929.827	     3.88492e-04	
       929.883	     3.89243e-04	
       929.910	     3.89608e-04	
       929.939	     3.89997e-04	
       929.954	     3.90202e-04	
       929.968	     3.90390e-04	
       929.982	     3.90579e-04	
       929.996	     3.90767e-04	
       930.010	     3.90955e-04	
       930.024	     3.91147e-04	
       930.038	     3.91336e-04	
       930.052	     3.91524e-04	
       930.081	     3.91917e-04	
       930.137	     3.92674e-04	
       930.201	     3.93544e-04	
       930.247	     3.94169e-04	
       930.249	     3.94198e-04	
       930.251	     3.94226e-04	
       930.301	     3.94904e-04	
       930.326	     3.95234e-04	
       930.329	     3.95275e-04	
       930.402	     3.96271e-04	
       930.478	     3.97311e-04	
       930.630	     3.99391e-04	
       930.931	     4.03472e-04	
       931.229	     4.07474e-04	
       931.490	     4.10977e-04	
       931.534	     4.11571e-04	
       931.838	     4.15667e-04	
       932.447	     4.23034e-04	
       933.265	     4.33741e-04	
       933.403	     4.35676e-04	
       933.432	     4.36081e-04	
       933.542	     4.37684e-04	
       933.652	     4.39295e-04	
       933.872	     4.42484e-04	
       933.973	     4.43995e-04	
       934.073	     4.45516e-04	
       934.312	     4.49241e-04	
       934.316	     4.49304e-04	
       934.652	     4.54764e-04	
       935.230	     4.64730e-04	
       935.688	     4.73206e-04	
       936.144	     4.81977e-04	
       936.372	     4.86102e-04	
       936.601	     4.89969e-04	
       936.714	     4.91857e-04	
       936.829	     4.93786e-04	
       936.887	     4.94760e-04	
       936.944	     4.95721e-04	
       936.973	     4.96208e-04	
       937.001	     4.96683e-04	
       937.015	     4.96918e-04	
       937.029	     4.97154e-04	
       937.043	     4.97393e-04	
       937.058	     4.97644e-04	
       937.072	     4.97883e-04	
       937.086	     4.98118e-04	
       937.101	     4.98373e-04	
       937.115	     4.98612e-04	
       937.143	     4.99086e-04	
       937.200	     5.00054e-04	
       937.314	     5.01992e-04	
       937.493	     5.05055e-04	
       937.542	     5.05894e-04	
       937.593	     5.06767e-04	
       937.694	     5.08464e-04	
       937.788	     5.10019e-04	
       937.894	     5.11684e-04	
       938.000	     5.13299e-04	
       938.212	     5.16336e-04	
       938.359	     5.18350e-04	
       938.556	     5.20989e-04	
       938.636	     5.22155e-04	
       938.914	     5.25965e-04	
       939.231	     5.30634e-04	
       939.271	     5.31265e-04	
       939.986	     5.42644e-04	
       940.740	     5.55883e-04	
       941.495	     5.69913e-04	
       942.875	     5.97088e-04	
       942.961	     5.98835e-04	
       943.005	     5.99711e-04	
       943.048	     6.00588e-04	
       943.198	     6.03839e-04	
       943.220	     6.04317e-04	
       943.457	     6.09400e-04	
       943.564	     6.11668e-04	
       944.253	     6.26157e-04	
       944.382	     6.28897e-04	
       945.308	     6.48720e-04	
       946.233	     6.70224e-04	
       947.158	     6.94418e-04	
       947.621	     7.07348e-04	
       948.083	     7.19934e-04	
       948.314	     7.25768e-04	
       948.546	     7.31375e-04	
       948.661	     7.34168e-04	
       948.777	     7.36993e-04	
       948.835	     7.38406e-04	
       948.893	     7.39826e-04	
       948.922	     7.40536e-04	
       948.951	     7.41246e-04	
       948.966	     7.41614e-04	
       948.980	     7.41956e-04	
       948.994	     7.42302e-04	
       949.009	     7.42669e-04	
       949.023	     7.43015e-04	
       949.037	     7.43357e-04	
       949.052	     7.43728e-04	
       949.066	     7.44071e-04	
       949.095	     7.44784e-04	
       949.153	     7.46216e-04	
       949.230	     7.48117e-04	
       949.258	     7.48811e-04	
       949.269	     7.49081e-04	
       949.280	     7.49355e-04	
       949.330	     7.50596e-04	
       949.360	     7.51340e-04	
       949.430	     7.53077e-04	
       949.500	     7.54821e-04	
       949.640	     7.58311e-04	
       949.795	     7.62097e-04	
       949.879	     7.64117e-04	
       949.921	     7.65113e-04	
       949.963	     7.66068e-04	
       950.047	     7.67994e-04	
       950.131	     7.69838e-04	
       950.467	     7.76875e-04	
       950.718	     7.81939e-04	
       950.888	     7.85423e-04	
       951.728	     8.03773e-04	
       952.738	     8.29289e-04	
       953.748	     8.57589e-04	
       954.758	     8.87798e-04	
       955.522	     9.11269e-04	
       955.694	     9.16695e-04	
       955.768	     9.19064e-04	
       956.014	     9.26949e-04	
       956.506	     9.42742e-04	
       957.491	     9.75163e-04	
       958.148	     9.97006e-04	
       959.289	     1.03579e-03	
       960.430	     1.07578e-03	
       961.192	     1.10269e-03	
       962.712	     1.15793e-03	
       964.231	     1.21523e-03	
       965.750	     1.27510e-03	
       966.507	     1.30581e-03	
       966.767	     1.31655e-03	
       967.269	     1.33751e-03	
       968.032	     1.36992e-03	
       968.668	     1.39748e-03	
       968.979	     1.41116e-03	
       969.297	     1.42525e-03	
       969.927	     1.45358e-03	
       970.401	     1.47546e-03	
       970.874	     1.49798e-03	
       971.110	     1.51020e-03	
       971.229	     1.51627e-03	
       971.348	     1.52019e-03	
       971.467	     1.52145e-03	
       971.585	     1.52090e-03	
       971.644	     1.52392e-03	
       971.703	     1.53368e-03	
       971.732	     1.54017e-03	
       971.762	     1.54516e-03	
       971.778	     1.54645e-03	
       971.792	     1.54718e-03	
       971.806	     1.54786e-03	
       971.821	     1.54859e-03	
       971.827	     1.54888e-03	
       971.833	     1.54918e-03	
       971.836	     1.54932e-03	
       971.839	     1.54947e-03	
       971.851	     1.55005e-03	
       971.866	     1.55078e-03	
       971.880	     1.55146e-03	
       971.910	     1.55265e-03	
       971.969	     1.54772e-03	
       972.037	     1.54264e-03	
       972.087	     1.54504e-03	
       972.137	     1.55010e-03	
       972.150	     1.55144e-03	
       972.237	     1.56013e-03	
       972.324	     1.56742e-03	
       972.499	     1.57764e-03	
       972.548	     1.57975e-03	
       972.673	     1.58505e-03	
       972.798	     1.59059e-03	
       973.048	     1.60223e-03	
       973.351	     1.61661e-03	
       973.548	     1.62619e-03	
       973.746	     1.63591e-03	
       974.140	     1.65564e-03	
       974.217	     1.65954e-03	
       974.821	     1.69030e-03	
       974.928	     1.69582e-03	
       975.640	     1.73308e-03	
       977.063	     1.81037e-03	
       979.305	     1.93838e-03	
       981.547	     2.07469e-03	
       983.653	     2.21113e-03	
       983.788	     2.22017e-03	
       983.923	     2.22924e-03	
       984.194	     2.24750e-03	
       984.734	     2.28444e-03	
       985.011	     2.30361e-03	
       985.815	     2.36006e-03	
       986.618	     2.41782e-03	
       987.139	     2.45594e-03	
       988.225	     2.53740e-03	
       989.312	     2.62124e-03	
       991.486	     2.79666e-03	
       993.439	     2.96379e-03	
       993.659	     2.98322e-03	
       993.880	     3.00277e-03	
       994.320	     3.04222e-03	
       995.200	     3.12263e-03	
       995.477	     3.14825e-03	
       996.962	     3.28953e-03	
       997.574	     3.34950e-03	
       997.806	     3.37253e-03	
       998.447	     3.43678e-03	
       999.319	     3.52619e-03	
       999.435	     3.53822e-03	
      1001.064	     3.71151e-03	
      1002.694	     3.89275e-03	
      1004.323	     4.08228e-03	
      1005.836	     4.26603e-03	
      1005.952	     4.28045e-03	
      1007.581	     4.48761e-03	
      1009.326	     4.71987e-03	
      1011.071	     4.96365e-03	
      1011.303	     4.99695e-03	
      1012.816	     5.21916e-03	
      1014.329	     5.45063e-03	
      1015.378	     5.61660e-03	
      1015.842	     5.69140e-03	
      1017.355	     5.94217e-03	
      1017.620	     5.98649e-03	
      1019.332	     6.28457e-03	
      1021.044	     6.59841e-03	
      1022.470	     6.87534e-03	
      1022.756	     6.93437e-03	
      1023.043	     6.99608e-03	
      1023.189	     7.02872e-03	
      1023.542	     7.11156e-03	
      1023.615	     7.12922e-03	
      1024.041	     7.24018e-03	
      1024.290	     7.31105e-03	
      1024.415	     7.34690e-03	
      1024.540	     7.36826e-03	
      1024.666	     7.37382e-03	
      1024.791	     7.37357e-03	
      1024.852	     7.38802e-03	
      1024.915	     7.43417e-03	
      1024.947	     7.46358e-03	
      1024.978	     7.48422e-03	
      1024.993	     7.48978e-03	
      1025.009	     7.49358e-03	
      1025.025	     7.49694e-03	
      1025.040	     7.50008e-03	
      1025.056	     7.50344e-03	
      1025.072	     7.50680e-03	
      1025.087	     7.50995e-03	
      1025.103	     7.51331e-03	
      1025.134	     7.51965e-03	
      1025.196	     7.50819e-03	
      1025.271	     7.47796e-03	
      1025.320	     7.48038e-03	
      1025.371	     7.49813e-03	
      1025.471	     7.54325e-03	
      1025.571	     7.58139e-03	
      1025.771	     7.62725e-03	
      1025.872	     7.63853e-03	
      1025.971	     7.65305e-03	
      1026.070	     7.66495e-03	
      1026.260	     7.69112e-03	
      1026.268	     7.69228e-03	
      1026.665	     7.75873e-03	
      1027.069	     7.83218e-03	
      1027.877	     7.99664e-03	
      1028.305	     8.08944e-03	
      1028.686	     8.17402e-03	
      1028.796	     8.19865e-03	
      1029.067	     8.25984e-03	
      1029.338	     8.32142e-03	
      1029.881	     8.44623e-03	
      1030.965	     8.70199e-03	
      1033.082	     9.22434e-03	
      1033.135	     9.23754e-03	
      1033.187	     9.25077e-03	
      1033.230	     9.26173e-03	
      1033.291	     9.27728e-03	
      1033.499	     9.33053e-03	
      1033.915	     9.43791e-03	
      1034.747	     9.65612e-03	
      1036.265	     1.00660e-02	
      1037.783	     1.04921e-02	
      1039.172	     1.08967e-02	
      1039.258	     1.09222e-02	
      1039.301	     1.09350e-02	
      1039.344	     1.09478e-02	
      1039.504	     1.09957e-02	
      1039.516	     1.09993e-02	
      1039.860	     1.11030e-02	
      1040.549	     1.13131e-02	
      1041.925	     1.17443e-02	
      1044.347	     1.25397e-02	
      1046.768	     1.33841e-02	
      1049.029	     1.42199e-02	
      1049.189	     1.42808e-02	
      1049.349	     1.43420e-02	
      1049.670	     1.44649e-02	
      1050.310	     1.47136e-02	
      1051.591	     1.52230e-02	
      1053.952	     1.62050e-02	
      1054.152	     1.62909e-02	
      1054.352	     1.63771e-02	
      1054.752	     1.65509e-02	
      1054.952	     1.66385e-02	
      1055.553	     1.69037e-02	
      1057.153	     1.76301e-02	
      1059.355	     1.86761e-02	
      1061.556	     1.97818e-02	
      1063.156	     2.06236e-02	
      1063.757	     2.09477e-02	
      1064.357	     2.12765e-02	
      1065.558	     2.19485e-02	
      1066.558	     2.25234e-02	
      1067.959	     2.33517e-02	
      1069.359	     2.42082e-02	
      1069.960	     2.45827e-02	
      1072.161	     2.60020e-02	
      1074.362	     2.74965e-02	
      1076.563	     2.90698e-02	
      1078.163	     3.02656e-02	
      1078.687	     3.06666e-02	
      1078.764	     3.07257e-02	
      1078.980	     3.08929e-02	
      1079.364	     3.11922e-02	
      1080.565	     3.21485e-02	
      1080.712	     3.22670e-02	
      1082.442	     3.36989e-02	
      1084.173	     3.51877e-02	
      1085.905	     3.67359e-02	
      1087.637	     3.83457e-02	
      1089.318	     3.99714e-02	
      1089.367	     4.00198e-02	
      1089.418	     4.00698e-02	
      1089.518	     4.01684e-02	
      1089.718	     4.03663e-02	
      1090.119	     4.07650e-02	
      1090.669	     4.13189e-02	
      1090.919	     4.15730e-02	
      1092.520	     4.32330e-02	
      1094.370	     4.52286e-02	
      1096.221	     4.73083e-02	
      1096.771	     4.79432e-02	
      1098.072	     4.94754e-02	
      1099.372	     5.10525e-02	
      1099.573	     5.12997e-02	
      1101.974	     5.43546e-02	
      1104.374	     5.75757e-02	
      1106.775	     6.09714e-02	
      1108.976	     6.42446e-02	
      1109.176	     6.45503e-02	
      1109.376	     6.48569e-02	
      1109.777	     6.54708e-02	
      1109.977	     6.57796e-02	
      1110.577	     6.67145e-02	
      1112.177	     6.92671e-02	
      1114.378	     7.29233e-02	
      1116.579	     7.67551e-02	
      1118.180	     7.96570e-02	
      1118.684	     8.05916e-02	
      1118.780	     8.07707e-02	
      1119.380	     8.18988e-02	
      1120.076	     8.32252e-02	
      1121.469	     8.59376e-02	
      1123.778	     9.06136e-02	
      1124.254	     9.16088e-02	
      1124.730	     9.26170e-02	
      1125.682	     9.46637e-02	
      1125.790	     9.48984e-02	
      1127.075	     9.77312e-02	
      1127.587	     9.88823e-02	
      1129.384	     1.03018e-01	
      1131.692	     1.08565e-01	
      1132.463	     1.10476e-01	
      1134.001	     1.14385e-01	
      1135.540	     1.18421e-01	
      1137.846	     1.24721e-01	
      1138.617	     1.26889e-01	
      1139.387	     1.29094e-01	
      1140.927	     1.33609e-01	
      1143.628	     1.41884e-01	
      1143.948	     1.42895e-01	
      1144.008	     1.43086e-01	
      1144.388	     1.44297e-01	
      1145.149	     1.46748e-01	
      1146.669	     1.51773e-01	
      1149.390	     1.61177e-01	
      1149.830	     1.62748e-01	
      1152.111	     1.71129e-01	
      1154.391	     1.79940e-01	
      1156.672	     1.89153e-01	
      1158.513	     1.96874e-01	
      1158.953	     1.98756e-01	
      1159.393	     2.00643e-01	
      1159.673	     2.01853e-01	
      1160.273	     2.04481e-01	
      1162.034	     2.12343e-01	
      1164.394	     2.23227e-01	
      1166.755	     2.34421e-01	
      1168.835	     2.44505e-01	
      1169.115	     2.45878e-01	
      1169.395	     2.47251e-01	
      1169.956	     2.50005e-01	
      1171.076	     2.55603e-01	
      1172.236	     2.61523e-01	
      1173.317	     2.67228e-01	
      1174.397	     2.73101e-01	
      1176.557	     2.85458e-01	
      1178.038	     2.94378e-01	
      1178.718	     2.98626e-01	
      1179.398	     3.02993e-01	
      1180.580	     3.10671e-01	
      1180.758	     3.11848e-01	
      1180.936	     3.13031e-01	
      1181.293	     3.15410e-01	
      1181.690	     3.18089e-01	
      1182.005	     3.20207e-01	
      1183.429	     3.29896e-01	
      1185.168	     3.42094e-01	
      1187.894	     3.61871e-01	
      1188.647	     3.67491e-01	
      1189.400	     3.73187e-01	
      1190.907	     3.84833e-01	
      1193.437	     4.05168e-01	
      1193.919	     4.09142e-01	
      1194.402	     4.13148e-01	
      1195.186	     4.19742e-01	
      1195.366	     4.21272e-01	
      1197.294	     4.37935e-01	
      1199.403	     4.56806e-01	
      1201.511	     4.76514e-01	
      1202.835	     4.89341e-01	
      1203.620	     4.97151e-01	
      1204.404	     5.05024e-01	
      1205.972	     5.21165e-01	
      1208.813	     5.51350e-01	
      1209.109	     5.54570e-01	
      1209.405	     5.57796e-01	
      1209.669	     5.60686e-01	
      1209.997	     5.64302e-01	
      1210.325	     5.67925e-01	
      1210.981	     5.75226e-01	
      1211.894	     5.85524e-01	
      1212.293	     5.90063e-01	
      1212.691	     5.94634e-01	
      1213.102	     5.99375e-01	
      1213.283	     6.01477e-01	
      1213.489	     6.03874e-01	
      1213.875	     6.08404e-01	
      1214.171	     6.11894e-01	
      1214.467	     6.15403e-01	
      1214.615	     6.17163e-01	
      1214.763	     6.18928e-01	
      1214.837	     6.19814e-01	
      1214.911	     6.20700e-01	
      1214.948	     6.21143e-01	
      1214.985	     6.21586e-01	
      1215.004	     6.21815e-01	
      1215.022	     6.22029e-01	
      1215.040	     6.22246e-01	
      1215.059	     6.22475e-01	
      1215.077	     6.22692e-01	
      1215.095	     6.22906e-01	
      1215.114	     6.23135e-01	
      1215.132	     6.23352e-01	
      1215.169	     6.23798e-01	
      1215.243	     6.24687e-01	
      1215.391	     6.26471e-01	
      1215.637	     6.29450e-01	
      1215.687	     6.30056e-01	
      1215.737	     6.30662e-01	
      1215.795	     6.31369e-01	
      1215.837	     6.31878e-01	
      1216.037	     6.34319e-01	
      1216.064	     6.34649e-01	
      1216.279	     6.37278e-01	
      1216.763	     6.43241e-01	
      1217.462	     6.51940e-01	
      1218.315	     6.62684e-01	
      1218.861	     6.69656e-01	
      1218.985	     6.71248e-01	
      1219.407	     6.76686e-01	
      1219.829	     6.82150e-01	
      1220.104	     6.85709e-01	
      1220.673	     6.93108e-01	
      1222.361	     7.15023e-01	
      1224.619	     7.44812e-01	
      1226.876	     7.75892e-01	
      1228.858	     8.04311e-01	
      1229.134	     8.08373e-01	
      1229.409	     8.12460e-01	
      1229.740	     8.17439e-01	
      1229.959	     8.20747e-01	
      1230.178	     8.24071e-01	
      1230.616	     8.30778e-01	
      1231.492	     8.44375e-01	
      1231.694	     8.47539e-01	
      1233.244	     8.72068e-01	
      1234.794	     8.97349e-01	
      1236.380	     9.23949e-01	
      1237.895	     9.50096e-01	
      1239.410	     9.76919e-01	
      1240.470	     9.96026e-01	
      1242.441	     1.03255e+00	
      1244.411	     1.07031e+00	
      1247.291	     1.12794e+00	
      1248.352	     1.14987e+00	
      1248.652	     1.15615e+00	
      1249.412	     1.17221e+00	
      1251.532	     1.21807e+00	
      1254.413	     1.28294e+00	
      1255.173	     1.30058e+00	
      1257.293	     1.35086e+00	
      1259.413	     1.40287e+00	
      1261.534	     1.45669e+00	
      1262.894	     1.49230e+00	
      1263.654	     1.51249e+00	
      1264.414	     1.53258e+00	
      1265.934	     1.57416e+00	
      1268.534	     1.64818e+00	
      1268.975	     1.66104e+00	
      1269.415	     1.67400e+00	
      1269.695	     1.68230e+00	
      1270.295	     1.70026e+00	
      1272.055	     1.75394e+00	
      1274.415	     1.82831e+00	
      1276.775	     1.90549e+00	
      1278.856	     1.97605e+00	
      1279.136	     1.98573e+00	
      1279.416	     1.99546e+00	
      1279.976	     2.01506e+00	
      1281.096	     2.05481e+00	
      1282.256	     2.09662e+00	
      1283.336	     2.13620e+00	
      1283.736	     2.15101e+00	
      1284.416	     2.17641e+00	
      1286.577	     2.25887e+00	
      1286.917	     2.27208e+00	
      1289.417	     2.37161e+00	
      1291.917	     2.47446e+00	
      1294.417	     2.58122e+00	
      1296.918	     2.69194e+00	
      1299.418	     2.80684e+00	
      1301.918	     2.92655e+00	
      1304.418	     3.05064e+00	
      1306.919	     3.17923e+00	
      1309.419	     3.31265e+00	
      1311.919	     3.45076e+00	
      1314.419	     3.59395e+00	
      1316.919	     3.74255e+00	
      1319.420	     3.89664e+00	
      1321.920	     4.05633e+00	
      1324.420	     4.22192e+00	
      1326.920	     4.39405e+00	
      1329.420	     4.57234e+00	
      1331.920	     4.75643e+00	
      1334.421	     4.94694e+00	
      1336.921	     5.14423e+00	
      1339.421	     5.34831e+00	
      1341.921	     5.55955e+00	
      1344.421	     5.77814e+00	
      1346.921	     6.00509e+00	
      1349.421	     6.23967e+00	
      1351.921	     6.48236e+00	
      1354.422	     6.73344e+00	
      1356.922	     6.99309e+00	
      1359.422	     7.26173e+00	
      1364.422	     7.82580e+00	
      1365.191	     7.91581e+00	
      1369.422	     8.42801e+00	
      1373.653	     8.96969e+00	
      1376.346	     9.33081e+00	
      1377.884	     9.54281e+00	
      1379.422	     9.75898e+00	
      1380.574	     9.92373e+00	
      1382.499	     1.02045e+01	
      1384.423	     1.04922e+01	
      1387.119	     1.09076e+01	
      1388.271	     1.10895e+01	
      1389.031	     1.12110e+01	
      1389.423	     1.12741e+01	
      1391.727	     1.16514e+01	
      1394.423	     1.21068e+01	
      1399.423	     1.29926e+01	
      1404.423	     1.39351e+01	
      1409.423	     1.49380e+01	
      1414.423	     1.60052e+01	
      1419.423	     1.71405e+01	
      1424.423	     1.83453e+01	
      1429.423	     1.96239e+01	
      1434.423	     2.09793e+01	
      1439.423	     2.24155e+01	
      1444.422	     2.39363e+01	
      1449.422	     2.55489e+01	
      1454.422	     2.72592e+01	
      1459.422	     2.90698e+01	
      1464.422	     3.09867e+01	
      1465.960	     3.15988e+01	
      1469.422	     3.30141e+01	
      1472.884	     3.44834e+01	
      1473.268	     3.46496e+01	
      1474.422	     3.51538e+01	
      1476.345	     3.60077e+01	
      1479.421	     3.74113e+01	
      1484.421	     3.97927e+01	
      1489.421	     4.23044e+01	
      1494.421	     4.49405e+01	
      1499.420	     4.77202e+01	
      1504.420	     5.06616e+01	
      1509.420	     5.37690e+01	
      1514.420	     5.70454e+01	
      1519.419	     6.05020e+01	
      1524.419	     6.41554e+01	
      1529.419	     6.79919e+01	
      1534.418	     7.20106e+01	
      1539.418	     7.62251e+01	
      1544.418	     8.06497e+01	
      1549.417	     8.52924e+01	
      1554.417	     9.01376e+01	
      1559.417	     9.51777e+01	
      1564.416	     1.00446e+02	
      1566.724	     1.02967e+02	
      1569.416	     1.05976e+02	
      1570.186	     1.06852e+02	
      1572.107	     1.09068e+02	
      1574.415	     1.11787e+02	
      1574.800	     1.12246e+02	
      1579.415	     1.17889e+02	
      1584.414	     1.24290e+02	
      1589.414	     1.30996e+02	
      1594.413	     1.38012e+02	
      1599.413	     1.45382e+02	
      1604.413	     1.53096e+02	
      1609.412	     1.61194e+02	
      1614.412	     1.69707e+02	
      1619.411	     1.78658e+02	
      1624.410	     1.88111e+02	
      1629.410	     1.98048e+02	
      1634.409	     2.08359e+02	
      1639.409	     2.18917e+02	
      1644.408	     2.29718e+02	
      1649.408	     2.40671e+02	
      1654.407	     2.51824e+02	
      1659.407	     2.63274e+02	
      1664.406	     2.75144e+02	
      1665.560	     2.77924e+02	
      1669.405	     2.87471e+02	
      1670.174	     2.89411e+02	
      1673.251	     2.97380e+02	
      1674.405	     3.00434e+02	
      1676.328	     3.05604e+02	
      1679.404	     3.13966e+02	
      1684.404	     3.28124e+02	
      1689.403	     3.42864e+02	
      1694.402	     3.58380e+02	
      1699.402	     3.74509e+02	
      1704.401	     3.91524e+02	
      1709.400	     4.09331e+02	
      1714.400	     4.27863e+02	
      1719.399	     4.47168e+02	
      1724.398	     4.67262e+02	
      1729.398	     4.88225e+02	
      1734.397	     5.10075e+02	
      1739.396	     5.32758e+02	
      1744.396	     5.56285e+02	
      1749.395	     5.80551e+02	
      1754.394	     6.05727e+02	
      1759.393	     6.31768e+02	
      1764.393	     6.58754e+02	
      1767.084	     6.73686e+02	
      1767.854	     6.78009e+02	
      1769.392	     6.86714e+02	
      1771.700	     6.99966e+02	
      1774.391	     7.15724e+02	
      1775.545	     7.22573e+02	
      1779.391	     7.45817e+02	
      1784.390	     7.77123e+02	
      1789.389	     8.09557e+02	
      1794.388	     8.43002e+02	
      1799.387	     8.77616e+02	
      1804.387	     9.13349e+02	
      1809.386	     9.50288e+02	
      1814.385	     9.88461e+02	
      1819.384	     1.02794e+03	
      1823.999	     1.06549e+03	
      1824.384	     1.06867e+03	
      1829.383	     1.11075e+03	
      1834.767	     1.15763e+03	
      1840.151	     1.20608e+03	
      1845.535	     1.25622e+03	
      1850.919	     1.30823e+03	
      1856.303	     1.36235e+03	
      1861.687	     1.41815e+03	
      1863.998	     1.44258e+03	
      1867.072	     1.47562e+03	
      1870.145	     1.50929e+03	
      1876.292	     1.57892e+03	
      1882.439	     1.65122e+03	
      1888.586	     1.72629e+03	
      1894.733	     1.80421e+03	
      1900.880	     1.88507e+03	
      1906.980	     1.96833e+03	
      1907.027	     1.96898e+03	
      1913.174	     2.05601e+03	
      1919.368	     2.14671e+03	
      1925.561	     2.24023e+03	
      1931.755	     2.33745e+03	
      1937.949	     2.44009e+03	
      1944.143	     2.54441e+03	
      1944.472	     2.55004e+03	
      1950.337	     2.65472e+03	
      1956.531	     2.76647e+03	
      1962.560	     2.87896e+03	
      1968.590	     2.99527e+03	
      1974.620	     3.11537e+03	
      1980.648	     3.23939e+03	
      1992.707	     3.49967e+03	
      2004.766	     3.77698e+03	
      2015.838	     4.04731e+03	
      2016.825	     4.07216e+03	
      2017.811	     4.09717e+03	
      2019.785	     4.14766e+03	
      2023.732	     4.25133e+03	
      2031.627	     4.46376e+03	
      2039.521	     4.68173e+03	
      2047.416	     4.90827e+03	
      2055.310	     5.14370e+03	
      2059.377	     5.26855e+03	
      2063.205	     5.38824e+03	
      2067.032	     5.51013e+03	
      2074.686	     5.76171e+03	
      2082.341	     6.02253e+03	
      2089.995	     6.29289e+03	
      2094.355	     6.45126e+03	
      2097.650	     6.57303e+03	
      2105.304	     6.86312e+03	
      2116.253	     7.29607e+03	
      2127.202	     7.75131e+03	
      2138.151	     8.23440e+03	
      2149.099	     8.73498e+03	
      2154.622	     8.99617e+03	
      2160.048	     9.25881e+03	
      2165.474	     9.52763e+03	
      2176.326	     1.00834e+04	
      2181.364	     1.03500e+04	
      2187.177	     1.06648e+04	
      2189.697	     1.08035e+04	
      2198.029	     1.12725e+04	
      2206.362	     1.17578e+04	
      2214.695	     1.22594e+04	
      2231.360	     1.33050e+04	
      2232.137	     1.33554e+04	
      2248.025	     1.44168e+04	
      2255.970	     1.49688e+04	
      2263.914	     1.55428e+04	
      2271.858	     1.61486e+04	
      2279.803	     1.67621e+04	
      2295.691	     1.80411e+04	
      2310.025	     1.92627e+04	
      2311.580	     1.93995e+04	
      2313.134	     1.95370e+04	
      2316.244	     1.98089e+04	
      2322.462	     2.03614e+04	
      2334.899	     2.15067e+04	
      2347.337	     2.27134e+04	
      2357.193	     2.37071e+04	
      2359.774	     2.39726e+04	
      2362.354	     2.42425e+04	
      2367.515	     2.47937e+04	
      2377.837	     2.59259e+04	
      2387.688	     2.70441e+04	
      2388.159	     2.70985e+04	
      2398.481	     2.83307e+04	
      2409.274	     2.96793e+04	
      2420.066	     3.10851e+04	
      2427.111	     3.20515e+04	
      2430.860	     3.25805e+04	
      2441.652	     3.41328e+04	
      2451.595	     3.56203e+04	
      2456.194	     3.63278e+04	
      2460.793	     3.70865e+04	
      2469.991	     3.86359e+04	
      2479.189	     4.02567e+04	
      2488.387	     4.19585e+04	
      2497.585	     4.37671e+04	
      2503.552	     4.49917e+04	
      2506.782	     4.56762e+04	
      2510.013	     4.63743e+04	
      2516.473	     4.77833e+04	
      2529.394	     5.07458e+04	
      2542.315	     5.39286e+04	
      2551.240	     5.62493e+04	
      2555.236	     5.73378e+04	
      2559.232	     5.84443e+04	
      2567.224	     6.08448e+04	
      2575.216	     6.33779e+04	
      2583.209	     6.60680e+04	
      2591.201	     6.88408e+04	
      2599.193	     7.17147e+04	
      2607.185	     7.47250e+04	
      2615.177	     7.79102e+04	
      2623.169	     8.11973e+04	
      2631.161	     8.45996e+04	
      2639.153	     8.81245e+04	
      2647.145	     9.18495e+04	
      2652.605	     9.44828e+04	
      2655.138	     9.57215e+04	
      2657.670	     9.69715e+04	
      2662.735	     9.92018e+04	
      2667.800	     1.01453e+05	
      2677.929	     1.06016e+05	
      2698.188	     1.15419e+05	
      2718.447	     1.25229e+05	
      2721.305	     1.26648e+05	
      2738.707	     1.35648e+05	
      2747.407	     1.40270e+05	
      2756.108	     1.44968e+05	
      2764.809	     1.49944e+05	
      2773.510	     1.55021e+05	
      2782.211	     1.60205e+05	
      2799.613	     1.70910e+05	
      2814.286	     1.80360e+05	
      2817.015	     1.82172e+05	
      2834.416	     1.93995e+05	
      2844.481	     2.01047e+05	
      2854.546	     2.08259e+05	
      2864.612	     2.16178e+05	
      2874.676	     2.24307e+05	
      2894.806	     2.41156e+05	
      2914.937	     2.58874e+05	
      2917.150	     2.60879e+05	
      2935.067	     2.77547e+05	
      2952.983	     2.95297e+05	
      2970.900	     3.13028e+05	
      2988.816	     3.31441e+05	
      3006.733	     3.50548e+05	
      3024.649	     3.70381e+05	
      3033.711	     3.80701e+05	
      3042.566	     3.90977e+05	
      3051.421	     4.01536e+05	
      3060.275	     4.13616e+05	
      3069.130	     4.25943e+05	
      3086.840	     4.51331e+05	
      3094.661	     4.62848e+05	
      3104.549	     4.77689e+05	
      3122.259	     5.05042e+05	
      3136.058	     5.27034e+05	
      3142.958	     5.38255e+05	
      3149.857	     5.49603e+05	
      3156.756	     5.62307e+05	
      3163.655	     5.75213e+05	
      3170.556	     5.88329e+05	
      3177.455	     6.01662e+05	
      3184.354	     6.15212e+05	
      3198.154	     6.43338e+05	
      3211.952	     6.72304e+05	
      3225.752	     7.02077e+05	
      3230.806	     7.13192e+05	
      3239.550	     7.32679e+05	
      3243.922	     7.42544e+05	
      3248.294	     7.52487e+05	
      3252.666	     7.60152e+05	
      3257.038	     7.67862e+05	
      3261.410	     7.75609e+05	
      3265.782	     7.83403e+05	
      3270.152	     7.91238e+05	
      3278.896	     8.07034e+05	
      3296.384	     8.39075e+05	
      3315.986	     8.75766e+05	
      3331.358	     9.05134e+05	
      3346.730	     9.35026e+05	
      3377.474	     9.98590e+05	
      3408.219	     1.06436e+06	
      3432.761	     1.11826e+06	
      3438.963	     1.13208e+06	
      3445.167	     1.14598e+06	
      3457.573	     1.17409e+06	
      3482.385	     1.23117e+06	
      3520.418	     1.32085e+06	
      3532.010	     1.34869e+06	
      3542.291	     1.37357e+06	
      3543.602	     1.37676e+06	
      3566.787	     1.43401e+06	
      3591.283	     1.49543e+06	
      3635.884	     1.61020e+06	
      3638.963	     1.61822e+06	
      3642.042	     1.62644e+06	
      3643.122	     1.62932e+06	
      3645.121	     1.63466e+06	
      3645.281	     1.63509e+06	
      3647.121	     1.64001e+06	
      3648.960	     1.64493e+06	
      3651.320	     1.65124e+06	
      3652.639	     1.65477e+06	
      3653.959	     1.65831e+06	
      3654.239	     1.65906e+06	
      3656.598	     1.66538e+06	
      3658.958	     1.67171e+06	
      3663.397	     1.68362e+06	
      3663.676	     1.68437e+06	
      3663.956	     1.68513e+06	
      3664.516	     1.68663e+06	
      3665.636	     1.68963e+06	
      3666.796	     1.69275e+06	
      3667.875	     1.69565e+06	
      3668.275	     1.69673e+06	
      3668.955	     1.69856e+06	
      3671.115	     1.70436e+06	
      3673.954	     1.71201e+06	
      3675.202	     1.71537e+06	
      3678.952	     1.72548e+06	
      3682.583	     1.73527e+06	
      3682.703	     1.73559e+06	
      3682.822	     1.73592e+06	
      3683.062	     1.73656e+06	
      3683.178	     1.73687e+06	
      3683.542	     1.73785e+06	
      3684.502	     1.74044e+06	
      3684.819	     1.74130e+06	
      3685.826	     1.74401e+06	
      3686.832	     1.74673e+06	
      3688.742	     1.75189e+06	
      3688.846	     1.75217e+06	
      3688.939	     1.75242e+06	
      3688.950	     1.75245e+06	
      3689.158	     1.75301e+06	
      3689.377	     1.75360e+06	
      3689.730	     1.75455e+06	
      3689.815	     1.75478e+06	
      3689.900	     1.75501e+06	
      3690.070	     1.75547e+06	
      3690.410	     1.75639e+06	
      3690.624	     1.75697e+06	
      3691.089	     1.75822e+06	
      3691.469	     1.75925e+06	
      3691.554	     1.75948e+06	
      3691.700	     1.75987e+06	
      3692.484	     1.76199e+06	
      3693.499	     1.76473e+06	
      3694.397	     1.76716e+06	
      3695.297	     1.76960e+06	
      3695.808	     1.77098e+06	
      3696.197	     1.77203e+06	
      3696.525	     1.77291e+06	
      3696.586	     1.77308e+06	
      3696.647	     1.77324e+06	
      3696.666	     1.77330e+06	
      3696.759	     1.77355e+06	
      3696.769	     1.77357e+06	
      3696.872	     1.77385e+06	
      3696.929	     1.77401e+06	
      3696.985	     1.77416e+06	
      3697.041	     1.77431e+06	
      3697.097	     1.77446e+06	
      3697.153	     1.77461e+06	
      3697.209	     1.77476e+06	
      3697.265	     1.77492e+06	
      3697.322	     1.77507e+06	
      3697.347	     1.77513e+06	
      3697.405	     1.77529e+06	
      3697.434	     1.77537e+06	
      3697.463	     1.77545e+06	
      3697.499	     1.77555e+06	
      3697.529	     1.77563e+06	
      3697.579	     1.77576e+06	
      3697.659	     1.77598e+06	
      3697.819	     1.77641e+06	
      3698.109	     1.77720e+06	
      3698.429	     1.77806e+06	
      3698.688	     1.77876e+06	
      3698.886	     1.77930e+06	
      3698.947	     1.77946e+06	
      3699.008	     1.77963e+06	
      3699.130	     1.77996e+06	
      3699.374	     1.78062e+06	
      3699.533	     1.78105e+06	
      3699.862	     1.78194e+06	
      3699.879	     1.78199e+06	
      3700.191	     1.78283e+06	
      3700.198	     1.78285e+06	
      3700.503	     1.78367e+06	
      3700.808	     1.78450e+06	
      3700.842	     1.78459e+06	
      3701.092	     1.78527e+06	
      3701.418	     1.78615e+06	
      3701.994	     1.78771e+06	
      3702.444	     1.78893e+06	
      3702.895	     1.79015e+06	
      3703.121	     1.79076e+06	
      3703.346	     1.79137e+06	
      3703.458	     1.79167e+06	
      3703.571	     1.79198e+06	
      3703.628	     1.79213e+06	
      3703.684	     1.79228e+06	
      3703.740	     1.79243e+06	
      3703.797	     1.79259e+06	
      3703.853	     1.79274e+06	
      3703.909	     1.79289e+06	
      3703.966	     1.79305e+06	
      3704.022	     1.79320e+06	
      3704.085	     1.79337e+06	
      3704.134	     1.79350e+06	
      3704.185	     1.79364e+06	
      3704.210	     1.79370e+06	
      3704.222	     1.79374e+06	
      3704.285	     1.79391e+06	
      3704.314	     1.79399e+06	
      3704.360	     1.79411e+06	
      3704.406	     1.79424e+06	
      3704.491	     1.79447e+06	
      3704.567	     1.79467e+06	
      3704.590	     1.79474e+06	
      3704.689	     1.79500e+06	
      3704.811	     1.79533e+06	
      3705.055	     1.79599e+06	
      3705.373	     1.79685e+06	
      3705.543	     1.79731e+06	
      3705.713	     1.79777e+06	
      3706.052	     1.79869e+06	
      3706.073	     1.79875e+06	
      3706.732	     1.80053e+06	
      3707.267	     1.80198e+06	
      3707.391	     1.80232e+06	
      3707.515	     1.80266e+06	
      3707.614	     1.80292e+06	
      3707.763	     1.80333e+06	
      3707.912	     1.80373e+06	
      3708.118	     1.80429e+06	
      3708.210	     1.80454e+06	
      3708.302	     1.80479e+06	
      3708.486	     1.80528e+06	
      3708.763	     1.80604e+06	
      3708.854	     1.80628e+06	
      3708.873	     1.80633e+06	
      3708.945	     1.80653e+06	
      3709.127	     1.80702e+06	
      3709.206	     1.80723e+06	
      3709.491	     1.80801e+06	
      3710.108	     1.80968e+06	
      3710.902	     1.81183e+06	
      3711.011	     1.81212e+06	
      3711.120	     1.81242e+06	
      3711.213	     1.81267e+06	
      3711.323	     1.81297e+06	
      3711.338	     1.81301e+06	
      3711.463	     1.81335e+06	
      3711.517	     1.81349e+06	
      3711.576	     1.81365e+06	
      3711.603	     1.81373e+06	
      3711.689	     1.81396e+06	
      3711.746	     1.81411e+06	
      3711.802	     1.81426e+06	
      3711.858	     1.81442e+06	
      3711.915	     1.81457e+06	
      3711.971	     1.81472e+06	
      3712.027	     1.81487e+06	
      3712.084	     1.81503e+06	
      3712.140	     1.81518e+06	
      3712.203	     1.81535e+06	
      3712.252	     1.81548e+06	
      3712.303	     1.81562e+06	
      3712.327	     1.81569e+06	
      3712.331	     1.81570e+06	
      3712.403	     1.81589e+06	
      3712.479	     1.81610e+06	
      3712.631	     1.81651e+06	
      3712.931	     1.81732e+06	
      3713.228	     1.81812e+06	
      3713.531	     1.81895e+06	
      3713.833	     1.81977e+06	
      3714.242	     1.82087e+06	
      3714.420	     1.82136e+06	
      3714.439	     1.82141e+06	
      3714.636	     1.82194e+06	
      3715.030	     1.82301e+06	
      3715.640	     1.82466e+06	
      3716.765	     1.82771e+06	
      3716.790	     1.82778e+06	
      3716.860	     1.82797e+06	
      3716.955	     1.82822e+06	
      3717.145	     1.82874e+06	
      3717.524	     1.82977e+06	
      3718.189	     1.83157e+06	
      3718.259	     1.83176e+06	
      3718.329	     1.83195e+06	
      3718.469	     1.83233e+06	
      3718.556	     1.83256e+06	
      3718.631	     1.83277e+06	
      3718.734	     1.83305e+06	
      3718.749	     1.83308e+06	
      3718.942	     1.83361e+06	
      3719.253	     1.83445e+06	
      3719.474	     1.83505e+06	
      3719.772	     1.83586e+06	
      3720.070	     1.83667e+06	
      3720.356	     1.83736e+06	
      3720.523	     1.83777e+06	
      3720.666	     1.83811e+06	
      3720.976	     1.83887e+06	
      3721.202	     1.83939e+06	
      3721.428	     1.83991e+06	
      3721.542	     1.84017e+06	
      3721.655	     1.84043e+06	
      3721.711	     1.84056e+06	
      3721.768	     1.84069e+06	
      3721.825	     1.84082e+06	
      3721.881	     1.84095e+06	
      3721.938	     1.84108e+06	
      3721.995	     1.84121e+06	
      3722.051	     1.84134e+06	
      3722.108	     1.84147e+06	
      3722.221	     1.84173e+06	
      3722.398	     1.84214e+06	
      3722.447	     1.84225e+06	
      3722.498	     1.84237e+06	
      3722.598	     1.84259e+06	
      3722.695	     1.84281e+06	
      3722.798	     1.84305e+06	
      3722.901	     1.84329e+06	
      3723.107	     1.84376e+06	
      3723.231	     1.84405e+06	
      3723.519	     1.84471e+06	
      3723.807	     1.84537e+06	
      3724.383	     1.84669e+06	
      3725.451	     1.84914e+06	
      3725.534	     1.84933e+06	
      3725.617	     1.84952e+06	
      3725.751	     1.84983e+06	
      3725.783	     1.84990e+06	
      3725.916	     1.85021e+06	
      3725.931	     1.85024e+06	
      3726.115	     1.85067e+06	
      3726.479	     1.85150e+06	
      3727.042	     1.85279e+06	
      3727.366	     1.85354e+06	
      3728.153	     1.85534e+06	
      3728.639	     1.85646e+06	
      3728.940	     1.85715e+06	
      3729.009	     1.85731e+06	
      3729.240	     1.85784e+06	
      3729.842	     1.85922e+06	
      3730.676	     1.86114e+06	
      3732.194	     1.86462e+06	
      3732.344	     1.86497e+06	
      3732.494	     1.86531e+06	
      3732.794	     1.86600e+06	
      3733.352	     1.86728e+06	
      3733.384	     1.86736e+06	
      3733.393	     1.86738e+06	
      3733.402	     1.86740e+06	
      3733.452	     1.86751e+06	
      3733.552	     1.86774e+06	
      3733.648	     1.86796e+06	
      3733.752	     1.86820e+06	
      3733.856	     1.86844e+06	
      3734.004	     1.86878e+06	
      3734.044	     1.86887e+06	
      3734.064	     1.86891e+06	
      3734.084	     1.86896e+06	
      3734.131	     1.86907e+06	
      3734.140	     1.86909e+06	
      3734.164	     1.86914e+06	
      3734.197	     1.86922e+06	
      3734.254	     1.86935e+06	
      3734.311	     1.86948e+06	
      3734.368	     1.86961e+06	
      3734.425	     1.86974e+06	
      3734.482	     1.86987e+06	
      3734.539	     1.87000e+06	
      3734.652	     1.87027e+06	
      3734.829	     1.87067e+06	
      3734.878	     1.87078e+06	
      3734.929	     1.87090e+06	
      3735.029	     1.87113e+06	
      3735.124	     1.87135e+06	
      3735.173	     1.87146e+06	
      3735.229	     1.87159e+06	
      3735.334	     1.87183e+06	
      3735.391	     1.87196e+06	
      3735.495	     1.87220e+06	
      3735.817	     1.87294e+06	
      3736.000	     1.87336e+06	
      3736.243	     1.87392e+06	
      3736.486	     1.87448e+06	
      3736.971	     1.87559e+06	
      3737.826	     1.87756e+06	
      3737.943	     1.87782e+06	
      3738.060	     1.87809e+06	
      3738.294	     1.87863e+06	
      3738.587	     1.87930e+06	
      3738.762	     1.87971e+06	
      3738.937	     1.88011e+06	
      3739.287	     1.88091e+06	
      3739.498	     1.88140e+06	
      3739.987	     1.88252e+06	
      3740.476	     1.88364e+06	
      3741.212	     1.88534e+06	
      3741.453	     1.88589e+06	
      3741.694	     1.88644e+06	
      3742.092	     1.88736e+06	
      3742.176	     1.88755e+06	
      3742.260	     1.88774e+06	
      3742.428	     1.88813e+06	
      3742.671	     1.88869e+06	
      3742.733	     1.88883e+06	
      3742.764	     1.88890e+06	
      3742.795	     1.88897e+06	
      3742.864	     1.88913e+06	
      3742.919	     1.88926e+06	
      3743.167	     1.88983e+06	
      3743.663	     1.89097e+06	
      3744.620	     1.89316e+06	
      3744.654	     1.89324e+06	
      3746.445	     1.89736e+06	
      3747.605	     1.90002e+06	
      3748.269	     1.90155e+06	
      3748.844	     1.90287e+06	
      3748.904	     1.90301e+06	
      3748.934	     1.90308e+06	
      3748.964	     1.90315e+06	
      3748.986	     1.90320e+06	
      3749.084	     1.90342e+06	
      3749.118	     1.90350e+06	
      3749.182	     1.90364e+06	
      3749.378	     1.90410e+06	
      3749.409	     1.90417e+06	
      3749.638	     1.90469e+06	
      3749.753	     1.90496e+06	
      3749.867	     1.90522e+06	
      3749.924	     1.90535e+06	
      3749.981	     1.90548e+06	
      3750.038	     1.90561e+06	
      3750.095	     1.90574e+06	
      3750.152	     1.90587e+06	
      3750.209	     1.90600e+06	
      3750.266	     1.90613e+06	
      3750.323	     1.90627e+06	
      3750.437	     1.90653e+06	
      3750.616	     1.90694e+06	
      3750.665	     1.90705e+06	
      3750.716	     1.90717e+06	
      3750.816	     1.90740e+06	
      3750.910	     1.90762e+06	
      3751.016	     1.90786e+06	
      3751.122	     1.90810e+06	
      3751.334	     1.90859e+06	
      3751.481	     1.90893e+06	
      3751.758	     1.90956e+06	
      3752.035	     1.91020e+06	
      3752.588	     1.91147e+06	
      3753.533	     1.91364e+06	
      3753.696	     1.91402e+06	
      3753.782	     1.91422e+06	
      3753.859	     1.91440e+06	
      3754.185	     1.91514e+06	
      3754.274	     1.91535e+06	
      3754.837	     1.91664e+06	
      3755.892	     1.91906e+06	
      3756.086	     1.91951e+06	
      3757.473	     1.92270e+06	
      3757.509	     1.92278e+06	
      3757.548	     1.92287e+06	
      3758.932	     1.92605e+06	
      3760.390	     1.92940e+06	
      3761.656	     1.93231e+06	
      3762.717	     1.93474e+06	
      3763.233	     1.93593e+06	
      3764.809	     1.93955e+06	
      3765.066	     1.94014e+06	
      3766.902	     1.94436e+06	
      3768.545	     1.94813e+06	
      3768.737	     1.94857e+06	
      3768.929	     1.94901e+06	
      3768.971	     1.94911e+06	
      3769.196	     1.94963e+06	
      3769.313	     1.94990e+06	
      3769.655	     1.95068e+06	
      3769.885	     1.95121e+06	
      3770.114	     1.95173e+06	
      3770.228	     1.95199e+06	
      3770.343	     1.95226e+06	
      3770.401	     1.95239e+06	
      3770.458	     1.95252e+06	
      3770.515	     1.95265e+06	
      3770.573	     1.95278e+06	
      3770.630	     1.95291e+06	
      3770.687	     1.95304e+06	
      3770.745	     1.95318e+06	
      3770.802	     1.95331e+06	
      3770.867	     1.95346e+06	
      3770.916	     1.95357e+06	
      3770.967	     1.95369e+06	
      3770.988	     1.95374e+06	
      3771.003	     1.95377e+06	
      3771.067	     1.95392e+06	
      3771.146	     1.95410e+06	
      3771.304	     1.95447e+06	
      3771.604	     1.95516e+06	
      3771.890	     1.95581e+06	
      3771.951	     1.95596e+06	
      3772.206	     1.95654e+06	
      3772.522	     1.95727e+06	
      3773.154	     1.95872e+06	
      3774.357	     1.96148e+06	
      3775.497	     1.96410e+06	
      3776.762	     1.96700e+06	
      3777.127	     1.96784e+06	
      3778.027	     1.96991e+06	
      3778.399	     1.97077e+06	
      3778.927	     1.97198e+06	
      3780.726	     1.97611e+06	
      3781.844	     1.97868e+06	
      3783.053	     1.98146e+06	
      3783.159	     1.98170e+06	
      3784.263	     1.98423e+06	
      3785.367	     1.98677e+06	
      3786.225	     1.98873e+06	
      3787.401	     1.99144e+06	
      3787.574	     1.99183e+06	
      3788.924	     1.99493e+06	
      3790.447	     1.99843e+06	
      3792.841	     2.00392e+06	
      3793.492	     2.00541e+06	
      3794.143	     2.00691e+06	
      3794.897	     2.00864e+06	
      3795.066	     2.00902e+06	
      3795.444	     2.00989e+06	
      3795.991	     2.01114e+06	
      3796.454	     2.01221e+06	
      3796.916	     2.01326e+06	
      3797.147	     2.01379e+06	
      3797.378	     2.01432e+06	
      3797.494	     2.01458e+06	
      3797.609	     2.01484e+06	
      3797.666	     2.01497e+06	
      3797.724	     2.01511e+06	
      3797.782	     2.01523e+06	
      3797.840	     2.01536e+06	
      3797.898	     2.01550e+06	
      3797.956	     2.01563e+06	
      3798.014	     2.01577e+06	
      3798.072	     2.01590e+06	
      3798.187	     2.01617e+06	
      3798.367	     2.01659e+06	
      3798.416	     2.01670e+06	
      3798.467	     2.01682e+06	
      3798.567	     2.01705e+06	
      3798.655	     2.01725e+06	
      3798.753	     2.01748e+06	
      3798.767	     2.01751e+06	
      3798.837	     2.01767e+06	
      3798.879	     2.01777e+06	
      3798.921	     2.01786e+06	
      3799.046	     2.01815e+06	
      3799.089	     2.01825e+06	
      3799.425	     2.01902e+06	
      3799.471	     2.01912e+06	
      3799.804	     2.01989e+06	
      3800.562	     2.02163e+06	
      3801.653	     2.02413e+06	
      3802.319	     2.02565e+06	
      3803.834	     2.02913e+06	
      3805.349	     2.03260e+06	
      3807.837	     2.03830e+06	
      3808.378	     2.03954e+06	
      3808.919	     2.04078e+06	
      3810.000	     2.04326e+06	
      3811.586	     2.04689e+06	
      3812.164	     2.04821e+06	
      3812.742	     2.04954e+06	
      3813.897	     2.05219e+06	
      3815.777	     2.05649e+06	
      3816.093	     2.05721e+06	
      3816.209	     2.05748e+06	
      3816.641	     2.05847e+06	
      3817.439	     2.06035e+06	
      3817.504	     2.06050e+06	
      3818.916	     2.06383e+06	
      3820.393	     2.06737e+06	
      3822.566	     2.07257e+06	
      3823.346	     2.07444e+06	
      3823.512	     2.07483e+06	
      3824.126	     2.07630e+06	
      3825.685	     2.08004e+06	
      3826.804	     2.08271e+06	
      3827.859	     2.08524e+06	
      3828.914	     2.08776e+06	
      3830.454	     2.09144e+06	
      3831.023	     2.09280e+06	
      3831.592	     2.09416e+06	
      3832.001	     2.09514e+06	
      3832.525	     2.09639e+06	
      3832.730	     2.09688e+06	
      3833.458	     2.09862e+06	
      3833.925	     2.09974e+06	
      3834.392	     2.10085e+06	
      3834.626	     2.10141e+06	
      3834.859	     2.10196e+06	
      3834.975	     2.10224e+06	
      3835.092	     2.10251e+06	
      3835.151	     2.10265e+06	
      3835.209	     2.10278e+06	
      3835.267	     2.10292e+06	
      3835.326	     2.10305e+06	
      3835.384	     2.10318e+06	
      3835.442	     2.10333e+06	
      3835.501	     2.10348e+06	
      3835.559	     2.10362e+06	
      3835.626	     2.10379e+06	
      3835.675	     2.10391e+06	
      3835.726	     2.10403e+06	
      3835.743	     2.10407e+06	
      3835.774	     2.10414e+06	
      3835.826	     2.10427e+06	
      3835.909	     2.10447e+06	
      3836.075	     2.10487e+06	
      3836.376	     2.10559e+06	
      3836.646	     2.10624e+06	
      3836.977	     2.10703e+06	
      3837.029	     2.10716e+06	
      3837.308	     2.10783e+06	
      3837.970	     2.10941e+06	
      3838.647	     2.11103e+06	
      3838.911	     2.11166e+06	
      3839.175	     2.11229e+06	
      3839.703	     2.11355e+06	
      3840.758	     2.11607e+06	
      3842.753	     2.12083e+06	
      3842.831	     2.12101e+06	
      3842.870	     2.12111e+06	
      3842.909	     2.12120e+06	
      3843.065	     2.12157e+06	
      3843.377	     2.12232e+06	
      3844.001	     2.12381e+06	
      3844.588	     2.12521e+06	
      3845.248	     2.12679e+06	
      3845.547	     2.12750e+06	
      3845.908	     2.12836e+06	
      3847.228	     2.13151e+06	
      3847.442	     2.13202e+06	
      3848.908	     2.13552e+06	
      3850.375	     2.13901e+06	
      3851.976	     2.14283e+06	
      3853.308	     2.14600e+06	
      3854.640	     2.14917e+06	
      3855.701	     2.15170e+06	
      3857.303	     2.15551e+06	
      3858.906	     2.15933e+06	
      3862.006	     2.16670e+06	
      3862.111	     2.16695e+06	
      3862.216	     2.16720e+06	
      3862.426	     2.16770e+06	
      3862.846	     2.16870e+06	
      3863.685	     2.17070e+06	
      3865.170	     2.17422e+06	
      3865.365	     2.17469e+06	
      3865.560	     2.17515e+06	
      3865.950	     2.17608e+06	
      3866.730	     2.17793e+06	
      3867.675	     2.18017e+06	
      3868.289	     2.18163e+06	
      3868.903	     2.18309e+06	
      3870.131	     2.18600e+06	
      3871.324	     2.18884e+06	
      3872.586	     2.19183e+06	
      3873.848	     2.19482e+06	
      3876.324	     2.20069e+06	
      3876.368	     2.20080e+06	
      3876.371	     2.20081e+06	
      3876.374	     2.20081e+06	
      3876.424	     2.20093e+06	
      3876.524	     2.20117e+06	
      3876.724	     2.20164e+06	
      3876.947	     2.20217e+06	
      3877.124	     2.20259e+06	
      3877.924	     2.20448e+06	
      3878.900	     2.20680e+06	
      3880.290	     2.21009e+06	
      3880.854	     2.21142e+06	
      3881.418	     2.21276e+06	
      3882.546	     2.21542e+06	
      3884.398	     2.21981e+06	
      3884.801	     2.22076e+06	
      3884.923	     2.22105e+06	
      3885.204	     2.22171e+06	
      3886.010	     2.22361e+06	
      3886.151	     2.22394e+06	
      3887.096	     2.22618e+06	
      3887.568	     2.22729e+06	
      3888.042	     2.22840e+06	
      3888.280	     2.22896e+06	
      3888.516	     2.22951e+06	
      3888.633	     2.22978e+06	
      3888.752	     2.23005e+06	
      3888.844	     2.23026e+06	
      3888.866	     2.23031e+06	
      3888.871	     2.23032e+06	
      3888.898	     2.23038e+06	
      3888.930	     2.23044e+06	
      3888.989	     2.23057e+06	
      3889.048	     2.23070e+06	
      3889.107	     2.23085e+06	
      3889.166	     2.23100e+06	
      3889.225	     2.23116e+06	
      3889.294	     2.23133e+06	
      3889.343	     2.23145e+06	
      3889.394	     2.23157e+06	
      3889.408	     2.23161e+06	
      3889.450	     2.23171e+06	
      3889.494	     2.23182e+06	
      3889.580	     2.23202e+06	
      3889.752	     2.23243e+06	
      3890.054	     2.23315e+06	
      3890.315	     2.23378e+06	
      3890.474	     2.23415e+06	
      3890.657	     2.23459e+06	
      3890.999	     2.23540e+06	
      3891.683	     2.23702e+06	
      3892.892	     2.23987e+06	
      3893.942	     2.24234e+06	
      3894.458	     2.24356e+06	
      3895.309	     2.24557e+06	
      3896.219	     2.24772e+06	
      3896.677	     2.24879e+06	
      3898.895	     2.25402e+06	
      3899.603	     2.25569e+06	
      3901.572	     2.26032e+06	
      3903.894	     2.26578e+06	
      3904.248	     2.26661e+06	
      3908.893	     2.27752e+06	
      3913.891	     2.28925e+06	
      3918.890	     2.30184e+06	
      3923.889	     2.31457e+06	
      3928.216	     2.32556e+06	
      3928.353	     2.32591e+06	
      3928.887	     2.32727e+06	
      3929.559	     2.32898e+06	
      3930.903	     2.33238e+06	
      3933.453	     2.33886e+06	
      3935.810	     2.34482e+06	
      3937.347	     2.34872e+06	
      3938.885	     2.35261e+06	
      3940.036	     2.35552e+06	
      3941.960	     2.36038e+06	
      3943.883	     2.36524e+06	
      3946.579	     2.37203e+06	
      3947.730	     2.37493e+06	
      3948.882	     2.37783e+06	
      3950.653	     2.38229e+06	
      3951.015	     2.38320e+06	
      3951.186	     2.38362e+06	
      3951.718	     2.38497e+06	
      3952.784	     2.38764e+06	
      3954.554	     2.39208e+06	
      3957.306	     2.39899e+06	
      3958.093	     2.40096e+06	
      3958.624	     2.40229e+06	
      3958.880	     2.40293e+06	
      3960.453	     2.40687e+06	
      3962.283	     2.41144e+06	
      3965.737	     2.42006e+06	
      3965.942	     2.42057e+06	
      3966.147	     2.42108e+06	
      3966.557	     2.42210e+06	
      3966.675	     2.42239e+06	
      3967.279	     2.42390e+06	
      3967.376	     2.42414e+06	
      3968.078	     2.42588e+06	
      3968.709	     2.42744e+06	
      3968.877	     2.42786e+06	
      3969.045	     2.42827e+06	
      3969.234	     2.42873e+06	
      3969.287	     2.42886e+06	
      3969.381	     2.42909e+06	
      3969.528	     2.42945e+06	
      3969.648	     2.42973e+06	
      3969.769	     2.43002e+06	
      3969.830	     2.43016e+06	
      3969.890	     2.43029e+06	
      3969.950	     2.43041e+06	
      3970.011	     2.43053e+06	
      3970.071	     2.43066e+06	
      3970.131	     2.43083e+06	
      3970.192	     2.43101e+06	
      3970.252	     2.43119e+06	
      3970.323	     2.43139e+06	
      3970.372	     2.43152e+06	
      3970.423	     2.43166e+06	
      3970.432	     2.43168e+06	
      3970.495	     2.43185e+06	
      3970.523	     2.43192e+06	
      3970.613	     2.43216e+06	
      3970.795	     2.43263e+06	
      3971.096	     2.43340e+06	
      3971.333	     2.43400e+06	
      3971.591	     2.43465e+06	
      3971.698	     2.43492e+06	
      3972.063	     2.43584e+06	
      3972.793	     2.43768e+06	
      3973.995	     2.44070e+06	
      3974.936	     2.44306e+06	
      3976.398	     2.44672e+06	
      3976.845	     2.44784e+06	
      3977.860	     2.45038e+06	
      3978.874	     2.45292e+06	
      3979.577	     2.45467e+06	
      3980.904	     2.45799e+06	
      3982.230	     2.46133e+06	
      3984.180	     2.46624e+06	
      3984.884	     2.46801e+06	
      3985.119	     2.46860e+06	
      3985.588	     2.46979e+06	
      3986.995	     2.47332e+06	
      3988.872	     2.47804e+06	
      3991.379	     2.48432e+06	
      3992.625	     2.48745e+06	
      3993.854	     2.49053e+06	
      3993.870	     2.49057e+06	
      3996.362	     2.49679e+06	
      3998.869	     2.50306e+06	
      4003.868	     2.51551e+06	
      4008.866	     2.52793e+06	
      4013.865	     2.54051e+06	
      4018.864	     2.55331e+06	
      4023.863	     2.56607e+06	
      4025.341	     2.56984e+06	
      4028.861	     2.57879e+06	
      4032.381	     2.58772e+06	
      4032.946	     2.58915e+06	
      4033.860	     2.59146e+06	
      4035.902	     2.59662e+06	
      4038.859	     2.60409e+06	
      4043.857	     2.61667e+06	
      4048.856	     2.62920e+06	
      4053.855	     2.64167e+06	
      4058.853	     2.65410e+06	
      4063.852	     2.66648e+06	
      4068.851	     2.67879e+06	
      4073.849	     2.69105e+06	
      4075.421	     2.69488e+06	
      4078.848	     2.70323e+06	
      4082.275	     2.71154e+06	
      4082.559	     2.71222e+06	
      4084.004	     2.71571e+06	
      4085.702	     2.71980e+06	
      4088.845	     2.72734e+06	
      4089.695	     2.72936e+06	
      4093.687	     2.73885e+06	
      4096.515	     2.74552e+06	
      4097.679	     2.74826e+06	
      4098.010	     2.74903e+06	
      4098.678	     2.75060e+06	
      4098.843	     2.75098e+06	
      4099.676	     2.75292e+06	
      4100.174	     2.75407e+06	
      4100.673	     2.75521e+06	
      4100.922	     2.75576e+06	
      4101.172	     2.75631e+06	
      4101.297	     2.75657e+06	
      4101.422	     2.75681e+06	
      4101.485	     2.75692e+06	
      4101.547	     2.75701e+06	
      4101.609	     2.75707e+06	
      4101.672	     2.75713e+06	
      4101.734	     2.75723e+06	
      4101.797	     2.75743e+06	
      4101.859	     2.75767e+06	
      4101.922	     2.75791e+06	
      4102.047	     2.75832e+06	
      4102.296	     2.75901e+06	
      4102.745	     2.76018e+06	
      4102.794	     2.76030e+06	
      4102.845	     2.76043e+06	
      4102.945	     2.76068e+06	
      4103.145	     2.76119e+06	
      4103.296	     2.76157e+06	
      4103.545	     2.76219e+06	
      4103.794	     2.76281e+06	
      4104.291	     2.76405e+06	
      4104.785	     2.76527e+06	
      4105.287	     2.76651e+06	
      4105.789	     2.76775e+06	
      4106.793	     2.77022e+06	
      4108.680	     2.77485e+06	
      4108.760	     2.77504e+06	
      4108.800	     2.77514e+06	
      4108.840	     2.77524e+06	
      4108.859	     2.77529e+06	
      4109.000	     2.77565e+06	
      4109.320	     2.77649e+06	
      4109.781	     2.77768e+06	
      4110.703	     2.78007e+06	
      4111.319	     2.78166e+06	
      4112.546	     2.78484e+06	
      4113.774	     2.78800e+06	
      4114.693	     2.79036e+06	
      4116.229	     2.79431e+06	
      4116.694	     2.79550e+06	
      4117.766	     2.79824e+06	
      4118.126	     2.79916e+06	
      4118.838	     2.80097e+06	
      4120.981	     2.80642e+06	
      4123.836	     2.81367e+06	
      4126.144	     2.81949e+06	
      4128.835	     2.82626e+06	
      4129.605	     2.82819e+06	
      4131.526	     2.83300e+06	
      4133.834	     2.83876e+06	
      4134.219	     2.83972e+06	
      4138.832	     2.85118e+06	
      4143.831	     2.86351e+06	
      4148.830	     2.87578e+06	
      4153.828	     2.88797e+06	
      4158.827	     2.90008e+06	
      4163.826	     2.91213e+06	
      4168.824	     2.92410e+06	
      4173.823	     2.93600e+06	
      4178.822	     2.94783e+06	
      4183.820	     2.95960e+06	
      4188.819	     2.97129e+06	
      4193.818	     2.98291e+06	
      4198.817	     2.99447e+06	
      4203.815	     3.00595e+06	
      4208.814	     3.01751e+06	
      4213.813	     3.02912e+06	
      4216.525	     3.03538e+06	
      4217.242	     3.03703e+06	
      4218.811	     3.04065e+06	
      4221.098	     3.04590e+06	
      4223.810	     3.05210e+06	
      4224.954	     3.05472e+06	
      4228.809	     3.06348e+06	
      4233.807	     3.07478e+06	
      4238.806	     3.08599e+06	
      4243.805	     3.09713e+06	
      4248.803	     3.10818e+06	
      4253.802	     3.11915e+06	
      4258.801	     3.13003e+06	
      4263.799	     3.14084e+06	
      4268.798	     3.15155e+06	
      4273.797	     3.16217e+06	
      4278.795	     3.17269e+06	
      4283.794	     3.18312e+06	
      4288.793	     3.19346e+06	
      4293.791	     3.20370e+06	
      4298.790	     3.21379e+06	
      4303.789	     3.22371e+06	
      4308.788	     3.23314e+06	
      4313.786	     3.24241e+06	
      4314.073	     3.24291e+06	
      4318.785	     3.25142e+06	
      4320.854	     3.25507e+06	
      4323.497	     3.25965e+06	
      4326.139	     3.26415e+06	
      4326.475	     3.26471e+06	
      4328.782	     3.26854e+06	
      4330.233	     3.27090e+06	
      4331.090	     3.27228e+06	
      4331.149	     3.27238e+06	
      4331.946	     3.27367e+06	
      4333.660	     3.27640e+06	
      4334.060	     3.27703e+06	
      4336.171	     3.28036e+06	
      4337.786	     3.28290e+06	
      4338.220	     3.28356e+06	
      4338.283	     3.28366e+06	
      4338.780	     3.28441e+06	
      4338.812	     3.28447e+06	
      4339.339	     3.28526e+06	
      4339.602	     3.28560e+06	
      4339.867	     3.28595e+06	
      4340.001	     3.28607e+06	
      4340.132	     3.28617e+06	
      4340.197	     3.28617e+06	
      4340.263	     3.28614e+06	
      4340.329	     3.28601e+06	
      4340.395	     3.28589e+06	
      4340.461	     3.28589e+06	
      4340.527	     3.28614e+06	
      4340.593	     3.28651e+06	
      4340.659	     3.28686e+06	
      4340.791	     3.28739e+06	
      4341.005	     3.28802e+06	
      4341.055	     3.28815e+06	
      4341.105	     3.28827e+06	
      4341.205	     3.28852e+06	
      4341.227	     3.28856e+06	
      4341.238	     3.28859e+06	
      4341.405	     3.28900e+06	
      4341.583	     3.28940e+06	
      4341.939	     3.29022e+06	
      4342.640	     3.29173e+06	
      4343.330	     3.29324e+06	
      4343.570	     3.29374e+06	
      4344.041	     3.29478e+06	
      4344.752	     3.29628e+06	
      4346.174	     3.29933e+06	
      4348.578	     3.30445e+06	
      4348.777	     3.30486e+06	
      4348.976	     3.30527e+06	
      4349.374	     3.30612e+06	
      4350.170	     3.30778e+06	
      4350.322	     3.30810e+06	
      4351.761	     3.31111e+06	
      4353.201	     3.31410e+06	
      4354.734	     3.31724e+06	
      4356.077	     3.31997e+06	
      4356.080	     3.31997e+06	
      4357.426	     3.32267e+06	
      4358.774	     3.32538e+06	
      4359.170	     3.32616e+06	
      4361.472	     3.33062e+06	
      4363.773	     3.33508e+06	
      4367.980	     3.34313e+06	
      4368.376	     3.34385e+06	
      4368.524	     3.34413e+06	
      4368.772	     3.34460e+06	
      4369.563	     3.34608e+06	
      4371.147	     3.34906e+06	
      4373.770	     3.35390e+06	
      4378.769	     3.36304e+06	
      4383.768	     3.37203e+06	
      4388.766	     3.38092e+06	
      4393.765	     3.38968e+06	
      4398.764	     3.39832e+06	
      4403.762	     3.40558e+06	
      4408.761	     3.41224e+06	
      4413.760	     3.41884e+06	
      4418.758	     3.42540e+06	
      4423.757	     3.43191e+06	
      4428.756	     3.43838e+06	
      4433.754	     3.44482e+06	
      4438.753	     3.45123e+06	
      4443.752	     3.45757e+06	
      4448.751	     3.46389e+06	
      4453.749	     3.47017e+06	
      4458.748	     3.47639e+06	
      4463.747	     3.48261e+06	
      4468.745	     3.48877e+06	
      4473.744	     3.49490e+06	
      4478.743	     3.50099e+06	
      4483.741	     3.50705e+06	
      4488.740	     3.51309e+06	
      4493.739	     3.51906e+06	
      4498.737	     3.52587e+06	
      4503.736	     3.53467e+06	
      4508.735	     3.54337e+06	
      4513.733	     3.55195e+06	
      4514.118	     3.55261e+06	
      4518.732	     3.56046e+06	
      4523.346	     3.56819e+06	
      4527.190	     3.57460e+06	
      4527.960	     3.57586e+06	
      4528.729	     3.57714e+06	
      4530.269	     3.57966e+06	
      4532.968	     3.58409e+06	
      4533.288	     3.58462e+06	
      4533.348	     3.58471e+06	
      4533.728	     3.58534e+06	
      4534.488	     3.58657e+06	
      4536.007	     3.58905e+06	
      4538.727	     3.59345e+06	
      4543.725	     3.60146e+06	
      4548.724	     3.60938e+06	
      4553.723	     3.61717e+06	
      4558.721	     3.62490e+06	
      4563.720	     3.63253e+06	
      4568.719	     3.64007e+06	
      4573.717	     3.64751e+06	
      4578.716	     3.65487e+06	
      4583.715	     3.66215e+06	
      4588.713	     3.66932e+06	
      4593.712	     3.67642e+06	
      4596.529	     3.67990e+06	
      4596.984	     3.68047e+06	
      4598.711	     3.68264e+06	
      4600.892	     3.68525e+06	
      4603.709	     3.68864e+06	
      4604.800	     3.68996e+06	
      4608.708	     3.69461e+06	
      4613.707	     3.70051e+06	
      4618.705	     3.70636e+06	
      4623.704	     3.71217e+06	
      4628.703	     3.71792e+06	
      4633.701	     3.72360e+06	
      4638.700	     3.72923e+06	
      4643.699	     3.73482e+06	
      4648.697	     3.74035e+06	
      4653.696	     3.74582e+06	
      4658.695	     3.75122e+06	
      4663.694	     3.75659e+06	
      4668.692	     3.76190e+06	
      4673.691	     3.76718e+06	
      4678.690	     3.77239e+06	
      4683.688	     3.77755e+06	
      4688.687	     3.78263e+06	
      4693.686	     3.78757e+06	
      4698.684	     3.79231e+06	
      4703.683	     3.79699e+06	
      4708.682	     3.80164e+06	
      4713.680	     3.80623e+06	
      4715.603	     3.80799e+06	
      4718.679	     3.81078e+06	
      4720.984	     3.81286e+06	
      4721.755	     3.81355e+06	
      4723.678	     3.81528e+06	
      4724.830	     3.81631e+06	
      4728.676	     3.81974e+06	
      4733.675	     3.82414e+06	
      4738.674	     3.82850e+06	
      4743.672	     3.83281e+06	
      4748.671	     3.83705e+06	
      4753.670	     3.84126e+06	
      4758.668	     3.84537e+06	
      4763.667	     3.84949e+06	
      4768.666	     3.85351e+06	
      4773.664	     3.85744e+06	
      4778.663	     3.86133e+06	
      4783.662	     3.86513e+06	
      4788.660	     3.86884e+06	
      4793.659	     3.87239e+06	
      4798.658	     3.87581e+06	
      4803.656	     3.87908e+06	
      4808.655	     3.88222e+06	
      4813.654	     3.88514e+06	
      4818.652	     3.88778e+06	
      4823.651	     3.89011e+06	
      4828.650	     3.89202e+06	
      4833.648	     3.89338e+06	
      4834.972	     3.89360e+06	
      4838.647	     3.89397e+06	
      4839.161	     3.89400e+06	
      4842.322	     3.89388e+06	
      4845.483	     3.89331e+06	
      4845.503	     3.89331e+06	
      4847.054	     3.89287e+06	
      4848.644	     3.89231e+06	
      4851.785	     3.89093e+06	
      4854.393	     3.88954e+06	
      4856.517	     3.88844e+06	
      4858.401	     3.88750e+06	
      4858.642	     3.88741e+06	
      4858.664	     3.88738e+06	
      4858.883	     3.88728e+06	
      4859.364	     3.88703e+06	
      4859.473	     3.88697e+06	
      4860.065	     3.88659e+06	
      4860.361	     3.88631e+06	
      4860.657	     3.88593e+06	
      4860.805	     3.88565e+06	
      4860.953	     3.88521e+06	
      4861.027	     3.88489e+06	
      4861.101	     3.88436e+06	
      4861.175	     3.88361e+06	
      4861.248	     3.88276e+06	
      4861.322	     3.88229e+06	
      4861.396	     3.88288e+06	
      4861.470	     3.88383e+06	
      4861.543	     3.88467e+06	
      4861.641	     3.88543e+06	
      4861.687	     3.88571e+06	
      4861.689	     3.88571e+06	
      4861.691	     3.88571e+06	
      4861.695	     3.88574e+06	
      4861.741	     3.88596e+06	
      4861.841	     3.88637e+06	
      4861.979	     3.88684e+06	
      4861.987	     3.88684e+06	
      4862.279	     3.88763e+06	
      4862.579	     3.88832e+06	
      4862.596	     3.88835e+06	
      4863.178	     3.88954e+06	
      4863.727	     3.89058e+06	
      4863.761	     3.89064e+06	
      4864.927	     3.89281e+06	
      4866.127	     3.89507e+06	
      4868.413	     3.89944e+06	
      4868.526	     3.89966e+06	
      4868.639	     3.89985e+06	
      4868.865	     3.90029e+06	
      4869.317	     3.90117e+06	
      4869.583	     3.90167e+06	
      4870.221	     3.90286e+06	
      4870.858	     3.90409e+06	
      4872.134	     3.90644e+06	
      4874.623	     3.91091e+06	
      4874.685	     3.91100e+06	
      4874.747	     3.91113e+06	
      4874.871	     3.91131e+06	
      4875.119	     3.91175e+06	
      4875.615	     3.91260e+06	
      4876.607	     3.91427e+06	
      4878.452	     3.91722e+06	
      4878.544	     3.91738e+06	
      4878.590	     3.91744e+06	
      4878.636	     3.91753e+06	
      4878.820	     3.91782e+06	
      4879.188	     3.91838e+06	
      4879.526	     3.91889e+06	
      4879.924	     3.91948e+06	
      4880.322	     3.92008e+06	
      4880.941	     3.92099e+06	
      4881.118	     3.92127e+06	
      4882.709	     3.92354e+06	
      4884.478	     3.92592e+06	
      4887.396	     3.92963e+06	
      4888.015	     3.93038e+06	
      4888.634	     3.93111e+06	
      4889.871	     3.93255e+06	
      4891.061	     3.93390e+06	
      4892.347	     3.93528e+06	
      4893.632	     3.93667e+06	
      4893.777	     3.93682e+06	
      4896.204	     3.93931e+06	
      4898.631	     3.94166e+06	
      4903.340	     3.94597e+06	
      4903.485	     3.94609e+06	
      4903.630	     3.94622e+06	
      4903.920	     3.94647e+06	
      4904.499	     3.94697e+06	
      4905.659	     3.94795e+06	
      4907.328	     3.94936e+06	
      4907.977	     3.94989e+06	
      4908.628	     3.95043e+06	
      4909.929	     3.95150e+06	
      4911.434	     3.95269e+06	
      4912.530	     3.95354e+06	
      4913.014	     3.95395e+06	
      4913.627	     3.95442e+06	
      4915.550	     3.95586e+06	
      4915.820	     3.95608e+06	
      4918.240	     3.95787e+06	
      4918.626	     3.95816e+06	
      4921.701	     3.96042e+06	
      4923.624	     3.96177e+06	
      4925.162	     3.96284e+06	
      4928.623	     3.96522e+06	
      4933.622	     3.96859e+06	
      4938.620	     3.97185e+06	
      4943.619	     3.97503e+06	
      4948.618	     3.97814e+06	
      4953.616	     3.98118e+06	
      4958.615	     3.98417e+06	
      4963.614	     3.98709e+06	
      4968.612	     3.98998e+06	
      4973.611	     3.99281e+06	
      4978.610	     3.99560e+06	
      4983.608	     3.99834e+06	
      4988.607	     4.00094e+06	
      4993.606	     4.00355e+06	
      4998.604	     4.00610e+06	
      5003.603	     4.00864e+06	
      5008.602	     4.01112e+06	
      5013.600	     4.01357e+06	
      5018.599	     4.01602e+06	
      5023.598	     4.01841e+06	
      5028.596	     4.02077e+06	
      5033.595	     4.02312e+06	
      5038.594	     4.02542e+06	
      5043.592	     4.02771e+06	
      5048.591	     4.02994e+06	
      5053.590	     4.03217e+06	
      5058.588	     4.03437e+06	
      5063.587	     4.03654e+06	
      5068.586	     4.03867e+06	
      5073.584	     4.04078e+06	
      5078.583	     4.04288e+06	
      5083.582	     4.04483e+06	
      5088.580	     4.04669e+06	
      5093.579	     4.04854e+06	
      5098.578	     4.05036e+06	
      5103.576	     4.05218e+06	
      5108.575	     4.05394e+06	
      5113.574	     4.05570e+06	
      5118.572	     4.05743e+06	
      5123.571	     4.05916e+06	
      5128.570	     4.06085e+06	
      5133.568	     4.06252e+06	
      5138.567	     4.06415e+06	
      5143.566	     4.06579e+06	
      5148.564	     4.06739e+06	
      5153.563	     4.06896e+06	
      5158.562	     4.07053e+06	
      5163.560	     4.07204e+06	
      5168.559	     4.07358e+06	
      5173.558	     4.07505e+06	
      5178.556	     4.07650e+06	
      5183.555	     4.07776e+06	
      5188.554	     4.07901e+06	
      5193.552	     4.08027e+06	
      5198.551	     4.08149e+06	
      5203.550	     4.08269e+06	
      5208.548	     4.08388e+06	
      5213.547	     4.08504e+06	
      5218.546	     4.08618e+06	
      5223.544	     4.08731e+06	
      5228.543	     4.08844e+06	
      5233.542	     4.08951e+06	
      5238.540	     4.09057e+06	
      5243.539	     4.09164e+06	
      5248.537	     4.09268e+06	
      5253.536	     4.09368e+06	
      5258.535	     4.09469e+06	
      5263.533	     4.09566e+06	
      5268.532	     4.09661e+06	
      5273.531	     4.09755e+06	
      5278.529	     4.09902e+06	
      5283.528	     4.10056e+06	
      5288.527	     4.10204e+06	
      5293.525	     4.10349e+06	
      5298.524	     4.10493e+06	
      5303.523	     4.10631e+06	
      5308.521	     4.10770e+06	
      5313.520	     4.10901e+06	
      5318.519	     4.11033e+06	
      5323.517	     4.11162e+06	
      5328.516	     4.11285e+06	
      5333.515	     4.11407e+06	
      5338.513	     4.11527e+06	
      5343.512	     4.11643e+06	
      5348.511	     4.11756e+06	
      5353.509	     4.11866e+06	
      5358.508	     4.11973e+06	
      5363.507	     4.12083e+06	
      5368.505	     4.12186e+06	
      5373.504	     4.12262e+06	
      5378.503	     4.12299e+06	
      5383.501	     4.12337e+06	
      5388.500	     4.12375e+06	
      5393.499	     4.12409e+06	
      5398.497	     4.12441e+06	
      5403.496	     4.12472e+06	
      5408.495	     4.12504e+06	
      5413.493	     4.12532e+06	
      5418.492	     4.12557e+06	
      5423.491	     4.12582e+06	
      5428.489	     4.12607e+06	
      5433.488	     4.12626e+06	
      5438.487	     4.12648e+06	
      5443.485	     4.12667e+06	
      5448.484	     4.12683e+06	
      5453.483	     4.12698e+06	
      5458.481	     4.12711e+06	
      5463.480	     4.12724e+06	
      5468.479	     4.12736e+06	
      5473.477	     4.12783e+06	
      5478.476	     4.12827e+06	
      5483.475	     4.12871e+06	
      5488.473	     4.12912e+06	
      5493.472	     4.12953e+06	
      5498.471	     4.12991e+06	
      5503.469	     4.13025e+06	
      5508.468	     4.13060e+06	
      5513.466	     4.13091e+06	
      5518.465	     4.13123e+06	
      5523.464	     4.13151e+06	
      5528.462	     4.13179e+06	
      5533.461	     4.13204e+06	
      5538.460	     4.13226e+06	
      5543.458	     4.13248e+06	
      5548.457	     4.13267e+06	
      5553.456	     4.13286e+06	
      5558.454	     4.13302e+06	
      5563.453	     4.13314e+06	
      5568.452	     4.13327e+06	
      5573.450	     4.13336e+06	
      5578.449	     4.13342e+06	
      5583.448	     4.13349e+06	
      5588.446	     4.13355e+06	
      5593.445	     4.13358e+06	
      5598.444	     4.13358e+06	
      5603.442	     4.13358e+06	
      5608.441	     4.13355e+06	
      5613.440	     4.13352e+06	
      5618.438	     4.13346e+06	
      5623.437	     4.13339e+06	
      5628.436	     4.13330e+06	
      5633.434	     4.13320e+06	
      5638.433	     4.13308e+06	
      5643.432	     4.13292e+06	
      5648.430	     4.13277e+06	
      5653.429	     4.13261e+06	
      5658.428	     4.13242e+06	
      5663.426	     4.13223e+06	
      5668.425	     4.13204e+06	
      5673.424	     4.13179e+06	
      5673.979	     4.13176e+06	
      5678.422	     4.13154e+06	
      5682.865	     4.13129e+06	
      5686.198	     4.13110e+06	
      5687.309	     4.13104e+06	
      5687.864	     4.13101e+06	
      5688.420	     4.13097e+06	
      5690.641	     4.13085e+06	
      5693.418	     4.13069e+06	
      5698.417	     4.13038e+06	
      5703.415	     4.13003e+06	
      5704.770	     4.12994e+06	
      5708.414	     4.12969e+06	
      5708.882	     4.12965e+06	
      5712.058	     4.12944e+06	
      5713.413	     4.12934e+06	
      5715.234	     4.12918e+06	
      5718.411	     4.12896e+06	
      5723.410	     4.12856e+06	
      5728.409	     4.12815e+06	
      5733.407	     4.12774e+06	
      5738.406	     4.12730e+06	
      5743.405	     4.12686e+06	
      5748.403	     4.12639e+06	
      5753.402	     4.12592e+06	
      5758.401	     4.12541e+06	
      5763.399	     4.12457e+06	
      5768.398	     4.12403e+06	
      5773.397	     4.12350e+06	
      5778.395	     4.12293e+06	
      5783.394	     4.12237e+06	
      5788.393	     4.12180e+06	
      5793.391	     4.12120e+06	
      5798.390	     4.12058e+06	
      5803.389	     4.11998e+06	
      5808.387	     4.11932e+06	
      5813.386	     4.11869e+06	
      5818.385	     4.11803e+06	
      5823.383	     4.11734e+06	
      5828.382	     4.11665e+06	
      5833.381	     4.11596e+06	
      5838.379	     4.11524e+06	
      5843.378	     4.11451e+06	
      5848.377	     4.11379e+06	
      5853.375	     4.11300e+06	
      5858.374	     4.11225e+06	
      5863.372	     4.11150e+06	
      5868.371	     4.11068e+06	
      5873.370	     4.10989e+06	
      5878.368	     4.10908e+06	
      5883.367	     4.10826e+06	
      5888.366	     4.10741e+06	
      5893.364	     4.10656e+06	
      5898.363	     4.10572e+06	
      5903.362	     4.10484e+06	
      5908.360	     4.10393e+06	
      5913.359	     4.10305e+06	
      5918.358	     4.10213e+06	
      5923.356	     4.10119e+06	
      5928.355	     4.10025e+06	
      5933.354	     4.09931e+06	
      5938.352	     4.09836e+06	
      5943.351	     4.09739e+06	
      5948.350	     4.09639e+06	
      5953.348	     4.09538e+06	
      5958.347	     4.09437e+06	
      5963.346	     4.09334e+06	
      5968.344	     4.09230e+06	
      5973.343	     4.09123e+06	
      5978.342	     4.09017e+06	
      5983.340	     4.08910e+06	
      5988.339	     4.08800e+06	
      5993.338	     4.08690e+06	
      5998.336	     4.08577e+06	
      6003.335	     4.08464e+06	
      6008.333	     4.08350e+06	
      6013.332	     4.08237e+06	
      6018.331	     4.08121e+06	
      6023.329	     4.08002e+06	
      6028.328	     4.07886e+06	
      6033.327	     4.07766e+06	
      6038.325	     4.07647e+06	
      6043.324	     4.07524e+06	
      6048.323	     4.07402e+06	
      6053.321	     4.07279e+06	
      6058.320	     4.07154e+06	
      6063.319	     4.07028e+06	
      6068.317	     4.06899e+06	
      6073.316	     4.06773e+06	
      6078.315	     4.06645e+06	
      6083.313	     4.06513e+06	
      6088.312	     4.06384e+06	
      6093.311	     4.06249e+06	
      6098.309	     4.06117e+06	
      6103.308	     4.05982e+06	
      6108.307	     4.05847e+06	
      6113.305	     4.05712e+06	
      6118.304	     4.05573e+06	
      6123.303	     4.05435e+06	
      6128.301	     4.05297e+06	
      6133.300	     4.05155e+06	
      6138.298	     4.05014e+06	
      6143.297	     4.04873e+06	
      6148.296	     4.04728e+06	
      6153.294	     4.04584e+06	
      6158.293	     4.04439e+06	
      6163.292	     4.04292e+06	
      6168.290	     4.04144e+06	
      6173.289	     4.03993e+06	
      6178.288	     4.03842e+06	
      6183.286	     4.03692e+06	
      6188.285	     4.03541e+06	
      6193.284	     4.03387e+06	
      6198.282	     4.03233e+06	
      6203.281	     4.03079e+06	
      6208.280	     4.02922e+06	
      6213.278	     4.02765e+06	
      6218.277	     4.02608e+06	
      6223.276	     4.02447e+06	
      6228.274	     4.02287e+06	
      6233.273	     4.02127e+06	
      6238.272	     4.01964e+06	
      6243.270	     4.01800e+06	
      6244.381	     4.01766e+06	
      6248.269	     4.01637e+06	
      6252.157	     4.01508e+06	
      6253.821	     4.01452e+06	
      6256.044	     4.01379e+06	
      6258.266	     4.01304e+06	
      6262.157	     4.01175e+06	
      6262.711	     4.01156e+06	
      6263.265	     4.01137e+06	
      6264.372	     4.01100e+06	
      6264.912	     4.01081e+06	
      6266.588	     4.01024e+06	
      6268.263	     4.00968e+06	
      6269.967	     4.00911e+06	
      6271.615	     4.00855e+06	
      6273.262	     4.00798e+06	
      6274.854	     4.00745e+06	
      6276.557	     4.00685e+06	
      6278.261	     4.00625e+06	
      6280.076	     4.00566e+06	
      6281.668	     4.00509e+06	
      6283.259	     4.00456e+06	
      6284.627	     4.00409e+06	
      6286.443	     4.00346e+06	
      6288.258	     4.00280e+06	
      6290.521	     4.00201e+06	
      6291.889	     4.00154e+06	
      6293.257	     4.00107e+06	
      6293.729	     4.00091e+06	
      6295.992	     4.00010e+06	
      6298.255	     3.99931e+06	
      6302.310	     3.99787e+06	
      6302.782	     3.99771e+06	
      6303.254	     3.99752e+06	
      6303.918	     3.99730e+06	
      6304.198	     3.99721e+06	
      6306.085	     3.99651e+06	
      6308.253	     3.99576e+06	
      6311.924	     3.99444e+06	
      6312.587	     3.99419e+06	
      6313.251	     3.99394e+06	
      6314.579	     3.99347e+06	
      6316.219	     3.99287e+06	
      6317.234	     3.99252e+06	
      6317.314	     3.99249e+06	
      6318.250	     3.99215e+06	
      6320.281	     3.99139e+06	
      6323.249	     3.99033e+06	
      6328.247	     3.98847e+06	
      6333.246	     3.98662e+06	
      6338.245	     3.98473e+06	
      6343.243	     3.98285e+06	
      6348.242	     3.98096e+06	
      6353.241	     3.97902e+06	
      6358.239	     3.97710e+06	
      6363.238	     3.97512e+06	
      6368.236	     3.97314e+06	
      6373.235	     3.97113e+06	
      6378.234	     3.96912e+06	
      6383.232	     3.96705e+06	
      6388.231	     3.96497e+06	
      6393.230	     3.96287e+06	
      6398.228	     3.96070e+06	
      6403.227	     3.95853e+06	
      6408.226	     3.95630e+06	
      6413.224	     3.95404e+06	
      6418.223	     3.95175e+06	
      6423.222	     3.94939e+06	
      6428.220	     3.94697e+06	
      6433.219	     3.94452e+06	
      6438.218	     3.94198e+06	
      6443.216	     3.93934e+06	
      6448.215	     3.93664e+06	
      6453.214	     3.93381e+06	
      6458.212	     3.93085e+06	
      6463.211	     3.92781e+06	
      6468.210	     3.92457e+06	
      6473.208	     3.92118e+06	
      6478.207	     3.91757e+06	
      6483.205	     3.91370e+06	
      6488.204	     3.90955e+06	
      6493.203	     3.90506e+06	
      6498.201	     3.90013e+06	
      6503.200	     3.89473e+06	
      6508.199	     3.88876e+06	
      6513.197	     3.88203e+06	
      6518.196	     3.87446e+06	
      6523.195	     3.86586e+06	
      6523.719	     3.86488e+06	
      6528.193	     3.85602e+06	
      6532.668	     3.84597e+06	
      6536.095	     3.83739e+06	
      6537.143	     3.83460e+06	
      6537.383	     3.83397e+06	
      6538.191	     3.83174e+06	
      6540.286	     3.82577e+06	
      6543.189	     3.81694e+06	
      6546.457	     3.80629e+06	
      6546.724	     3.80541e+06	
      6548.188	     3.80038e+06	
      6549.918	     3.79432e+06	
      6553.113	     3.78279e+06	
      6554.426	     3.77799e+06	
      6556.306	     3.77107e+06	
      6556.871	     3.76897e+06	
      6557.903	     3.76510e+06	
      6558.185	     3.76404e+06	
      6559.500	     3.75885e+06	
      6560.298	     3.75537e+06	
      6561.096	     3.75125e+06	
      6561.496	     3.74864e+06	
      6561.895	     3.74522e+06	
      6562.094	     3.74289e+06	
      6562.294	     3.73953e+06	
      6562.394	     3.73702e+06	
      6562.494	     3.73334e+06	
      6562.594	     3.72759e+06	
      6562.693	     3.72115e+06	
      6562.793	     3.71751e+06	
      6562.892	     3.72103e+06	
      6562.992	     3.72744e+06	
      6563.092	     3.73312e+06	
      6563.291	     3.73915e+06	
      6563.641	     3.74409e+06	
      6563.687	     3.74456e+06	
      6563.689	     3.74456e+06	
      6563.691	     3.74459e+06	
      6563.741	     3.74506e+06	
      6563.841	     3.74591e+06	
      6564.041	     3.74739e+06	
      6564.294	     3.74896e+06	
      6564.392	     3.74949e+06	
      6564.441	     3.74977e+06	
      6564.490	     3.75002e+06	
      6564.685	     3.75097e+06	
      6565.077	     3.75270e+06	
      6565.636	     3.75486e+06	
      6565.861	     3.75568e+06	
      6566.086	     3.75647e+06	
      6566.536	     3.75794e+06	
      6566.689	     3.75844e+06	
      6567.085	     3.75970e+06	
      6567.436	     3.76080e+06	
      6568.183	     3.76306e+06	
      6569.280	     3.76633e+06	
      6570.478	     3.76988e+06	
      6571.476	     3.77280e+06	
      6572.473	     3.77569e+06	
      6573.270	     3.77799e+06	
      6574.469	     3.78141e+06	
      6575.667	     3.78480e+06	
      6577.950	     3.79102e+06	
      6578.065	     3.79134e+06	
      6578.180	     3.79162e+06	
      6578.410	     3.79225e+06	
      6578.870	     3.79344e+06	
      6579.789	     3.79583e+06	
      6580.079	     3.79655e+06	
      6581.629	     3.80038e+06	
      6583.178	     3.80403e+06	
      6584.378	     3.80673e+06	
      6586.278	     3.81081e+06	
      6587.911	     3.81408e+06	
      6588.177	     3.81458e+06	
      6588.443	     3.81512e+06	
      6588.975	     3.81609e+06	
      6590.039	     3.81804e+06	
      6591.023	     3.81977e+06	
      6592.166	     3.82168e+06	
      6593.014	     3.82304e+06	
      6593.309	     3.82351e+06	
      6595.594	     3.82690e+06	
      6598.174	     3.83032e+06	
      6603.335	     3.83604e+06	
      6613.656	     3.84386e+06	
      6634.299	     3.84993e+06	
      6654.941	     3.84914e+06	
      6680.975	     3.84349e+06	
      6696.226	     3.83887e+06	
      6711.477	     3.83365e+06	
      6741.979	     3.82222e+06	
      6781.185	     3.80620e+06	
      6802.982	     3.79683e+06	
      6824.779	     3.78728e+06	
      6868.373	     3.76784e+06	
      6955.562	     3.72744e+06	
      6976.354	     3.71757e+06	
      7042.750	     3.68553e+06	
      7109.146	     3.65282e+06	
      7175.542	     3.61987e+06	
      7241.938	     3.58641e+06	
      7308.334	     3.55248e+06	
      7355.946	     3.52788e+06	
      7374.730	     3.51830e+06	
      7393.514	     3.50850e+06	
      7431.082	     3.48905e+06	
      7506.218	     3.44985e+06	
      7581.353	     3.41029e+06	
      7635.097	     3.38183e+06	
      7656.489	     3.37046e+06	
      7677.881	     3.35905e+06	
      7720.666	     3.33647e+06	
      7806.234	     3.29113e+06	
      7821.358	     3.28309e+06	
      7891.803	     3.24561e+06	
      7962.248	     3.20804e+06	
      7982.837	     3.19714e+06	
      8032.693	     3.17068e+06	
      8082.550	     3.14426e+06	
      8161.675	     3.10248e+06	
      8182.262	     3.09161e+06	
      8200.850	     3.08181e+06	
      8202.850	     3.08075e+06	
      8204.849	     3.07970e+06	
      8208.848	     3.07760e+06	
      8216.846	     3.07340e+06	
      8232.842	     3.06501e+06	
      8264.833	     3.04824e+06	
      8289.715	     3.03521e+06	
      8328.816	     3.01474e+06	
      8343.441	     3.00710e+06	
      8367.916	     2.99431e+06	
      8371.465	     2.99246e+06	
      8388.684	     2.98353e+06	
      8392.391	     2.98160e+06	
      8408.650	     2.97318e+06	
      8413.318	     2.97075e+06	
      8432.024	     2.96106e+06	
      8437.951	     2.95799e+06	
      8467.252	     2.94283e+06	
      8473.978	     2.93936e+06	
      8502.481	     2.92464e+06	
      8516.584	     2.91736e+06	
      8530.983	     2.90994e+06	
      8545.382	     2.90258e+06	
      8549.972	     2.90024e+06	
      8574.180	     2.88788e+06	
      8598.388	     2.87555e+06	
      8628.597	     2.86018e+06	
      8646.805	     2.85093e+06	
      8652.391	     2.84810e+06	
      8665.013	     2.84169e+06	
      8685.587	     2.83133e+06	
      8701.429	     2.82331e+06	
      8750.468	     2.79856e+06	
      8767.917	     2.78977e+06	
      8815.350	     2.76595e+06	
      8862.782	     2.74246e+06	
      8900.383	     2.72391e+06	
      8957.646	     2.69577e+06	
      9014.908	     2.66777e+06	
      9044.624	     2.65331e+06	
      9072.171	     2.63994e+06	
      9099.717	     2.62661e+06	
      9154.810	     2.60033e+06	
      9190.798	     2.58324e+06	
      9209.903	     2.57420e+06	
      9229.009	     2.56517e+06	
      9267.221	     2.54718e+06	
      9303.204	     2.53030e+06	
      9343.644	     2.51142e+06	
      9384.084	     2.49263e+06	
      9464.964	     2.45570e+06	
      9545.723	     2.41917e+06	
      9545.844	     2.41912e+06	
      9545.965	     2.41906e+06	
      9546.207	     2.41895e+06	
      9546.691	     2.41874e+06	
      9546.866	     2.41866e+06	
      9547.658	     2.41830e+06	
      9549.594	     2.41743e+06	
      9553.465	     2.41569e+06	
      9561.207	     2.41222e+06	
      9576.691	     2.40527e+06	
      9607.658	     2.39142e+06	
      9668.451	     2.36440e+06	
      9729.243	     2.33787e+06	
      9790.036	     2.31154e+06	
      9850.828	     2.28544e+06	
      9870.422	     2.27708e+06	
      9911.620	     2.25956e+06	
      9952.819	     2.24215e+06	
     10021.070	     2.21382e+06	
     10035.217	     2.20798e+06	
     10049.364	     2.20215e+06	
     10077.658	     2.19054e+06	
     10134.247	     2.16746e+06	
     10144.484	     2.16330e+06	
     10190.835	     2.14457e+06	
     10237.187	     2.12597e+06	
     10329.890	     2.09006e+06	
     10422.592	     2.05463e+06	
     10515.295	     2.01970e+06	
     10607.998	     1.98526e+06	
     10700.701	     1.95133e+06	
     10793.403	     1.91790e+06	
     10834.127	     1.90337e+06	
     10886.106	     1.88496e+06	
     10938.085	     1.86670e+06	
     10990.064	     1.84865e+06	
     11042.043	     1.83074e+06	
     11094.022	     1.81299e+06	
     11146.000	     1.79540e+06	
     11197.979	     1.77796e+06	
     11239.008	     1.76431e+06	
     11249.958	     1.76068e+06	
     11260.908	     1.75706e+06	
     11282.808	     1.75014e+06	
     11326.608	     1.73638e+06	
     11414.209	     1.70914e+06	
     11501.809	     1.68229e+06	
     11589.411	     1.65581e+06	
     11677.011	     1.62973e+06	
     11764.612	     1.60404e+06	
     11852.212	     1.57873e+06	
     11939.813	     1.55381e+06	
     12027.413	     1.52926e+06	
     12115.014	     1.50510e+06	
     12120.600	     1.50357e+06	
     12202.614	     1.48131e+06	
     12284.629	     1.45938e+06	
     12366.644	     1.43885e+06	
     12448.658	     1.41859e+06	
     12530.673	     1.39860e+06	
     12612.688	     1.37887e+06	
     12694.701	     1.35939e+06	
     12735.367	     1.34981e+06	
     12776.716	     1.34012e+06	
     12818.066	     1.33049e+06	
     12900.764	     1.31167e+06	
     12983.464	     1.29306e+06	
     13066.162	     1.27469e+06	
     13148.861	     1.25656e+06	
     13154.771	     1.25528e+06	
     13231.560	     1.23869e+06	
     13308.350	     1.22233e+06	
     13385.140	     1.20724e+06	
     13461.929	     1.19232e+06	
     13538.719	     1.17757e+06	
     13615.509	     1.16300e+06	
     13692.299	     1.14860e+06	
     13769.088	     1.13437e+06	
     13845.878	     1.12031e+06	
     13922.668	     1.10642e+06	
     13999.458	     1.09270e+06	
     14076.247	     1.07915e+06	
     14153.038	     1.06576e+06	
     14229.828	     1.05254e+06	
     14281.164	     1.04379e+06	
     14306.618	     1.03948e+06	
     14332.071	     1.03519e+06	
     14382.978	     1.02703e+06	
     14410.128	     1.02270e+06	
     14427.096	     1.02001e+06	
     14433.884	     1.01893e+06	
     14457.640	     1.01517e+06	
     14505.152	     1.00778e+06	
     14581.211	     9.96036e+05	
     14583.210	     9.95731e+05	
     14585.210	     9.95426e+05	
     14589.208	     9.94839e+05	
     14597.206	     9.93667e+05	
     14613.202	     9.91330e+05	
     14645.193	     9.86667e+05	
     14709.176	     9.77397e+05	
     14773.158	     9.68198e+05	
     14837.141	     9.59069e+05	
     14901.123	     9.50014e+05	
     14965.106	     9.41036e+05	
     15029.088	     9.32129e+05	
     15093.071	     9.23298e+05	
     15157.054	     9.14536e+05	
     15221.036	     9.05850e+05	
     15285.019	     8.97242e+05	
     15349.001	     8.88706e+05	
     15412.984	     8.80246e+05	
     15471.572	     8.72562e+05	
     15476.966	     8.71855e+05	
     15482.361	     8.71151e+05	
     15493.150	     8.69728e+05	
     15514.728	     8.66888e+05	
     15557.884	     8.61230e+05	
     15644.197	     8.50014e+05	
     15730.509	     8.38937e+05	
     15816.821	     8.27992e+05	
     15903.134	     8.17175e+05	
     15989.446	     8.06491e+05	
     16075.759	     7.95944e+05	
     16162.071	     7.85533e+05	
     16248.384	     7.75248e+05	
     16289.880	     7.70353e+05	
     16334.696	     7.65097e+05	
     16379.512	     7.59879e+05	
     16469.143	     7.47240e+05	
     16558.775	     7.34853e+05	
     16648.406	     7.22714e+05	
     16738.038	     7.10820e+05	
     16827.669	     6.99158e+05	
     16917.301	     6.87729e+05	
     17006.933	     6.76526e+05	
     17096.564	     6.65540e+05	
     17186.196	     6.54774e+05	
     17275.827	     6.44215e+05	
     17327.685	     6.38202e+05	
     17365.459	     6.33867e+05	
     17403.232	     6.29563e+05	
     17478.780	     6.21055e+05	
     17554.327	     6.12689e+05	
     17629.874	     6.04458e+05	
     17705.422	     5.96362e+05	
     17780.969	     5.88395e+05	
     17856.517	     5.80557e+05	
     17932.064	     5.72847e+05	
     18007.611	     5.65085e+05	
     18083.159	     5.57589e+05	
     18158.706	     5.50203e+05	
     18234.253	     5.42924e+05	
     18309.801	     5.35736e+05	
     18343.743	     5.32535e+05	
     18385.348	     5.28633e+05	
     18426.953	     5.24753e+05	
     18510.162	     5.17034e+05	
     18593.371	     5.09346e+05	
     18602.053	     5.08545e+05	
     18676.581	     5.01687e+05	
     18751.108	     4.95011e+05	
     18825.636	     4.89067e+05	
     18900.163	     4.83277e+05	
     18974.691	     4.77481e+05	
     19049.219	     4.71682e+05	
     19123.746	     4.65908e+05	
     19198.274	     4.60177e+05	
     19272.802	     4.54510e+05	
     19347.329	     4.48912e+05	
     19393.041	     4.45512e+05	
     19421.857	     4.43382e+05	
     19450.673	     4.41268e+05	
     19508.305	     4.37068e+05	
     19565.938	     4.33012e+05	
     19623.570	     4.28893e+05	
     19681.202	     4.24822e+05	
     19738.834	     4.20797e+05	
     19796.467	     4.16820e+05	
     19854.099	     4.12887e+05	
     19911.731	     4.09001e+05	
     19969.363	     4.05159e+05	
     20026.996	     4.01364e+05	
     20084.628	     3.97609e+05	
     20142.260	     3.93896e+05	
     20199.892	     3.90230e+05	
     20257.525	     3.86601e+05	
     20315.157	     3.83017e+05	
     20372.789	     3.79470e+05	
     20386.449	     3.78637e+05	
     20430.421	     3.75967e+05	
     20474.393	     3.73319e+05	
     20562.337	     3.68094e+05	
     20650.280	     3.62958e+05	
     20738.224	     3.57909e+05	
     20826.167	     3.52949e+05	
     20914.111	     3.48070e+05	
     21002.055	     3.43276e+05	
     21089.998	     3.38560e+05	
     21177.942	     3.33923e+05	
     21265.885	     3.29368e+05	
     21353.829	     3.24885e+05	
     21441.773	     3.20477e+05	
     21529.716	     3.16145e+05	
     21604.704	     3.12506e+05	
     21617.660	     3.11882e+05	
     21630.617	     3.11261e+05	
     21656.529	     3.10021e+05	
     21708.356	     3.07562e+05	
     21760.182	     3.05126e+05	
     21812.008	     3.02714e+05	
     21863.835	     3.00325e+05	
     21915.661	     2.97960e+05	
     21967.487	     2.95617e+05	
     22019.313	     2.93297e+05	
     22071.139	     2.90999e+05	
     22122.966	     2.88723e+05	
     22174.792	     2.86469e+05	
     22226.619	     2.84237e+05	
     22278.445	     2.82026e+05	
     22330.271	     2.79836e+05	
     22382.097	     2.77667e+05	
     22433.923	     2.75519e+05	
     22485.750	     2.73391e+05	
     22537.576	     2.71283e+05	
     22589.403	     2.69196e+05	
     22641.228	     2.67127e+05	
     22693.054	     2.65079e+05	
     22702.925	     2.64691e+05	
     22744.881	     2.63050e+05	
     22784.838	     2.61498e+05	
     22786.838	     2.61421e+05	
     22788.837	     2.61344e+05	
     22792.836	     2.61189e+05	
     22800.834	     2.60881e+05	
     22816.829	     2.60265e+05	
     22848.821	     2.59038e+05	
     22912.803	     2.56607e+05	
     22976.786	     2.54204e+05	
     23040.768	     2.51828e+05	
     23104.751	     2.49480e+05	
     23168.733	     2.47158e+05	
     23232.716	     2.44863e+05	
     23296.698	     2.42594e+05	
     23360.681	     2.40351e+05	
     23424.663	     2.38134e+05	
     23488.646	     2.35941e+05	
     23552.628	     2.33774e+05	
     23616.611	     2.31631e+05	
     23680.593	     2.29512e+05	
     23744.576	     2.27417e+05	
     23808.558	     2.25346e+05	
     23872.541	     2.23297e+05	
     23936.523	     2.21272e+05	
     24000.506	     2.19269e+05	
     24064.488	     2.17289e+05	
     24128.471	     2.15330e+05	
     24192.453	     2.13394e+05	
     24256.436	     2.11479e+05	
     24320.419	     2.09584e+05	
     24384.401	     2.07711e+05	
     24448.384	     2.05858e+05	
     24512.366	     2.04026e+05	
     24576.349	     2.02214e+05	
     24640.331	     2.00421e+05	
     24704.314	     1.98649e+05	
     24768.296	     1.96895e+05	
     24832.279	     1.95160e+05	
     24896.261	     1.93445e+05	
     24960.244	     1.91747e+05	
     25004.437	     1.90586e+05	
     25024.226	     1.90069e+05	
     25044.016	     1.89553e+05	
     25083.595	     1.88528e+05	
     25162.753	     1.86497e+05	
     25241.912	     1.84493e+05	
     25321.070	     1.82516e+05	
     25400.228	     1.80566e+05	
     25479.387	     1.78640e+05	
     25558.545	     1.76740e+05	
     25637.703	     1.74865e+05	
     25716.862	     1.73015e+05	
     25796.020	     1.71188e+05	
     25875.179	     1.69386e+05	
     25954.337	     1.67606e+05	
     26033.495	     1.65850e+05	
     26112.654	     1.64116e+05	
     26191.812	     1.62405e+05	
     26270.970	     1.60716e+05	
     26350.129	     1.59048e+05	
     26429.287	     1.57402e+05	
     26508.445	     1.55777e+05	
     26587.604	     1.54173e+05	
     26666.762	     1.52588e+05	
     26745.921	     1.51025e+05	
     26825.079	     1.49480e+05	
     26904.237	     1.47955e+05	
     26983.396	     1.46450e+05	
     27062.554	     1.44963e+05	
     27141.712	     1.43495e+05	
     27142.547	     1.43479e+05	
     27220.871	     1.42045e+05	
     27299.194	     1.40628e+05	
     27377.518	     1.39230e+05	
     27455.842	     1.37848e+05	
     27534.165	     1.36484e+05	
     27612.489	     1.35136e+05	
     27690.812	     1.33805e+05	
     27769.136	     1.32489e+05	
     27847.459	     1.31190e+05	
     27925.783	     1.29906e+05	
     28004.107	     1.28638e+05	
     28082.430	     1.27386e+05	
     28160.754	     1.26148e+05	
     28239.077	     1.24925e+05	
     28317.401	     1.23717e+05	
     28395.725	     1.22523e+05	
     28474.048	     1.21343e+05	
     28552.372	     1.20178e+05	
     28630.695	     1.19026e+05	
     28709.019	     1.17888e+05	
     28787.343	     1.16763e+05	
     28865.666	     1.15651e+05	
     28943.990	     1.14553e+05	
     29022.313	     1.13468e+05	
     29100.637	     1.12395e+05	
     29178.961	     1.11335e+05	
     29257.284	     1.10287e+05	
     29335.608	     1.09251e+05	
     29413.931	     1.08228e+05	
     29492.255	     1.07216e+05	
     29570.578	     1.06216e+05	
     29648.902	     1.05227e+05	
     29727.226	     1.04250e+05	
     29805.549	     1.03284e+05	
     29883.873	     1.02329e+05	
     29932.600	     1.01741e+05	
     29962.196	     1.01385e+05	
     29991.792	     1.01031e+05	
#time:0.047125
