# Koester WD models
# teff = 5500 K (value for the effective temperature for the model. Temperatures are given in K)
# logg = 8.75 log(cm/s2) (value for Log(G) for the model.)
#
#   WAVELENGTH	#           FLUX	
#   (ANGSTROM)	#  (ERG/CM2/S/A)	
##############	################	
       899.230	     3.38601e-03	
       899.665	     3.43574e-03	
       900.537	     3.53724e-03	
       902.280	     3.74864e-03	
       903.810	     3.94389e-03	
       904.023	     3.97173e-03	
       904.235	     3.99978e-03	
       904.661	     4.05639e-03	
       905.511	     4.17188e-03	
       907.212	     4.41208e-03	
       908.584	     4.61516e-03	
       908.912	     4.66505e-03	
       909.241	     4.71544e-03	
       909.764	     4.79671e-03	
       909.897	     4.81770e-03	
       910.032	     4.83881e-03	
       910.299	     4.88125e-03	
       910.834	     4.96714e-03	
       911.777	     5.12183e-03	
       911.906	     5.14320e-03	
       912.034	     5.16465e-03	
       912.290	     5.20779e-03	
       912.321	     5.21300e-03	
       912.803	     5.29506e-03	
       913.037	     5.33543e-03	
       913.241	     5.37084e-03	
       913.284	     5.37834e-03	
       913.478	     5.41224e-03	
       913.531	     5.42154e-03	
       913.755	     5.46084e-03	
       913.822	     5.47272e-03	
       914.080	     5.51858e-03	
       914.165	     5.53379e-03	
       914.499	     5.59386e-03	
       914.575	     5.60762e-03	
       915.071	     5.69797e-03	
       915.540	     5.78483e-03	
       915.609	     5.79753e-03	
       915.643	     5.80387e-03	
       915.677	     5.81025e-03	
       915.741	     5.82225e-03	
       915.813	     5.83576e-03	
       916.085	     5.88712e-03	
       916.429	     5.95266e-03	
       916.858	     6.03516e-03	
       917.118	     6.08577e-03	
       917.196	     6.10104e-03	
       917.378	     6.13679e-03	
       917.899	     6.24002e-03	
       917.952	     6.25064e-03	
       918.287	     6.31809e-03	
       918.602	     6.38193e-03	
       919.251	     6.51579e-03	
       920.215	     6.71918e-03	
       921.882	     7.08445e-03	
       921.999	     7.11093e-03	
       922.143	     7.14373e-03	
       922.405	     7.20317e-03	
       922.810	     7.29569e-03	
       923.621	     7.48114e-03	
       925.001	     7.81584e-03	
       925.242	     7.87855e-03	
       925.484	     7.93865e-03	
       925.564	     7.95869e-03	
       925.966	     8.05514e-03	
       926.164	     8.09818e-03	
       926.369	     8.14379e-03	
       927.173	     8.33031e-03	
       927.276	     8.35485e-03	
       928.182	     8.57997e-03	
       928.917	     8.78493e-03	
       928.980	     8.80500e-03	
       929.089	     8.84041e-03	
       929.261	     8.90114e-03	
       929.317	     8.92149e-03	
       929.543	     9.00582e-03	
       929.655	     9.04408e-03	
       929.769	     9.07829e-03	
       929.827	     9.09479e-03	
       929.883	     9.11068e-03	
       929.910	     9.11835e-03	
       929.939	     9.12658e-03	
       929.954	     9.13085e-03	
       929.968	     9.13484e-03	
       929.982	     9.13883e-03	
       929.996	     9.14282e-03	
       930.010	     9.14681e-03	
       930.024	     9.15080e-03	
       930.038	     9.15479e-03	
       930.052	     9.15878e-03	
       930.081	     9.16707e-03	
       930.137	     9.18306e-03	
       930.201	     9.20141e-03	
       930.247	     9.21454e-03	
       930.249	     9.21511e-03	
       930.251	     9.21567e-03	
       930.301	     9.22962e-03	
       930.326	     9.23600e-03	
       930.329	     9.23679e-03	
       930.402	     9.25447e-03	
       930.478	     9.27034e-03	
       930.630	     9.29456e-03	
       930.931	     9.33465e-03	
       931.229	     9.37712e-03	
       931.534	     9.42773e-03	
       931.838	     9.48406e-03	
       932.142	     9.50649e-03	
       932.447	     9.56668e-03	
       932.707	     9.62914e-03	
       932.751	     9.64032e-03	
       933.055	     9.72015e-03	
       933.265	     9.77843e-03	
       933.403	     9.81801e-03	
       933.432	     9.82615e-03	
       933.542	     9.85847e-03	
       933.652	     9.89137e-03	
       933.872	     9.95872e-03	
       933.973	     9.99055e-03	
       934.073	     1.00227e-02	
       934.312	     1.01020e-02	
       934.652	     1.02224e-02	
       934.941	     1.03323e-02	
       935.230	     1.04518e-02	
       935.473	     1.05641e-02	
       935.520	     1.05860e-02	
       935.688	     1.06730e-02	
       935.809	     1.07389e-02	
       936.144	     1.09379e-02	
       936.372	     1.10784e-02	
       936.601	     1.12016e-02	
       936.714	     1.12495e-02	
       936.829	     1.12909e-02	
       936.887	     1.13111e-02	
       936.944	     1.13309e-02	
       936.973	     1.13410e-02	
       937.001	     1.13507e-02	
       937.015	     1.13556e-02	
       937.029	     1.13604e-02	
       937.043	     1.13653e-02	
       937.058	     1.13706e-02	
       937.072	     1.13754e-02	
       937.086	     1.13803e-02	
       937.101	     1.13855e-02	
       937.115	     1.13904e-02	
       937.143	     1.14002e-02	
       937.200	     1.14201e-02	
       937.314	     1.14601e-02	
       937.493	     1.15173e-02	
       937.542	     1.15296e-02	
       937.593	     1.15399e-02	
       937.694	     1.15557e-02	
       937.788	     1.15643e-02	
       937.894	     1.15712e-02	
       938.000	     1.15752e-02	
       938.212	     1.15851e-02	
       938.359	     1.15966e-02	
       938.556	     1.16142e-02	
       938.636	     1.16241e-02	
       938.914	     1.16697e-02	
       939.271	     1.17459e-02	
       939.628	     1.18404e-02	
       939.986	     1.19412e-02	
       940.580	     1.21325e-02	
       940.660	     1.21601e-02	
       940.675	     1.21653e-02	
       940.700	     1.21741e-02	
       940.740	     1.21881e-02	
       940.787	     1.22052e-02	
       940.901	     1.22467e-02	
       941.221	     1.23674e-02	
       941.861	     1.26188e-02	
       943.048	     1.31021e-02	
       943.457	     1.32836e-02	
       944.382	     1.36738e-02	
       945.308	     1.40598e-02	
       945.770	     1.42638e-02	
       946.233	     1.44876e-02	
       946.696	     1.47347e-02	
       947.158	     1.50254e-02	
       947.621	     1.53654e-02	
       948.083	     1.57465e-02	
       948.314	     1.59304e-02	
       948.546	     1.60836e-02	
       948.661	     1.61453e-02	
       948.777	     1.62020e-02	
       948.835	     1.62300e-02	
       948.893	     1.62582e-02	
       948.922	     1.62722e-02	
       948.951	     1.62863e-02	
       948.966	     1.62936e-02	
       948.980	     1.63004e-02	
       948.994	     1.63072e-02	
       949.009	     1.63145e-02	
       949.023	     1.63213e-02	
       949.037	     1.63281e-02	
       949.052	     1.63354e-02	
       949.066	     1.63423e-02	
       949.095	     1.63564e-02	
       949.153	     1.63847e-02	
       949.230	     1.64224e-02	
       949.258	     1.64361e-02	
       949.269	     1.64415e-02	
       949.280	     1.64468e-02	
       949.330	     1.64712e-02	
       949.360	     1.64857e-02	
       949.430	     1.65184e-02	
       949.500	     1.65477e-02	
       949.640	     1.65947e-02	
       949.795	     1.66294e-02	
       949.879	     1.66429e-02	
       949.921	     1.66492e-02	
       949.963	     1.66534e-02	
       950.047	     1.66627e-02	
       950.131	     1.66703e-02	
       950.467	     1.67108e-02	
       950.888	     1.67896e-02	
       951.308	     1.69095e-02	
       951.728	     1.70723e-02	
       952.149	     1.72637e-02	
       952.400	     1.73933e-02	
       952.569	     1.74857e-02	
       952.738	     1.75835e-02	
       953.076	     1.77878e-02	
       953.753	     1.82201e-02	
       954.198	     1.85244e-02	
       954.430	     1.86825e-02	
       955.106	     1.91547e-02	
       956.014	     1.98124e-02	
       956.370	     2.00868e-02	
       956.922	     2.05165e-02	
       957.830	     2.12346e-02	
       958.148	     2.14889e-02	
       959.289	     2.24116e-02	
       960.430	     2.33519e-02	
       961.192	     2.39897e-02	
       962.712	     2.52638e-02	
       964.231	     2.65612e-02	
       965.750	     2.79051e-02	
       966.507	     2.85841e-02	
       966.767	     2.88192e-02	
       967.269	     2.92749e-02	
       968.032	     2.99697e-02	
       968.668	     3.05484e-02	
       969.297	     3.11052e-02	
       969.611	     3.13690e-02	
       969.927	     3.16066e-02	
       970.238	     3.17942e-02	
       970.242	     3.17961e-02	
       970.397	     3.18532e-02	
       970.556	     3.18749e-02	
       970.715	     3.18400e-02	
       970.874	     3.17131e-02	
       971.033	     3.14605e-02	
       971.037	     3.14530e-02	
       971.193	     3.10619e-02	
       971.348	     3.05804e-02	
       971.421	     3.03955e-02	
       971.467	     3.03436e-02	
       971.503	     3.03454e-02	
       971.585	     3.05630e-02	
       971.644	     3.09054e-02	
       971.703	     3.13260e-02	
       971.732	     3.14901e-02	
       971.762	     3.15821e-02	
       971.778	     3.16032e-02	
       971.792	     3.16164e-02	
       971.806	     3.16289e-02	
       971.821	     3.16421e-02	
       971.827	     3.16478e-02	
       971.833	     3.16531e-02	
       971.836	     3.16556e-02	
       971.839	     3.16585e-02	
       971.851	     3.16691e-02	
       971.866	     3.16826e-02	
       971.880	     3.16952e-02	
       971.910	     3.17188e-02	
       971.969	     3.15944e-02	
       972.037	     3.12353e-02	
       972.087	     3.10292e-02	
       972.137	     3.09253e-02	
       972.150	     3.09235e-02	
       972.237	     3.10542e-02	
       972.324	     3.14131e-02	
       972.499	     3.22792e-02	
       972.548	     3.25054e-02	
       972.673	     3.30404e-02	
       972.798	     3.34834e-02	
       972.923	     3.38525e-02	
       973.048	     3.41623e-02	
       973.298	     3.46738e-02	
       973.351	     3.47699e-02	
       973.548	     3.50994e-02	
       973.746	     3.53970e-02	
       974.140	     3.59392e-02	
       974.217	     3.60400e-02	
       974.534	     3.64456e-02	
       974.821	     3.67987e-02	
       974.928	     3.69285e-02	
       975.640	     3.77739e-02	
       977.063	     3.94477e-02	
       979.305	     4.21564e-02	
       981.547	     4.49848e-02	
       983.653	     4.77758e-02	
       983.788	     4.79596e-02	
       983.923	     4.81440e-02	
       984.194	     4.85159e-02	
       984.734	     4.92668e-02	
       985.011	     4.96544e-02	
       985.815	     5.07948e-02	
       986.618	     5.19553e-02	
       987.139	     5.27181e-02	
       988.225	     5.43448e-02	
       989.312	     5.60143e-02	
       991.486	     5.94835e-02	
       993.439	     6.27656e-02	
       993.659	     6.31454e-02	
       993.880	     6.35274e-02	
       994.320	     6.42971e-02	
       995.200	     6.58610e-02	
       995.477	     6.63573e-02	
       996.962	     6.90833e-02	
       997.574	     7.02372e-02	
       997.806	     7.06789e-02	
       998.447	     7.19107e-02	
       999.319	     7.36191e-02	
       999.435	     7.38494e-02	
      1001.064	     7.71487e-02	
      1002.694	     8.05784e-02	
      1004.323	     8.41425e-02	
      1005.836	     8.75779e-02	
      1005.952	     8.78465e-02	
      1007.581	     9.16943e-02	
      1009.326	     9.59816e-02	
      1011.071	     1.00436e-01	
      1011.303	     1.01042e-01	
      1012.816	     1.05072e-01	
      1014.329	     1.09242e-01	
      1015.378	     1.12220e-01	
      1015.842	     1.13566e-01	
      1017.355	     1.18021e-01	
      1017.620	     1.18836e-01	
      1019.046	     1.23173e-01	
      1019.332	     1.24043e-01	
      1020.046	     1.26211e-01	
      1021.044	     1.29183e-01	
      1021.544	     1.30585e-01	
      1022.043	     1.31878e-01	
      1022.543	     1.32961e-01	
      1022.993	     1.33503e-01	
      1023.043	     1.33517e-01	
      1023.093	     1.33534e-01	
      1023.193	     1.33542e-01	
      1023.393	     1.33359e-01	
      1023.545	     1.33003e-01	
      1023.593	     1.32876e-01	
      1023.669	     1.32659e-01	
      1023.793	     1.32210e-01	
      1023.917	     1.31552e-01	
      1023.991	     1.31075e-01	
      1024.041	     1.30729e-01	
      1024.091	     1.30362e-01	
      1024.191	     1.29545e-01	
      1024.242	     1.29082e-01	
      1024.290	     1.28655e-01	
      1024.391	     1.27729e-01	
      1024.415	     1.27492e-01	
      1024.540	     1.26366e-01	
      1024.666	     1.25857e-01	
      1024.791	     1.27022e-01	
      1024.852	     1.28316e-01	
      1024.915	     1.29881e-01	
      1024.947	     1.30490e-01	
      1024.978	     1.30821e-01	
      1024.993	     1.30897e-01	
      1025.009	     1.30954e-01	
      1025.025	     1.31006e-01	
      1025.040	     1.31056e-01	
      1025.056	     1.31109e-01	
      1025.072	     1.31162e-01	
      1025.087	     1.31211e-01	
      1025.103	     1.31264e-01	
      1025.134	     1.31365e-01	
      1025.196	     1.31164e-01	
      1025.271	     1.29875e-01	
      1025.320	     1.29037e-01	
      1025.371	     1.28501e-01	
      1025.471	     1.28451e-01	
      1025.521	     1.28853e-01	
      1025.571	     1.29485e-01	
      1025.621	     1.30226e-01	
      1025.721	     1.31869e-01	
      1025.772	     1.32698e-01	
      1025.921	     1.35094e-01	
      1026.070	     1.37349e-01	
      1026.219	     1.39379e-01	
      1026.369	     1.41215e-01	
      1026.518	     1.42776e-01	
      1026.667	     1.44219e-01	
      1026.861	     1.45999e-01	
      1026.965	     1.46779e-01	
      1027.069	     1.47525e-01	
      1027.277	     1.48962e-01	
      1027.693	     1.51400e-01	
      1028.110	     1.53532e-01	
      1028.817	     1.56843e-01	
      1028.942	     1.57402e-01	
      1029.067	     1.57957e-01	
      1029.254	     1.58786e-01	
      1029.296	     1.58972e-01	
      1029.317	     1.59065e-01	
      1029.338	     1.59158e-01	
      1029.422	     1.59523e-01	
      1029.590	     1.60251e-01	
      1029.927	     1.61706e-01	
      1030.599	     1.64606e-01	
      1030.701	     1.65046e-01	
      1031.944	     1.70376e-01	
      1033.187	     1.75769e-01	
      1035.079	     1.84206e-01	
      1035.560	     1.86412e-01	
      1035.672	     1.86929e-01	
      1036.265	     1.89690e-01	
      1037.452	     1.95309e-01	
      1039.344	     2.04552e-01	
      1041.236	     2.14143e-01	
      1041.909	     2.17652e-01	
      1043.128	     2.24135e-01	
      1044.347	     2.30791e-01	
      1046.784	     2.44643e-01	
      1049.093	     2.58454e-01	
      1049.221	     2.59240e-01	
      1049.349	     2.60028e-01	
      1049.606	     2.61617e-01	
      1050.118	     2.64820e-01	
      1051.142	     2.71334e-01	
      1052.031	     2.77099e-01	
      1053.191	     2.84799e-01	
      1053.992	     2.90221e-01	
      1054.352	     2.92692e-01	
      1056.673	     3.09076e-01	
      1059.355	     3.29035e-01	
      1059.715	     3.31793e-01	
      1062.036	     3.50080e-01	
      1064.357	     3.69285e-01	
      1066.678	     3.89422e-01	
      1068.639	     4.07188e-01	
      1068.679	     4.07562e-01	
      1068.999	     4.10531e-01	
      1069.359	     4.13899e-01	
      1070.080	     4.20750e-01	
      1071.520	     4.34759e-01	
      1074.362	     4.63636e-01	
      1075.042	     4.70802e-01	
      1077.203	     4.94245e-01	
      1079.364	     5.18743e-01	
      1080.608	     5.33248e-01	
      1081.525	     5.44177e-01	
      1082.442	     5.55311e-01	
      1082.649	     5.57849e-01	
      1084.277	     5.78191e-01	
      1085.905	     5.99202e-01	
      1088.953	     6.40395e-01	
      1089.160	     6.43295e-01	
      1089.368	     6.46207e-01	
      1089.784	     6.52100e-01	
      1090.186	     6.57837e-01	
      1090.615	     6.64035e-01	
      1092.278	     6.88496e-01	
      1094.370	     7.20443e-01	
      1096.463	     7.53737e-01	
      1097.739	     7.74714e-01	
      1098.555	     7.88420e-01	
      1099.372	     8.02350e-01	
      1101.006	     8.30725e-01	
      1104.173	     8.88336e-01	
      1104.273	     8.90227e-01	
      1104.374	     8.92121e-01	
      1104.576	     8.95916e-01	
      1104.979	     9.03560e-01	
      1105.411	     9.11841e-01	
      1105.783	     9.19010e-01	
      1107.394	     9.50605e-01	
      1109.376	     9.90839e-01	
      1111.359	     1.03315e+00	
      1112.304	     1.05390e+00	
      1113.342	     1.07709e+00	
      1113.524	     1.08120e+00	
      1114.378	     1.10073e+00	
      1116.452	     1.14944e+00	
      1118.684	     1.20403e+00	
      1119.380	     1.22154e+00	
      1120.076	     1.23927e+00	
      1121.469	     1.27544e+00	
      1123.778	     1.33751e+00	
      1124.254	     1.35058e+00	
      1124.730	     1.36369e+00	
      1125.682	     1.39024e+00	
      1125.790	     1.39328e+00	
      1127.075	     1.42990e+00	
      1127.587	     1.44474e+00	
      1127.845	     1.45227e+00	
      1129.384	     1.49791e+00	
      1129.769	     1.50953e+00	
      1131.692	     1.56880e+00	
      1133.616	     1.63011e+00	
      1135.540	     1.69350e+00	
      1139.387	     1.82661e+00	
      1142.080	     1.92482e+00	
      1143.234	     1.96822e+00	
      1144.004	     1.99758e+00	
      1144.388	     2.01237e+00	
      1146.697	     2.10282e+00	
      1149.390	     2.21177e+00	
      1154.391	     2.42153e+00	
      1159.393	     2.63686e+00	
      1164.394	     2.85191e+00	
      1169.395	     3.06409e+00	
      1171.896	     3.16811e+00	
      1173.146	     3.22202e+00	
      1174.397	     3.27954e+00	
      1175.647	     3.34278e+00	
      1176.897	     3.41073e+00	
      1177.860	     3.46722e+00	
      1178.148	     3.48456e+00	
      1179.398	     3.56269e+00	
      1180.936	     3.66589e+00	
      1182.475	     3.77390e+00	
      1182.858	     3.80167e+00	
      1184.013	     3.88624e+00	
      1185.168	     3.97198e+00	
      1185.558	     4.00113e+00	
      1187.479	     4.14784e+00	
      1189.400	     4.29896e+00	
      1192.085	     4.51802e+00	
      1193.243	     4.61591e+00	
      1194.034	     4.68399e+00	
      1194.402	     4.71603e+00	
      1196.718	     4.92247e+00	
      1196.902	     4.93905e+00	
      1199.403	     5.16915e+00	
      1201.903	     5.41168e+00	
      1204.404	     5.67453e+00	
      1206.904	     5.95929e+00	
      1208.485	     6.14857e+00	
      1209.405	     6.26298e+00	
      1210.325	     6.37913e+00	
      1211.639	     6.54626e+00	
      1212.165	     6.61195e+00	
      1212.691	     6.67570e+00	
      1213.613	     6.78430e+00	
      1213.744	     6.79973e+00	
      1213.807	     6.80717e+00	
      1213.875	     6.81521e+00	
      1214.137	     6.84622e+00	
      1214.171	     6.85027e+00	
      1214.467	     6.88549e+00	
      1214.615	     6.90315e+00	
      1214.763	     6.92087e+00	
      1214.837	     6.92973e+00	
      1214.911	     6.93862e+00	
      1214.948	     6.94308e+00	
      1214.985	     6.94751e+00	
      1215.004	     6.94980e+00	
      1215.022	     6.95197e+00	
      1215.040	     6.95414e+00	
      1215.059	     6.95643e+00	
      1215.077	     6.95860e+00	
      1215.095	     6.96076e+00	
      1215.114	     6.96303e+00	
      1215.132	     6.96519e+00	
      1215.169	     6.96965e+00	
      1215.243	     6.97861e+00	
      1215.391	     6.99648e+00	
      1215.637	     7.02630e+00	
      1215.687	     7.03236e+00	
      1215.737	     7.03846e+00	
      1215.795	     7.04552e+00	
      1215.837	     7.05061e+00	
      1216.037	     7.07502e+00	
      1216.064	     7.07832e+00	
      1216.279	     7.10465e+00	
      1216.763	     7.16424e+00	
      1217.462	     7.25067e+00	
      1218.315	     7.35265e+00	
      1218.861	     7.41366e+00	
      1218.985	     7.42685e+00	
      1219.407	     7.47058e+00	
      1219.829	     7.51334e+00	
      1220.104	     7.54023e+00	
      1220.673	     7.59499e+00	
      1222.361	     7.76335e+00	
      1224.619	     8.01335e+00	
      1226.876	     8.29230e+00	
      1228.858	     8.55877e+00	
      1229.134	     8.59731e+00	
      1229.409	     8.63561e+00	
      1229.740	     8.68211e+00	
      1229.959	     8.71314e+00	
      1230.178	     8.74437e+00	
      1230.616	     8.80758e+00	
      1231.492	     8.93595e+00	
      1231.694	     8.96595e+00	
      1233.244	     9.19984e+00	
      1234.794	     9.44067e+00	
      1236.380	     9.69222e+00	
      1237.895	     9.93931e+00	
      1239.410	     1.01931e+01	
      1240.470	     1.03748e+01	
      1242.441	     1.07184e+01	
      1244.411	     1.10740e+01	
      1247.291	     1.16110e+01	
      1248.352	     1.18145e+01	
      1248.652	     1.18726e+01	
      1249.412	     1.20208e+01	
      1251.532	     1.24428e+01	
      1251.912	     1.25199e+01	
      1254.413	     1.30382e+01	
      1256.913	     1.35776e+01	
      1259.413	     1.41398e+01	
      1261.914	     1.47278e+01	
      1264.414	     1.53466e+01	
      1266.914	     1.60004e+01	
      1269.415	     1.66846e+01	
      1271.915	     1.74074e+01	
      1274.415	     1.81627e+01	
      1276.915	     1.89438e+01	
      1279.416	     1.97564e+01	
      1281.916	     2.05882e+01	
      1284.416	     2.14416e+01	
      1286.917	     2.23256e+01	
      1289.417	     2.32385e+01	
      1294.417	     2.51188e+01	
      1296.918	     2.61040e+01	
      1299.418	     2.71232e+01	
      1301.918	     2.81914e+01	
      1304.418	     2.92965e+01	
      1309.419	     3.16016e+01	
      1314.419	     3.40165e+01	
      1319.420	     3.65970e+01	
      1321.920	     3.79539e+01	
      1324.420	     3.93594e+01	
      1326.920	     4.08322e+01	
      1329.420	     4.23540e+01	
      1334.421	     4.54771e+01	
      1339.421	     4.87720e+01	
      1341.921	     5.04860e+01	
      1344.421	     5.22535e+01	
      1346.921	     5.41108e+01	
      1349.421	     5.60319e+01	
      1354.422	     6.00588e+01	
      1359.422	     6.43448e+01	
      1364.422	     6.87924e+01	
      1365.191	     6.94930e+01	
      1369.422	     7.34592e+01	
      1373.653	     7.76391e+01	
      1376.346	     8.04399e+01	
      1377.884	     8.20791e+01	
      1379.422	     8.37520e+01	
      1380.574	     8.50244e+01	
      1382.499	     8.71874e+01	
      1384.423	     8.94069e+01	
      1387.119	     9.26066e+01	
      1388.271	     9.40043e+01	
      1389.031	     9.49364e+01	
      1389.423	     9.54205e+01	
      1391.727	     9.83095e+01	
      1394.423	     1.01759e+02	
      1399.423	     1.08330e+02	
      1404.423	     1.15243e+02	
      1409.423	     1.22558e+02	
      1414.423	     1.30369e+02	
      1419.423	     1.38699e+02	
      1424.423	     1.47435e+02	
      1429.423	     1.56604e+02	
      1434.423	     1.66082e+02	
      1439.423	     1.75982e+02	
      1444.422	     1.86364e+02	
      1449.422	     1.97459e+02	
      1454.422	     2.09307e+02	
      1459.422	     2.21790e+02	
      1464.422	     2.35040e+02	
      1465.960	     2.39288e+02	
      1469.422	     2.49003e+02	
      1472.884	     2.58879e+02	
      1473.268	     2.59962e+02	
      1474.422	     2.63240e+02	
      1476.345	     2.68779e+02	
      1479.421	     2.77767e+02	
      1484.421	     2.92959e+02	
      1489.421	     3.08827e+02	
      1494.421	     3.25215e+02	
      1499.420	     3.42562e+02	
      1504.420	     3.61217e+02	
      1509.420	     3.81094e+02	
      1514.420	     4.02058e+02	
      1519.419	     4.24153e+02	
      1524.419	     4.47661e+02	
      1529.419	     4.72442e+02	
      1534.418	     4.97905e+02	
      1539.418	     5.23606e+02	
      1544.418	     5.49838e+02	
      1549.417	     5.76690e+02	
      1554.417	     6.03846e+02	
      1559.417	     6.31212e+02	
      1564.416	     6.59489e+02	
      1566.724	     6.73074e+02	
      1569.416	     6.89526e+02	
      1570.186	     6.94311e+02	
      1572.107	     7.06415e+02	
      1574.415	     7.21376e+02	
      1574.800	     7.23898e+02	
      1579.415	     7.54922e+02	
      1584.414	     7.89862e+02	
      1589.414	     8.26185e+02	
      1594.413	     8.64258e+02	
      1599.413	     9.04703e+02	
      1604.413	     9.47065e+02	
      1609.412	     9.92658e+02	
      1614.412	     1.04149e+03	
      1619.411	     1.09413e+03	
      1624.410	     1.15088e+03	
      1629.410	     1.21222e+03	
      1634.409	     1.27777e+03	
      1639.409	     1.34773e+03	
      1644.408	     1.42017e+03	
      1649.408	     1.49429e+03	
      1654.407	     1.56958e+03	
      1659.407	     1.64633e+03	
      1664.406	     1.72467e+03	
      1665.560	     1.74316e+03	
      1669.405	     1.80499e+03	
      1670.174	     1.81748e+03	
      1673.251	     1.86775e+03	
      1674.405	     1.88697e+03	
      1676.328	     1.91899e+03	
      1679.404	     1.97115e+03	
      1684.404	     2.05826e+03	
      1689.403	     2.14934e+03	
      1694.402	     2.24461e+03	
      1699.402	     2.34288e+03	
      1704.401	     2.44534e+03	
      1709.400	     2.54954e+03	
      1714.400	     2.65749e+03	
      1719.399	     2.76956e+03	
      1724.398	     2.88590e+03	
      1729.398	     3.00498e+03	
      1734.397	     3.12838e+03	
      1739.396	     3.25497e+03	
      1744.396	     3.38532e+03	
      1749.395	     3.51770e+03	
      1754.394	     3.65411e+03	
      1759.393	     3.79420e+03	
      1764.393	     3.93868e+03	
      1767.084	     4.01832e+03	
      1767.854	     4.04134e+03	
      1769.392	     4.08765e+03	
      1771.700	     4.15821e+03	
      1774.391	     4.24225e+03	
      1775.545	     4.27872e+03	
      1779.391	     4.40213e+03	
      1784.390	     4.56901e+03	
      1789.389	     4.74145e+03	
      1794.388	     4.91625e+03	
      1799.387	     5.09730e+03	
      1809.386	     5.47382e+03	
      1819.384	     5.87324e+03	
      1823.999	     6.06472e+03	
      1829.383	     6.29459e+03	
      1834.767	     6.53162e+03	
      1840.151	     6.77475e+03	
      1845.535	     7.02523e+03	
      1850.919	     7.28451e+03	
      1856.303	     7.55474e+03	
      1863.998	     7.95109e+03	
      1867.072	     8.11301e+03	
      1870.145	     8.27756e+03	
      1876.292	     8.61890e+03	
      1882.439	     8.97170e+03	
      1888.586	     9.33637e+03	
      1894.733	     9.71311e+03	
      1900.880	     1.01008e+04	
      1906.980	     1.04989e+04	
      1907.027	     1.05020e+04	
      1913.174	     1.09167e+04	
      1919.368	     1.13482e+04	
      1925.561	     1.17878e+04	
      1931.755	     1.22439e+04	
      1937.949	     1.27294e+04	
      1944.143	     1.32135e+04	
      1944.472	     1.32396e+04	
      1956.531	     1.42425e+04	
      1968.590	     1.52853e+04	
      1980.648	     1.63868e+04	
      1992.707	     1.75503e+04	
      2004.766	     1.87792e+04	
      2015.838	     1.99675e+04	
      2016.825	     2.00763e+04	
      2017.811	     2.01855e+04	
      2019.785	     2.04067e+04	
      2023.732	     2.08621e+04	
      2031.627	     2.17893e+04	
      2039.521	     2.27293e+04	
      2047.416	     2.37007e+04	
      2055.310	     2.47045e+04	
      2059.377	     2.52346e+04	
      2063.205	     2.57415e+04	
      2067.032	     2.62563e+04	
      2074.686	     2.73178e+04	
      2082.341	     2.84129e+04	
      2089.995	     2.95427e+04	
      2094.355	     3.02019e+04	
      2105.304	     3.19082e+04	
      2116.253	     3.36898e+04	
      2127.202	     3.55528e+04	
      2132.725	     3.65342e+04	
      2138.151	     3.75266e+04	
      2149.099	     3.95508e+04	
      2165.474	     4.27263e+04	
      2181.848	     4.60897e+04	
      2198.223	     4.96557e+04	
      2214.501	     5.34099e+04	
      2214.598	     5.34328e+04	
      2214.695	     5.34561e+04	
      2214.741	     5.34668e+04	
      2214.888	     5.35016e+04	
      2215.276	     5.35934e+04	
      2216.052	     5.37768e+04	
      2217.604	     5.41447e+04	
      2220.707	     5.48780e+04	
      2226.914	     5.63646e+04	
      2227.034	     5.63938e+04	
      2239.327	     5.94261e+04	
      2251.621	     6.25541e+04	
      2263.914	     6.58091e+04	
      2276.207	     6.93419e+04	
      2288.501	     7.29569e+04	
      2300.794	     7.66998e+04	
      2312.946	     8.06032e+04	
      2313.040	     8.06340e+04	
      2313.087	     8.06494e+04	
      2313.134	     8.06648e+04	
      2313.322	     8.07242e+04	
      2313.697	     8.08435e+04	
      2314.449	     8.10823e+04	
      2315.951	     8.15614e+04	
      2318.955	     8.25256e+04	
      2324.964	     8.44787e+04	
      2336.980	     8.85571e+04	
      2348.996	     9.28705e+04	
      2359.673	     9.68465e+04	
      2361.014	     9.73551e+04	
      2362.354	     9.78845e+04	
      2365.036	     9.89536e+04	
      2370.399	     1.01123e+05	
      2381.125	     1.05591e+05	
      2391.852	     1.10235e+05	
      2395.881	     1.12116e+05	
      2402.577	     1.15340e+05	
      2409.274	     1.18672e+05	
      2415.970	     1.22118e+05	
      2422.667	     1.25693e+05	
      2429.363	     1.29609e+05	
      2436.060	     1.33690e+05	
      2442.710	     1.37873e+05	
      2449.452	     1.42262e+05	
      2451.595	     1.43691e+05	
      2456.194	     1.46815e+05	
      2460.793	     1.50410e+05	
      2465.392	     1.54036e+05	
      2474.590	     1.61657e+05	
      2483.788	     1.69721e+05	
      2492.986	     1.78368e+05	
      2494.354	     1.79743e+05	
      2502.184	     1.87802e+05	
      2510.013	     1.96150e+05	
      2517.842	     2.04424e+05	
      2525.671	     2.12852e+05	
      2533.500	     2.21760e+05	
      2541.329	     2.30953e+05	
      2549.159	     2.40459e+05	
      2554.743	     2.47350e+05	
      2556.988	     2.50150e+05	
      2559.232	     2.52969e+05	
      2563.721	     2.59278e+05	
      2568.210	     2.65723e+05	
      2577.188	     2.79075e+05	
      2586.166	     2.93010e+05	
      2595.144	     3.07465e+05	
      2604.122	     3.22459e+05	
      2613.100	     3.37969e+05	
      2622.077	     3.53812e+05	
      2631.055	     3.70133e+05	
      2640.033	     3.86937e+05	
      2640.352	     3.87544e+05	
      2649.011	     4.04282e+05	
      2653.340	     4.12890e+05	
      2657.670	     4.21611e+05	
      2662.000	     4.29010e+05	
      2666.329	     4.36452e+05	
      2670.659	     4.43935e+05	
      2674.988	     4.51463e+05	
      2679.318	     4.59037e+05	
      2687.977	     4.74293e+05	
      2705.295	     5.05419e+05	
      2722.612	     5.37285e+05	
      2723.751	     5.39405e+05	
      2739.930	     5.69901e+05	
      2756.108	     6.01185e+05	
      2772.286	     6.34828e+05	
      2788.465	     6.69379e+05	
      2804.644	     7.04860e+05	
      2820.823	     7.41362e+05	
      2837.001	     7.78810e+05	
      2851.813	     8.13936e+05	
      2853.180	     8.17213e+05	
      2854.546	     8.20499e+05	
      2857.280	     8.27640e+05	
      2862.746	     8.42013e+05	
      2873.680	     8.71161e+05	
      2895.546	     9.31269e+05	
      2917.413	     9.93802e+05	
      2925.576	     1.01785e+06	
      2939.280	     1.05911e+06	
      2952.983	     1.10134e+06	
      2980.390	     1.18393e+06	
      3007.798	     1.27004e+06	
      3018.989	     1.30613e+06	
      3035.205	     1.35937e+06	
      3043.313	     1.38640e+06	
      3051.421	     1.41365e+06	
      3059.529	     1.44476e+06	
      3067.637	     1.47625e+06	
      3075.745	     1.50814e+06	
      3083.853	     1.54042e+06	
      3100.068	     1.60616e+06	
      3115.144	     1.66890e+06	
      3132.500	     1.74281e+06	
      3141.179	     1.78042e+06	
      3149.857	     1.81845e+06	
      3158.535	     1.86088e+06	
      3167.214	     1.90391e+06	
      3175.891	     1.94745e+06	
      3184.570	     1.99151e+06	
      3201.927	     2.08114e+06	
      3224.986	     2.20329e+06	
      3236.640	     2.26635e+06	
      3242.467	     2.29821e+06	
      3248.294	     2.33026e+06	
      3254.122	     2.35383e+06	
      3259.948	     2.37748e+06	
      3265.776	     2.40120e+06	
      3266.399	     2.40375e+06	
      3271.602	     2.42500e+06	
      3283.256	     2.47283e+06	
      3306.564	     2.56935e+06	
      3346.730	     2.73814e+06	
      3386.896	     2.91285e+06	
      3408.955	     3.00989e+06	
      3419.155	     3.05500e+06	
      3427.060	     3.09008e+06	
      3445.167	     3.17072e+06	
      3481.379	     3.33075e+06	
      3495.922	     3.39534e+06	
      3543.602	     3.60809e+06	
      3591.283	     3.82046e+06	
      3635.884	     4.01854e+06	
      3638.963	     4.03220e+06	
      3642.042	     4.04612e+06	
      3643.122	     4.05096e+06	
      3645.121	     4.05997e+06	
      3645.281	     4.06070e+06	
      3647.121	     4.06899e+06	
      3648.960	     4.07725e+06	
      3651.320	     4.08787e+06	
      3652.639	     4.09381e+06	
      3653.959	     4.09972e+06	
      3654.239	     4.10097e+06	
      3656.598	     4.11156e+06	
      3658.958	     4.12215e+06	
      3663.397	     4.14203e+06	
      3663.676	     4.14326e+06	
      3663.956	     4.14451e+06	
      3664.516	     4.14703e+06	
      3665.636	     4.15202e+06	
      3666.796	     4.15721e+06	
      3667.875	     4.16201e+06	
      3668.275	     4.16380e+06	
      3668.955	     4.16685e+06	
      3671.115	     4.17646e+06	
      3673.954	     4.18913e+06	
      3675.202	     4.19465e+06	
      3678.952	     4.21134e+06	
      3682.583	     4.22748e+06	
      3682.703	     4.22802e+06	
      3682.822	     4.22855e+06	
      3683.062	     4.22962e+06	
      3683.178	     4.23012e+06	
      3683.542	     4.23173e+06	
      3684.502	     4.23600e+06	
      3684.819	     4.23741e+06	
      3685.826	     4.24187e+06	
      3686.832	     4.24637e+06	
      3688.742	     4.25482e+06	
      3688.846	     4.25529e+06	
      3688.939	     4.25570e+06	
      3688.950	     4.25576e+06	
      3689.158	     4.25667e+06	
      3689.377	     4.25764e+06	
      3689.730	     4.25921e+06	
      3689.815	     4.25959e+06	
      3689.900	     4.25997e+06	
      3690.070	     4.26072e+06	
      3690.410	     4.26223e+06	
      3690.624	     4.26317e+06	
      3691.089	     4.26521e+06	
      3691.469	     4.26691e+06	
      3691.554	     4.26729e+06	
      3691.700	     4.26792e+06	
      3692.484	     4.27140e+06	
      3693.499	     4.27590e+06	
      3694.397	     4.27985e+06	
      3695.297	     4.28384e+06	
      3695.808	     4.28607e+06	
      3696.197	     4.28780e+06	
      3696.525	     4.28925e+06	
      3696.586	     4.28953e+06	
      3696.647	     4.28978e+06	
      3696.666	     4.28988e+06	
      3696.759	     4.29028e+06	
      3696.769	     4.29032e+06	
      3696.872	     4.29079e+06	
      3696.929	     4.29104e+06	
      3696.985	     4.29129e+06	
      3697.041	     4.29154e+06	
      3697.097	     4.29176e+06	
      3697.153	     4.29201e+06	
      3697.209	     4.29226e+06	
      3697.265	     4.29252e+06	
      3697.322	     4.29277e+06	
      3697.347	     4.29289e+06	
      3697.405	     4.29314e+06	
      3697.434	     4.29327e+06	
      3697.463	     4.29339e+06	
      3697.499	     4.29355e+06	
      3697.529	     4.29368e+06	
      3697.579	     4.29390e+06	
      3697.659	     4.29424e+06	
      3697.819	     4.29497e+06	
      3698.109	     4.29622e+06	
      3698.429	     4.29764e+06	
      3698.688	     4.29880e+06	
      3698.886	     4.29968e+06	
      3698.947	     4.29993e+06	
      3699.008	     4.30021e+06	
      3699.130	     4.30075e+06	
      3699.374	     4.30181e+06	
      3699.533	     4.30251e+06	
      3699.862	     4.30395e+06	
      3699.879	     4.30404e+06	
      3700.191	     4.30543e+06	
      3700.198	     4.30546e+06	
      3700.503	     4.30678e+06	
      3700.808	     4.30813e+06	
      3700.842	     4.30829e+06	
      3701.092	     4.30939e+06	
      3701.418	     4.31080e+06	
      3701.994	     4.31334e+06	
      3702.444	     4.31532e+06	
      3702.895	     4.31730e+06	
      3703.121	     4.31831e+06	
      3703.346	     4.31928e+06	
      3703.458	     4.31978e+06	
      3703.571	     4.32029e+06	
      3703.628	     4.32054e+06	
      3703.684	     4.32079e+06	
      3703.740	     4.32101e+06	
      3703.797	     4.32126e+06	
      3703.853	     4.32151e+06	
      3703.909	     4.32176e+06	
      3703.966	     4.32201e+06	
      3704.022	     4.32227e+06	
      3704.085	     4.32255e+06	
      3704.134	     4.32274e+06	
      3704.185	     4.32299e+06	
      3704.210	     4.32308e+06	
      3704.222	     4.32315e+06	
      3704.285	     4.32343e+06	
      3704.314	     4.32355e+06	
      3704.360	     4.32374e+06	
      3704.406	     4.32396e+06	
      3704.491	     4.32431e+06	
      3704.567	     4.32465e+06	
      3704.590	     4.32475e+06	
      3704.689	     4.32519e+06	
      3704.811	     4.32572e+06	
      3705.055	     4.32679e+06	
      3705.373	     4.32820e+06	
      3705.543	     4.32893e+06	
      3705.713	     4.32968e+06	
      3706.052	     4.33119e+06	
      3706.073	     4.33125e+06	
      3706.732	     4.33414e+06	
      3707.267	     4.33650e+06	
      3707.391	     4.33703e+06	
      3707.515	     4.33760e+06	
      3707.614	     4.33801e+06	
      3707.763	     4.33867e+06	
      3707.912	     4.33932e+06	
      3708.118	     4.34024e+06	
      3708.210	     4.34064e+06	
      3708.302	     4.34102e+06	
      3708.486	     4.34184e+06	
      3708.763	     4.34306e+06	
      3708.854	     4.34344e+06	
      3708.873	     4.34353e+06	
      3708.945	     4.34385e+06	
      3709.127	     4.34463e+06	
      3709.206	     4.34498e+06	
      3709.491	     4.34624e+06	
      3710.108	     4.34894e+06	
      3710.902	     4.35243e+06	
      3711.011	     4.35290e+06	
      3711.120	     4.35337e+06	
      3711.213	     4.35378e+06	
      3711.323	     4.35425e+06	
      3711.338	     4.35431e+06	
      3711.463	     4.35488e+06	
      3711.517	     4.35510e+06	
      3711.576	     4.35535e+06	
      3711.603	     4.35547e+06	
      3711.689	     4.35585e+06	
      3711.746	     4.35610e+06	
      3711.802	     4.35635e+06	
      3711.858	     4.35657e+06	
      3711.915	     4.35682e+06	
      3711.971	     4.35707e+06	
      3712.027	     4.35733e+06	
      3712.084	     4.35758e+06	
      3712.140	     4.35783e+06	
      3712.203	     4.35808e+06	
      3712.252	     4.35830e+06	
      3712.303	     4.35852e+06	
      3712.327	     4.35865e+06	
      3712.331	     4.35865e+06	
      3712.403	     4.35896e+06	
      3712.479	     4.35931e+06	
      3712.631	     4.35997e+06	
      3712.931	     4.36128e+06	
      3713.228	     4.36257e+06	
      3713.531	     4.36389e+06	
      3713.833	     4.36521e+06	
      3714.242	     4.36700e+06	
      3714.420	     4.36779e+06	
      3714.439	     4.36785e+06	
      3714.636	     4.36873e+06	
      3715.030	     4.37043e+06	
      3715.640	     4.37310e+06	
      3716.765	     4.37800e+06	
      3716.790	     4.37809e+06	
      3716.860	     4.37841e+06	
      3716.955	     4.37881e+06	
      3717.145	     4.37966e+06	
      3717.524	     4.38130e+06	
      3718.189	     4.38419e+06	
      3718.259	     4.38450e+06	
      3718.329	     4.38482e+06	
      3718.469	     4.38541e+06	
      3718.556	     4.38579e+06	
      3718.631	     4.38613e+06	
      3718.734	     4.38657e+06	
      3718.749	     4.38664e+06	
      3718.942	     4.38749e+06	
      3719.253	     4.38884e+06	
      3719.474	     4.38978e+06	
      3719.772	     4.39110e+06	
      3720.070	     4.39239e+06	
      3720.356	     4.39349e+06	
      3720.523	     4.39415e+06	
      3720.666	     4.39471e+06	
      3720.976	     4.39590e+06	
      3721.202	     4.39672e+06	
      3721.428	     4.39757e+06	
      3721.542	     4.39798e+06	
      3721.655	     4.39839e+06	
      3721.711	     4.39861e+06	
      3721.768	     4.39880e+06	
      3721.825	     4.39902e+06	
      3721.881	     4.39920e+06	
      3721.938	     4.39942e+06	
      3721.995	     4.39964e+06	
      3722.051	     4.39983e+06	
      3722.108	     4.40005e+06	
      3722.221	     4.40046e+06	
      3722.398	     4.40112e+06	
      3722.447	     4.40131e+06	
      3722.498	     4.40150e+06	
      3722.598	     4.40184e+06	
      3722.695	     4.40222e+06	
      3722.798	     4.40260e+06	
      3722.901	     4.40297e+06	
      3723.107	     4.40373e+06	
      3723.231	     4.40417e+06	
      3723.519	     4.40524e+06	
      3723.807	     4.40627e+06	
      3724.383	     4.40838e+06	
      3725.451	     4.41230e+06	
      3725.534	     4.41259e+06	
      3725.617	     4.41290e+06	
      3725.751	     4.41340e+06	
      3725.783	     4.41350e+06	
      3725.916	     4.41400e+06	
      3725.931	     4.41403e+06	
      3726.115	     4.41472e+06	
      3726.479	     4.41604e+06	
      3727.042	     4.41812e+06	
      3727.366	     4.41928e+06	
      3728.153	     4.42217e+06	
      3728.639	     4.42393e+06	
      3728.940	     4.42503e+06	
      3729.009	     4.42528e+06	
      3729.240	     4.42613e+06	
      3729.842	     4.42833e+06	
      3730.676	     4.43137e+06	
      3732.194	     4.43690e+06	
      3732.344	     4.43744e+06	
      3732.494	     4.43797e+06	
      3732.794	     4.43907e+06	
      3733.352	     4.44111e+06	
      3733.384	     4.44124e+06	
      3733.393	     4.44127e+06	
      3733.402	     4.44130e+06	
      3733.452	     4.44146e+06	
      3733.552	     4.44184e+06	
      3733.648	     4.44218e+06	
      3733.752	     4.44256e+06	
      3733.856	     4.44293e+06	
      3734.004	     4.44347e+06	
      3734.044	     4.44363e+06	
      3734.064	     4.44369e+06	
      3734.084	     4.44375e+06	
      3734.131	     4.44394e+06	
      3734.140	     4.44397e+06	
      3734.164	     4.44403e+06	
      3734.197	     4.44416e+06	
      3734.254	     4.44438e+06	
      3734.311	     4.44457e+06	
      3734.368	     4.44476e+06	
      3734.425	     4.44498e+06	
      3734.482	     4.44520e+06	
      3734.539	     4.44542e+06	
      3734.652	     4.44582e+06	
      3734.829	     4.44648e+06	
      3734.878	     4.44664e+06	
      3734.929	     4.44683e+06	
      3735.029	     4.44721e+06	
      3735.124	     4.44755e+06	
      3735.173	     4.44774e+06	
      3735.229	     4.44793e+06	
      3735.334	     4.44831e+06	
      3735.391	     4.44853e+06	
      3735.495	     4.44890e+06	
      3735.817	     4.45007e+06	
      3736.000	     4.45073e+06	
      3736.243	     4.45161e+06	
      3736.486	     4.45252e+06	
      3736.971	     4.45428e+06	
      3737.826	     4.45735e+06	
      3737.943	     4.45779e+06	
      3738.060	     4.45820e+06	
      3738.294	     4.45905e+06	
      3738.587	     4.46012e+06	
      3738.762	     4.46078e+06	
      3738.937	     4.46141e+06	
      3739.287	     4.46266e+06	
      3739.498	     4.46342e+06	
      3739.987	     4.46521e+06	
      3740.476	     4.46697e+06	
      3741.212	     4.46964e+06	
      3741.453	     4.47052e+06	
      3741.694	     4.47140e+06	
      3742.092	     4.47284e+06	
      3742.176	     4.47313e+06	
      3742.260	     4.47344e+06	
      3742.428	     4.47404e+06	
      3742.671	     4.47492e+06	
      3742.733	     4.47514e+06	
      3742.764	     4.47526e+06	
      3742.795	     4.47539e+06	
      3742.864	     4.47561e+06	
      3742.919	     4.47583e+06	
      3743.167	     4.47671e+06	
      3743.663	     4.47850e+06	
      3744.620	     4.48198e+06	
      3744.654	     4.48211e+06	
      3746.445	     4.48855e+06	
      3747.605	     4.49276e+06	
      3748.269	     4.49515e+06	
      3748.844	     4.49722e+06	
      3748.904	     4.49744e+06	
      3748.934	     4.49754e+06	
      3748.964	     4.49766e+06	
      3748.986	     4.49772e+06	
      3749.084	     4.49807e+06	
      3749.118	     4.49820e+06	
      3749.182	     4.49845e+06	
      3749.378	     4.49914e+06	
      3749.409	     4.49926e+06	
      3749.638	     4.50008e+06	
      3749.753	     4.50049e+06	
      3749.867	     4.50090e+06	
      3749.924	     4.50109e+06	
      3749.981	     4.50127e+06	
      3750.038	     4.50146e+06	
      3750.095	     4.50165e+06	
      3750.152	     4.50187e+06	
      3750.209	     4.50209e+06	
      3750.266	     4.50228e+06	
      3750.323	     4.50250e+06	
      3750.437	     4.50294e+06	
      3750.616	     4.50360e+06	
      3750.665	     4.50376e+06	
      3750.716	     4.50394e+06	
      3750.816	     4.50432e+06	
      3750.910	     4.50467e+06	
      3751.016	     4.50504e+06	
      3751.122	     4.50542e+06	
      3751.334	     4.50617e+06	
      3751.481	     4.50671e+06	
      3751.758	     4.50771e+06	
      3752.035	     4.50872e+06	
      3752.588	     4.51070e+06	
      3753.533	     4.51409e+06	
      3753.696	     4.51469e+06	
      3753.782	     4.51500e+06	
      3753.859	     4.51529e+06	
      3754.185	     4.51645e+06	
      3754.274	     4.51676e+06	
      3754.837	     4.51877e+06	
      3755.892	     4.52257e+06	
      3756.086	     4.52327e+06	
      3757.473	     4.52826e+06	
      3757.509	     4.52839e+06	
      3757.548	     4.52851e+06	
      3758.932	     4.53348e+06	
      3760.390	     4.53869e+06	
      3761.656	     4.54321e+06	
      3762.717	     4.54702e+06	
      3763.233	     4.54887e+06	
      3764.809	     4.55449e+06	
      3765.066	     4.55540e+06	
      3766.902	     4.56194e+06	
      3768.545	     4.56781e+06	
      3768.737	     4.56847e+06	
      3768.929	     4.56916e+06	
      3768.971	     4.56932e+06	
      3769.196	     4.57011e+06	
      3769.313	     4.57055e+06	
      3769.655	     4.57174e+06	
      3769.885	     4.57256e+06	
      3770.114	     4.57337e+06	
      3770.228	     4.57375e+06	
      3770.343	     4.57416e+06	
      3770.401	     4.57435e+06	
      3770.458	     4.57454e+06	
      3770.515	     4.57472e+06	
      3770.573	     4.57491e+06	
      3770.630	     4.57510e+06	
      3770.687	     4.57529e+06	
      3770.745	     4.57554e+06	
      3770.802	     4.57576e+06	
      3770.867	     4.57601e+06	
      3770.916	     4.57620e+06	
      3770.967	     4.57639e+06	
      3770.988	     4.57645e+06	
      3771.003	     4.57652e+06	
      3771.067	     4.57674e+06	
      3771.146	     4.57702e+06	
      3771.304	     4.57761e+06	
      3771.604	     4.57868e+06	
      3771.890	     4.57969e+06	
      3771.951	     4.57991e+06	
      3772.206	     4.58082e+06	
      3772.522	     4.58195e+06	
      3773.154	     4.58418e+06	
      3774.357	     4.58845e+06	
      3775.497	     4.59251e+06	
      3776.762	     4.59700e+06	
      3777.127	     4.59829e+06	
      3778.027	     4.60146e+06	
      3778.399	     4.60278e+06	
      3778.927	     4.60463e+06	
      3780.726	     4.61101e+06	
      3781.844	     4.61494e+06	
      3783.053	     4.61921e+06	
      3783.159	     4.61959e+06	
      3784.263	     4.62348e+06	
      3785.367	     4.62738e+06	
      3786.225	     4.63039e+06	
      3787.401	     4.63454e+06	
      3787.574	     4.63514e+06	
      3788.924	     4.63988e+06	
      3790.447	     4.64522e+06	
      3792.841	     4.65361e+06	
      3793.492	     4.65590e+06	
      3794.143	     4.65817e+06	
      3794.897	     4.66080e+06	
      3795.066	     4.66140e+06	
      3795.444	     4.66272e+06	
      3795.991	     4.66464e+06	
      3796.454	     4.66624e+06	
      3796.916	     4.66784e+06	
      3797.147	     4.66863e+06	
      3797.378	     4.66941e+06	
      3797.494	     4.66979e+06	
      3797.609	     4.67017e+06	
      3797.666	     4.67035e+06	
      3797.724	     4.67051e+06	
      3797.782	     4.67067e+06	
      3797.840	     4.67086e+06	
      3797.898	     4.67101e+06	
      3797.956	     4.67123e+06	
      3798.014	     4.67149e+06	
      3798.072	     4.67174e+06	
      3798.187	     4.67221e+06	
      3798.367	     4.67287e+06	
      3798.416	     4.67306e+06	
      3798.467	     4.67321e+06	
      3798.567	     4.67359e+06	
      3798.655	     4.67390e+06	
      3798.753	     4.67425e+06	
      3798.767	     4.67428e+06	
      3798.837	     4.67453e+06	
      3798.879	     4.67469e+06	
      3798.921	     4.67485e+06	
      3799.046	     4.67529e+06	
      3799.089	     4.67544e+06	
      3799.425	     4.67661e+06	
      3799.471	     4.67676e+06	
      3799.804	     4.67793e+06	
      3800.562	     4.68060e+06	
      3801.653	     4.68440e+06	
      3802.319	     4.68672e+06	
      3803.834	     4.69200e+06	
      3805.349	     4.69728e+06	
      3807.837	     4.70592e+06	
      3808.378	     4.70780e+06	
      3808.919	     4.70969e+06	
      3810.000	     4.71343e+06	
      3811.586	     4.71892e+06	
      3812.164	     4.72093e+06	
      3812.742	     4.72294e+06	
      3813.897	     4.72693e+06	
      3815.777	     4.73341e+06	
      3816.093	     4.73451e+06	
      3816.209	     4.73491e+06	
      3816.641	     4.73639e+06	
      3817.439	     4.73922e+06	
      3817.504	     4.73947e+06	
      3818.916	     4.74446e+06	
      3820.393	     4.74977e+06	
      3822.566	     4.75753e+06	
      3823.346	     4.76033e+06	
      3823.512	     4.76093e+06	
      3824.126	     4.76313e+06	
      3825.685	     4.76872e+06	
      3826.804	     4.77271e+06	
      3827.859	     4.77648e+06	
      3828.914	     4.78022e+06	
      3830.454	     4.78571e+06	
      3831.023	     4.78772e+06	
      3831.592	     4.78973e+06	
      3832.001	     4.79118e+06	
      3832.525	     4.79303e+06	
      3832.730	     4.79376e+06	
      3833.458	     4.79633e+06	
      3833.925	     4.79797e+06	
      3834.392	     4.79960e+06	
      3834.626	     4.80038e+06	
      3834.859	     4.80117e+06	
      3834.975	     4.80155e+06	
      3835.092	     4.80189e+06	
      3835.151	     4.80208e+06	
      3835.209	     4.80221e+06	
      3835.267	     4.80233e+06	
      3835.326	     4.80246e+06	
      3835.384	     4.80262e+06	
      3835.442	     4.80287e+06	
      3835.501	     4.80318e+06	
      3835.559	     4.80346e+06	
      3835.626	     4.80375e+06	
      3835.675	     4.80397e+06	
      3835.726	     4.80419e+06	
      3835.743	     4.80425e+06	
      3835.774	     4.80437e+06	
      3835.826	     4.80456e+06	
      3835.909	     4.80488e+06	
      3836.075	     4.80551e+06	
      3836.376	     4.80664e+06	
      3836.646	     4.80761e+06	
      3836.977	     4.80880e+06	
      3837.029	     4.80899e+06	
      3837.308	     4.81000e+06	
      3837.970	     4.81235e+06	
      3838.647	     4.81474e+06	
      3838.911	     4.81568e+06	
      3839.175	     4.81663e+06	
      3839.703	     4.81851e+06	
      3840.758	     4.82219e+06	
      3842.753	     4.82926e+06	
      3842.831	     4.82951e+06	
      3842.870	     4.82966e+06	
      3842.909	     4.82979e+06	
      3843.065	     4.83036e+06	
      3843.377	     4.83146e+06	
      3844.001	     4.83365e+06	
      3844.588	     4.83573e+06	
      3845.248	     4.83805e+06	
      3845.547	     4.83909e+06	
      3845.908	     4.84035e+06	
      3847.228	     4.84500e+06	
      3847.442	     4.84575e+06	
      3848.908	     4.85090e+06	
      3850.375	     4.85602e+06	
      3851.976	     4.86165e+06	
      3853.308	     4.86630e+06	
      3854.640	     4.87095e+06	
      3855.701	     4.87465e+06	
      3857.303	     4.88021e+06	
      3858.906	     4.88580e+06	
      3862.006	     4.89655e+06	
      3862.111	     4.89693e+06	
      3862.216	     4.89727e+06	
      3862.426	     4.89803e+06	
      3862.846	     4.89947e+06	
      3863.685	     4.90236e+06	
      3865.170	     4.90751e+06	
      3865.365	     4.90817e+06	
      3865.560	     4.90886e+06	
      3865.950	     4.91022e+06	
      3866.730	     4.91289e+06	
      3867.675	     4.91615e+06	
      3868.289	     4.91829e+06	
      3868.903	     4.92039e+06	
      3870.131	     4.92460e+06	
      3871.324	     4.92872e+06	
      3872.586	     4.93305e+06	
      3873.848	     4.93739e+06	
      3876.324	     4.94587e+06	
      3876.368	     4.94600e+06	
      3876.371	     4.94603e+06	
      3876.374	     4.94603e+06	
      3876.424	     4.94619e+06	
      3876.524	     4.94653e+06	
      3876.724	     4.94722e+06	
      3876.947	     4.94798e+06	
      3877.124	     4.94857e+06	
      3877.924	     4.95131e+06	
      3878.900	     4.95464e+06	
      3880.290	     4.95938e+06	
      3880.854	     4.96130e+06	
      3881.418	     4.96321e+06	
      3882.546	     4.96702e+06	
      3884.398	     4.97327e+06	
      3884.801	     4.97465e+06	
      3884.923	     4.97506e+06	
      3885.204	     4.97600e+06	
      3886.010	     4.97870e+06	
      3886.151	     4.97917e+06	
      3887.096	     4.98228e+06	
      3887.568	     4.98382e+06	
      3888.042	     4.98536e+06	
      3888.280	     4.98608e+06	
      3888.516	     4.98678e+06	
      3888.633	     4.98712e+06	
      3888.752	     4.98740e+06	
      3888.844	     4.98756e+06	
      3888.866	     4.98759e+06	
      3888.871	     4.98759e+06	
      3888.898	     4.98762e+06	
      3888.930	     4.98762e+06	
      3888.989	     4.98769e+06	
      3889.048	     4.98781e+06	
      3889.107	     4.98806e+06	
      3889.166	     4.98844e+06	
      3889.225	     4.98879e+06	
      3889.294	     4.98916e+06	
      3889.343	     4.98938e+06	
      3889.394	     4.98963e+06	
      3889.408	     4.98970e+06	
      3889.450	     4.98985e+06	
      3889.494	     4.99004e+06	
      3889.580	     4.99039e+06	
      3889.752	     4.99105e+06	
      3890.054	     4.99215e+06	
      3890.315	     4.99309e+06	
      3890.474	     4.99366e+06	
      3890.657	     4.99432e+06	
      3890.999	     4.99551e+06	
      3891.683	     4.99787e+06	
      3892.892	     5.00201e+06	
      3893.942	     5.00559e+06	
      3894.458	     5.00732e+06	
      3895.309	     5.01021e+06	
      3896.219	     5.01329e+06	
      3896.677	     5.01483e+06	
      3898.895	     5.02231e+06	
      3899.603	     5.02469e+06	
      3901.572	     5.03129e+06	
      3903.894	     5.03908e+06	
      3904.248	     5.04025e+06	
      3908.893	     5.05573e+06	
      3913.891	     5.07229e+06	
      3918.890	     5.09010e+06	
      3923.889	     5.10804e+06	
      3928.216	     5.12347e+06	
      3928.353	     5.12397e+06	
      3928.887	     5.12589e+06	
      3929.559	     5.12827e+06	
      3930.903	     5.13302e+06	
      3933.453	     5.14206e+06	
      3935.810	     5.15036e+06	
      3937.347	     5.15579e+06	
      3938.885	     5.16120e+06	
      3940.036	     5.16522e+06	
      3941.960	     5.17194e+06	
      3943.883	     5.17866e+06	
      3946.579	     5.18803e+06	
      3947.730	     5.19202e+06	
      3948.882	     5.19601e+06	
      3950.653	     5.20210e+06	
      3951.015	     5.20336e+06	
      3951.186	     5.20395e+06	
      3951.718	     5.20578e+06	
      3952.784	     5.20942e+06	
      3954.554	     5.21548e+06	
      3957.306	     5.22485e+06	
      3958.093	     5.22752e+06	
      3958.624	     5.22931e+06	
      3958.880	     5.23015e+06	
      3960.453	     5.23546e+06	
      3962.283	     5.24156e+06	
      3965.737	     5.25296e+06	
      3965.942	     5.25362e+06	
      3966.147	     5.25428e+06	
      3966.557	     5.25560e+06	
      3966.675	     5.25598e+06	
      3967.279	     5.25793e+06	
      3967.376	     5.25824e+06	
      3968.078	     5.26044e+06	
      3968.709	     5.26239e+06	
      3968.877	     5.26286e+06	
      3969.045	     5.26336e+06	
      3969.234	     5.26386e+06	
      3969.287	     5.26402e+06	
      3969.381	     5.26427e+06	
      3969.528	     5.26462e+06	
      3969.648	     5.26487e+06	
      3969.769	     5.26503e+06	
      3969.830	     5.26506e+06	
      3969.890	     5.26503e+06	
      3969.950	     5.26493e+06	
      3970.011	     5.26481e+06	
      3970.071	     5.26484e+06	
      3970.131	     5.26522e+06	
      3970.192	     5.26575e+06	
      3970.252	     5.26628e+06	
      3970.323	     5.26679e+06	
      3970.372	     5.26707e+06	
      3970.423	     5.26735e+06	
      3970.432	     5.26741e+06	
      3970.495	     5.26773e+06	
      3970.523	     5.26789e+06	
      3970.613	     5.26829e+06	
      3970.795	     5.26908e+06	
      3971.096	     5.27030e+06	
      3971.333	     5.27125e+06	
      3971.591	     5.27222e+06	
      3971.698	     5.27263e+06	
      3972.063	     5.27398e+06	
      3972.793	     5.27662e+06	
      3973.995	     5.28092e+06	
      3974.936	     5.28425e+06	
      3976.398	     5.28937e+06	
      3976.845	     5.29094e+06	
      3977.860	     5.29446e+06	
      3978.874	     5.29795e+06	
      3979.577	     5.30037e+06	
      3980.904	     5.30492e+06	
      3982.230	     5.30948e+06	
      3984.180	     5.31611e+06	
      3984.884	     5.31850e+06	
      3985.119	     5.31928e+06	
      3985.588	     5.32085e+06	
      3986.995	     5.32560e+06	
      3988.872	     5.33191e+06	
      3991.379	     5.34030e+06	
      3992.625	     5.34445e+06	
      3993.854	     5.34853e+06	
      3993.870	     5.34859e+06	
      3996.362	     5.35682e+06	
      3998.869	     5.36512e+06	
      4003.868	     5.38152e+06	
      4008.866	     5.39779e+06	
      4013.865	     5.41419e+06	
      4018.864	     5.43084e+06	
      4023.863	     5.44736e+06	
      4025.341	     5.45223e+06	
      4028.861	     5.46376e+06	
      4032.381	     5.47523e+06	
      4032.946	     5.47708e+06	
      4033.860	     5.48004e+06	
      4035.902	     5.48667e+06	
      4038.859	     5.49618e+06	
      4043.857	     5.51221e+06	
      4048.856	     5.52807e+06	
      4053.855	     5.54381e+06	
      4058.853	     5.55939e+06	
      4063.852	     5.57479e+06	
      4068.851	     5.58996e+06	
      4073.849	     5.60488e+06	
      4075.421	     5.60950e+06	
      4078.848	     5.61949e+06	
      4082.275	     5.62923e+06	
      4082.559	     5.63002e+06	
      4084.004	     5.63404e+06	
      4085.702	     5.63872e+06	
      4088.845	     5.64711e+06	
      4089.695	     5.64931e+06	
      4093.687	     5.65933e+06	
      4096.515	     5.66596e+06	
      4097.679	     5.66860e+06	
      4098.010	     5.66935e+06	
      4098.678	     5.67079e+06	
      4098.843	     5.67114e+06	
      4099.676	     5.67290e+06	
      4100.174	     5.67387e+06	
      4100.673	     5.67472e+06	
      4100.922	     5.67504e+06	
      4101.172	     5.67522e+06	
      4101.297	     5.67522e+06	
      4101.422	     5.67507e+06	
      4101.485	     5.67488e+06	
      4101.547	     5.67450e+06	
      4101.609	     5.67397e+06	
      4101.672	     5.67340e+06	
      4101.734	     5.67315e+06	
      4101.797	     5.67378e+06	
      4101.859	     5.67472e+06	
      4101.922	     5.67563e+06	
      4102.047	     5.67689e+06	
      4102.296	     5.67852e+06	
      4102.745	     5.68072e+06	
      4102.794	     5.68094e+06	
      4102.845	     5.68116e+06	
      4102.945	     5.68157e+06	
      4103.145	     5.68242e+06	
      4103.296	     5.68302e+06	
      4103.545	     5.68402e+06	
      4103.794	     5.68499e+06	
      4104.291	     5.68688e+06	
      4104.785	     5.68873e+06	
      4105.287	     5.69059e+06	
      4105.789	     5.69241e+06	
      4106.793	     5.69605e+06	
      4108.680	     5.70278e+06	
      4108.760	     5.70303e+06	
      4108.800	     5.70318e+06	
      4108.840	     5.70331e+06	
      4108.859	     5.70340e+06	
      4109.000	     5.70391e+06	
      4109.320	     5.70510e+06	
      4109.781	     5.70680e+06	
      4110.703	     5.71016e+06	
      4111.319	     5.71239e+06	
      4112.546	     5.71679e+06	
      4113.774	     5.72115e+06	
      4114.693	     5.72433e+06	
      4116.229	     5.72964e+06	
      4116.694	     5.73124e+06	
      4117.766	     5.73485e+06	
      4118.126	     5.73608e+06	
      4118.838	     5.73846e+06	
      4120.981	     5.74556e+06	
      4123.836	     5.75486e+06	
      4126.144	     5.76225e+06	
      4128.835	     5.77076e+06	
      4129.605	     5.77318e+06	
      4131.526	     5.77915e+06	
      4133.834	     5.78628e+06	
      4134.219	     5.78747e+06	
      4138.832	     5.80155e+06	
      4143.831	     5.81656e+06	
      4148.830	     5.83139e+06	
      4153.828	     5.84600e+06	
      4158.827	     5.86048e+06	
      4163.826	     5.87481e+06	
      4168.824	     5.88895e+06	
      4173.823	     5.90296e+06	
      4178.822	     5.91684e+06	
      4183.820	     5.93057e+06	
      4188.819	     5.94414e+06	
      4193.818	     5.95759e+06	
      4198.817	     5.97091e+06	
      4203.815	     5.98407e+06	
      4208.814	     5.99730e+06	
      4213.813	     6.01056e+06	
      4216.525	     6.01769e+06	
      4217.242	     6.01957e+06	
      4218.811	     6.02366e+06	
      4221.098	     6.02963e+06	
      4223.810	     6.03663e+06	
      4224.954	     6.03959e+06	
      4228.809	     6.04945e+06	
      4233.807	     6.06211e+06	
      4238.806	     6.07465e+06	
      4243.805	     6.08702e+06	
      4248.803	     6.09925e+06	
      4253.802	     6.11131e+06	
      4258.801	     6.12322e+06	
      4263.799	     6.13496e+06	
      4268.798	     6.14653e+06	
      4273.797	     6.15790e+06	
      4278.795	     6.16905e+06	
      4283.794	     6.18002e+06	
      4288.793	     6.19067e+06	
      4293.791	     6.20103e+06	
      4298.790	     6.21102e+06	
      4303.789	     6.22048e+06	
      4308.788	     6.22893e+06	
      4313.786	     6.23650e+06	
      4314.073	     6.23691e+06	
      4318.785	     6.24275e+06	
      4320.854	     6.24480e+06	
      4323.497	     6.24687e+06	
      4326.139	     6.24816e+06	
      4326.475	     6.24825e+06	
      4328.782	     6.24850e+06	
      4330.233	     6.24825e+06	
      4331.090	     6.24794e+06	
      4331.149	     6.24794e+06	
      4331.946	     6.24753e+06	
      4333.660	     6.24637e+06	
      4334.060	     6.24605e+06	
      4336.171	     6.24407e+06	
      4337.786	     6.24234e+06	
      4338.220	     6.24184e+06	
      4338.283	     6.24175e+06	
      4338.780	     6.24109e+06	
      4338.812	     6.24106e+06	
      4339.339	     6.24011e+06	
      4339.602	     6.23942e+06	
      4339.867	     6.23842e+06	
      4340.001	     6.23763e+06	
      4340.132	     6.23647e+06	
      4340.197	     6.23562e+06	
      4340.263	     6.23433e+06	
      4340.329	     6.23245e+06	
      4340.395	     6.23056e+06	
      4340.461	     6.22968e+06	
      4340.527	     6.23081e+06	
      4340.593	     6.23295e+06	
      4340.659	     6.23509e+06	
      4340.791	     6.23776e+06	
      4341.005	     6.24024e+06	
      4341.055	     6.24068e+06	
      4341.105	     6.24112e+06	
      4341.205	     6.24190e+06	
      4341.227	     6.24206e+06	
      4341.238	     6.24216e+06	
      4341.405	     6.24329e+06	
      4341.583	     6.24442e+06	
      4341.939	     6.24646e+06	
      4342.640	     6.25010e+06	
      4343.330	     6.25356e+06	
      4343.570	     6.25475e+06	
      4344.041	     6.25705e+06	
      4344.752	     6.26053e+06	
      4346.174	     6.26738e+06	
      4348.578	     6.27850e+06	
      4348.777	     6.27938e+06	
      4348.976	     6.28026e+06	
      4349.374	     6.28202e+06	
      4350.170	     6.28542e+06	
      4350.322	     6.28608e+06	
      4351.761	     6.29195e+06	
      4353.201	     6.29754e+06	
      4354.734	     6.30317e+06	
      4356.077	     6.30782e+06	
      4356.080	     6.30782e+06	
      4357.426	     6.31228e+06	
      4358.774	     6.31655e+06	
      4359.170	     6.31777e+06	
      4361.472	     6.32431e+06	
      4363.773	     6.33065e+06	
      4367.980	     6.34140e+06	
      4368.376	     6.34234e+06	
      4368.524	     6.34272e+06	
      4368.772	     6.34332e+06	
      4369.563	     6.34520e+06	
      4371.147	     6.34888e+06	
      4373.770	     6.35481e+06	
      4378.769	     6.36553e+06	
      4383.768	     6.37567e+06	
      4388.766	     6.38538e+06	
      4393.765	     6.39474e+06	
      4398.764	     6.40385e+06	
      4403.762	     6.41114e+06	
      4408.761	     6.41765e+06	
      4413.760	     6.42402e+06	
      4418.758	     6.43031e+06	
      4423.757	     6.43646e+06	
      4428.756	     6.44253e+06	
      4433.754	     6.44853e+06	
      4438.753	     6.45440e+06	
      4443.752	     6.46025e+06	
      4448.751	     6.46599e+06	
      4453.749	     6.47168e+06	
      4458.748	     6.47730e+06	
      4463.747	     6.48286e+06	
      4468.745	     6.48836e+06	
      4473.744	     6.49377e+06	
      4478.743	     6.49914e+06	
      4483.741	     6.50445e+06	
      4488.740	     6.50969e+06	
      4493.739	     6.51488e+06	
      4498.737	     6.52107e+06	
      4503.736	     6.52967e+06	
      4508.735	     6.53813e+06	
      4513.733	     6.54642e+06	
      4514.118	     6.54705e+06	
      4518.732	     6.55459e+06	
      4523.346	     6.56197e+06	
      4527.190	     6.56803e+06	
      4527.960	     6.56923e+06	
      4528.729	     6.57045e+06	
      4530.269	     6.57284e+06	
      4532.968	     6.57699e+06	
      4533.288	     6.57749e+06	
      4533.348	     6.57758e+06	
      4533.728	     6.57818e+06	
      4534.488	     6.57931e+06	
      4536.007	     6.58164e+06	
      4538.727	     6.58575e+06	
      4543.725	     6.59320e+06	
      4548.724	     6.60052e+06	
      4553.723	     6.60768e+06	
      4558.721	     6.61475e+06	
      4563.720	     6.62166e+06	
      4568.719	     6.62845e+06	
      4573.717	     6.63511e+06	
      4578.716	     6.64164e+06	
      4583.715	     6.64805e+06	
      4588.713	     6.65433e+06	
      4593.712	     6.66052e+06	
      4596.529	     6.66344e+06	
      4596.984	     6.66391e+06	
      4598.711	     6.66571e+06	
      4600.892	     6.66790e+06	
      4603.709	     6.67070e+06	
      4604.800	     6.67177e+06	
      4608.708	     6.67560e+06	
      4613.707	     6.68041e+06	
      4618.705	     6.68512e+06	
      4623.704	     6.68977e+06	
      4628.703	     6.69436e+06	
      4633.701	     6.69885e+06	
      4638.700	     6.70325e+06	
      4643.699	     6.70758e+06	
      4648.697	     6.71182e+06	
      4653.696	     6.71600e+06	
      4658.695	     6.72009e+06	
      4663.694	     6.72411e+06	
      4668.692	     6.72803e+06	
      4673.691	     6.73190e+06	
      4678.690	     6.73567e+06	
      4683.688	     6.73938e+06	
      4688.687	     6.74299e+06	
      4693.686	     6.74638e+06	
      4698.684	     6.74952e+06	
      4703.683	     6.75257e+06	
      4708.682	     6.75556e+06	
      4713.680	     6.75848e+06	
      4715.603	     6.75958e+06	
      4718.679	     6.76130e+06	
      4720.984	     6.76259e+06	
      4721.755	     6.76300e+06	
      4723.678	     6.76407e+06	
      4724.830	     6.76470e+06	
      4728.676	     6.76674e+06	
      4733.675	     6.76935e+06	
      4738.674	     6.77183e+06	
      4743.672	     6.77425e+06	
      4748.671	     6.77657e+06	
      4753.670	     6.77877e+06	
      4758.668	     6.78088e+06	
      4763.667	     6.78282e+06	
      4768.666	     6.78465e+06	
      4773.664	     6.78631e+06	
      4778.663	     6.78782e+06	
      4783.662	     6.78908e+06	
      4788.660	     6.79008e+06	
      4793.659	     6.79071e+06	
      4798.658	     6.79096e+06	
      4803.656	     6.79077e+06	
      4808.655	     6.78992e+06	
      4813.654	     6.78832e+06	
      4818.652	     6.78562e+06	
      4823.651	     6.78147e+06	
      4828.650	     6.77525e+06	
      4833.648	     6.76605e+06	
      4834.972	     6.76297e+06	
      4838.647	     6.75254e+06	
      4839.161	     6.75084e+06	
      4842.322	     6.73878e+06	
      4845.483	     6.72339e+06	
      4845.503	     6.72329e+06	
      4847.054	     6.71431e+06	
      4848.644	     6.70400e+06	
      4851.785	     6.68019e+06	
      4854.393	     6.65710e+06	
      4856.517	     6.63665e+06	
      4858.401	     6.61814e+06	
      4858.642	     6.61575e+06	
      4858.664	     6.61553e+06	
      4858.883	     6.61334e+06	
      4859.364	     6.60840e+06	
      4859.473	     6.60724e+06	
      4860.065	     6.60049e+06	
      4860.361	     6.59643e+06	
      4860.657	     6.59128e+06	
      4860.805	     6.58783e+06	
      4860.953	     6.58302e+06	
      4861.027	     6.57956e+06	
      4861.101	     6.57463e+06	
      4861.175	     6.56750e+06	
      4861.248	     6.56005e+06	
      4861.322	     6.55619e+06	
      4861.396	     6.56012e+06	
      4861.470	     6.56769e+06	
      4861.543	     6.57476e+06	
      4861.641	     6.58101e+06	
      4861.687	     6.58311e+06	
      4861.689	     6.58318e+06	
      4861.691	     6.58327e+06	
      4861.695	     6.58343e+06	
      4861.741	     6.58516e+06	
      4861.841	     6.58823e+06	
      4861.979	     6.59156e+06	
      4861.987	     6.59172e+06	
      4862.279	     6.59703e+06	
      4862.579	     6.60137e+06	
      4862.596	     6.60159e+06	
      4863.178	     6.60859e+06	
      4863.727	     6.61462e+06	
      4863.761	     6.61500e+06	
      4864.927	     6.62732e+06	
      4866.127	     6.63988e+06	
      4868.413	     6.66332e+06	
      4868.526	     6.66445e+06	
      4868.639	     6.66555e+06	
      4868.865	     6.66778e+06	
      4869.317	     6.67215e+06	
      4869.583	     6.67469e+06	
      4870.221	     6.68066e+06	
      4870.858	     6.68647e+06	
      4872.134	     6.69747e+06	
      4874.623	     6.71676e+06	
      4874.685	     6.71720e+06	
      4874.747	     6.71764e+06	
      4874.871	     6.71852e+06	
      4875.119	     6.72024e+06	
      4875.615	     6.72364e+06	
      4876.607	     6.73008e+06	
      4878.452	     6.74101e+06	
      4878.544	     6.74151e+06	
      4878.590	     6.74176e+06	
      4878.636	     6.74201e+06	
      4878.820	     6.74302e+06	
      4879.188	     6.74500e+06	
      4879.526	     6.74676e+06	
      4879.924	     6.74877e+06	
      4880.322	     6.75075e+06	
      4880.941	     6.75373e+06	
      4881.118	     6.75455e+06	
      4882.709	     6.76156e+06	
      4884.478	     6.76853e+06	
      4887.396	     6.77843e+06	
      4888.015	     6.78028e+06	
      4888.634	     6.78210e+06	
      4889.871	     6.78549e+06	
      4891.061	     6.78851e+06	
      4892.347	     6.79156e+06	
      4893.632	     6.79442e+06	
      4893.777	     6.79470e+06	
      4896.204	     6.79947e+06	
      4898.631	     6.80368e+06	
      4903.340	     6.81047e+06	
      4903.485	     6.81066e+06	
      4903.630	     6.81085e+06	
      4903.920	     6.81119e+06	
      4904.499	     6.81192e+06	
      4905.659	     6.81330e+06	
      4907.328	     6.81515e+06	
      4907.977	     6.81584e+06	
      4908.628	     6.81650e+06	
      4909.929	     6.81779e+06	
      4911.434	     6.81917e+06	
      4912.530	     6.82015e+06	
      4913.014	     6.82055e+06	
      4913.627	     6.82106e+06	
      4915.550	     6.82260e+06	
      4915.820	     6.82282e+06	
      4918.240	     6.82458e+06	
      4918.626	     6.82486e+06	
      4921.701	     6.82684e+06	
      4923.624	     6.82800e+06	
      4925.162	     6.82888e+06	
      4928.623	     6.83070e+06	
      4933.622	     6.83303e+06	
      4938.620	     6.83507e+06	
      4943.619	     6.83683e+06	
      4948.618	     6.83843e+06	
      4953.616	     6.83984e+06	
      4958.615	     6.84110e+06	
      4963.614	     6.84226e+06	
      4968.612	     6.84327e+06	
      4973.611	     6.84421e+06	
      4978.610	     6.84506e+06	
      4983.608	     6.84578e+06	
      4988.607	     6.84638e+06	
      4993.606	     6.84691e+06	
      4998.604	     6.84738e+06	
      5003.603	     6.84779e+06	
      5008.602	     6.84814e+06	
      5013.600	     6.84842e+06	
      5018.599	     6.84864e+06	
      5023.598	     6.84883e+06	
      5028.596	     6.84899e+06	
      5033.595	     6.84908e+06	
      5038.594	     6.84914e+06	
      5043.592	     6.84914e+06	
      5048.591	     6.84911e+06	
      5053.590	     6.84902e+06	
      5058.588	     6.84892e+06	
      5063.587	     6.84877e+06	
      5068.586	     6.84858e+06	
      5073.584	     6.84833e+06	
      5078.583	     6.84804e+06	
      5083.582	     6.84760e+06	
      5088.580	     6.84707e+06	
      5093.579	     6.84650e+06	
      5098.578	     6.84591e+06	
      5103.576	     6.84528e+06	
      5108.575	     6.84462e+06	
      5113.574	     6.84393e+06	
      5118.572	     6.84321e+06	
      5123.571	     6.84245e+06	
      5128.570	     6.84167e+06	
      5133.568	     6.84085e+06	
      5138.567	     6.84000e+06	
      5143.566	     6.83915e+06	
      5148.564	     6.83824e+06	
      5153.563	     6.83730e+06	
      5158.562	     6.83636e+06	
      5163.560	     6.83535e+06	
      5168.559	     6.83435e+06	
      5173.558	     6.83331e+06	
      5178.556	     6.83218e+06	
      5183.555	     6.83098e+06	
      5188.554	     6.82973e+06	
      5193.552	     6.82844e+06	
      5198.551	     6.82715e+06	
      5203.550	     6.82583e+06	
      5208.548	     6.82448e+06	
      5213.547	     6.82310e+06	
      5218.546	     6.82169e+06	
      5223.544	     6.82027e+06	
      5228.543	     6.81883e+06	
      5233.542	     6.81735e+06	
      5238.540	     6.81584e+06	
      5243.539	     6.81430e+06	
      5248.537	     6.81276e+06	
      5253.536	     6.81119e+06	
      5258.535	     6.80959e+06	
      5263.533	     6.80796e+06	
      5268.532	     6.80632e+06	
      5273.531	     6.80466e+06	
      5278.529	     6.80346e+06	
      5283.528	     6.80230e+06	
      5288.527	     6.80111e+06	
      5293.525	     6.79985e+06	
      5298.524	     6.79859e+06	
      5303.523	     6.79728e+06	
      5308.521	     6.79596e+06	
      5313.520	     6.79457e+06	
      5318.519	     6.79316e+06	
      5323.517	     6.79171e+06	
      5328.516	     6.79024e+06	
      5333.515	     6.78873e+06	
      5338.513	     6.78719e+06	
      5343.512	     6.78562e+06	
      5348.511	     6.78402e+06	
      5353.509	     6.78238e+06	
      5358.508	     6.78072e+06	
      5363.507	     6.77921e+06	
      5368.505	     6.77745e+06	
      5373.504	     6.77547e+06	
      5378.503	     6.77315e+06	
      5383.501	     6.77079e+06	
      5388.500	     6.76844e+06	
      5393.499	     6.76605e+06	
      5398.497	     6.76366e+06	
      5403.496	     6.76121e+06	
      5408.495	     6.75879e+06	
      5413.493	     6.75631e+06	
      5418.492	     6.75383e+06	
      5423.491	     6.75131e+06	
      5428.489	     6.74880e+06	
      5433.488	     6.74626e+06	
      5438.487	     6.74368e+06	
      5443.485	     6.74110e+06	
      5448.484	     6.73850e+06	
      5453.483	     6.73589e+06	
      5458.481	     6.73325e+06	
      5463.480	     6.73058e+06	
      5468.479	     6.72791e+06	
      5473.477	     6.72555e+06	
      5478.476	     6.72320e+06	
      5483.475	     6.72078e+06	
      5488.473	     6.71836e+06	
      5493.472	     6.71594e+06	
      5498.471	     6.71349e+06	
      5503.469	     6.71101e+06	
      5508.468	     6.70849e+06	
      5513.466	     6.70595e+06	
      5518.465	     6.70340e+06	
      5523.464	     6.70086e+06	
      5528.462	     6.69825e+06	
      5533.461	     6.69564e+06	
      5538.460	     6.69304e+06	
      5543.458	     6.69037e+06	
      5548.457	     6.68770e+06	
      5553.456	     6.68503e+06	
      5558.454	     6.68232e+06	
      5563.453	     6.67959e+06	
      5568.452	     6.67683e+06	
      5573.450	     6.67406e+06	
      5578.449	     6.67123e+06	
      5583.448	     6.66844e+06	
      5588.446	     6.66558e+06	
      5593.445	     6.66275e+06	
      5598.444	     6.65986e+06	
      5603.442	     6.65697e+06	
      5608.441	     6.65405e+06	
      5613.440	     6.65113e+06	
      5618.438	     6.64818e+06	
      5623.437	     6.64522e+06	
      5628.436	     6.64224e+06	
      5633.434	     6.63922e+06	
      5638.433	     6.63621e+06	
      5643.432	     6.63316e+06	
      5648.430	     6.63011e+06	
      5653.429	     6.62703e+06	
      5658.428	     6.62395e+06	
      5663.426	     6.62084e+06	
      5668.425	     6.61795e+06	
      5673.424	     6.61478e+06	
      5673.979	     6.61443e+06	
      5678.422	     6.61164e+06	
      5682.865	     6.60881e+06	
      5686.198	     6.60668e+06	
      5687.309	     6.60595e+06	
      5687.864	     6.60561e+06	
      5688.420	     6.60523e+06	
      5690.641	     6.60382e+06	
      5693.418	     6.60203e+06	
      5698.417	     6.59879e+06	
      5703.415	     6.59555e+06	
      5704.770	     6.59467e+06	
      5708.414	     6.59229e+06	
      5708.882	     6.59197e+06	
      5712.058	     6.58990e+06	
      5713.413	     6.58902e+06	
      5715.234	     6.58779e+06	
      5718.411	     6.58572e+06	
      5723.410	     6.58239e+06	
      5728.409	     6.57906e+06	
      5733.407	     6.57573e+06	
      5738.406	     6.57237e+06	
      5743.405	     6.56901e+06	
      5748.403	     6.56561e+06	
      5753.402	     6.56222e+06	
      5758.401	     6.55880e+06	
      5763.399	     6.55434e+06	
      5768.398	     6.55088e+06	
      5773.397	     6.54739e+06	
      5778.395	     6.54391e+06	
      5783.394	     6.54039e+06	
      5788.393	     6.53687e+06	
      5793.391	     6.53335e+06	
      5798.390	     6.52980e+06	
      5803.389	     6.52625e+06	
      5808.387	     6.52267e+06	
      5813.386	     6.51909e+06	
      5818.385	     6.51547e+06	
      5823.383	     6.51186e+06	
      5828.382	     6.50822e+06	
      5833.381	     6.50457e+06	
      5838.379	     6.50093e+06	
      5843.378	     6.49725e+06	
      5848.377	     6.49358e+06	
      5853.375	     6.48987e+06	
      5858.374	     6.48616e+06	
      5863.372	     6.48246e+06	
      5868.371	     6.47872e+06	
      5873.370	     6.47498e+06	
      5878.368	     6.47121e+06	
      5883.367	     6.46744e+06	
      5888.366	     6.46367e+06	
      5893.364	     6.45987e+06	
      5898.363	     6.45607e+06	
      5903.362	     6.45223e+06	
      5908.360	     6.44840e+06	
      5913.359	     6.44457e+06	
      5918.358	     6.44070e+06	
      5923.356	     6.43684e+06	
      5928.355	     6.43295e+06	
      5933.354	     6.42905e+06	
      5938.352	     6.42515e+06	
      5943.351	     6.42123e+06	
      5948.350	     6.41730e+06	
      5953.348	     6.41337e+06	
      5958.347	     6.40938e+06	
      5963.346	     6.40539e+06	
      5968.344	     6.40140e+06	
      5973.343	     6.39741e+06	
      5978.342	     6.39339e+06	
      5983.340	     6.38937e+06	
      5988.339	     6.38532e+06	
      5993.338	     6.38127e+06	
      5998.336	     6.37721e+06	
      6003.335	     6.37313e+06	
      6008.333	     6.36905e+06	
      6013.332	     6.36493e+06	
      6018.331	     6.36085e+06	
      6023.329	     6.35673e+06	
      6028.328	     6.35258e+06	
      6033.327	     6.34844e+06	
      6038.325	     6.34429e+06	
      6043.324	     6.34014e+06	
      6048.323	     6.33596e+06	
      6053.321	     6.33179e+06	
      6058.320	     6.32758e+06	
      6063.319	     6.32337e+06	
      6068.317	     6.31916e+06	
      6073.316	     6.31492e+06	
      6078.315	     6.31067e+06	
      6083.313	     6.30643e+06	
      6088.312	     6.30219e+06	
      6093.311	     6.29792e+06	
      6098.309	     6.29365e+06	
      6103.308	     6.28934e+06	
      6108.307	     6.28504e+06	
      6113.305	     6.28073e+06	
      6118.304	     6.27640e+06	
      6123.303	     6.27206e+06	
      6128.301	     6.26773e+06	
      6133.300	     6.26339e+06	
      6138.298	     6.25903e+06	
      6143.297	     6.25466e+06	
      6148.296	     6.25026e+06	
      6153.294	     6.24586e+06	
      6158.293	     6.24146e+06	
      6163.292	     6.23704e+06	
      6168.290	     6.23261e+06	
      6173.289	     6.22818e+06	
      6178.288	     6.22371e+06	
      6183.286	     6.21925e+06	
      6188.285	     6.21479e+06	
      6193.284	     6.21030e+06	
      6198.282	     6.20581e+06	
      6203.281	     6.20128e+06	
      6208.280	     6.19679e+06	
      6213.278	     6.19224e+06	
      6218.277	     6.18771e+06	
      6223.276	     6.18316e+06	
      6228.274	     6.17860e+06	
      6233.273	     6.17401e+06	
      6238.272	     6.16943e+06	
      6243.270	     6.16481e+06	
      6244.381	     6.16380e+06	
      6248.269	     6.16019e+06	
      6252.157	     6.15661e+06	
      6253.821	     6.15507e+06	
      6256.044	     6.15300e+06	
      6258.266	     6.15092e+06	
      6262.157	     6.14731e+06	
      6262.711	     6.14678e+06	
      6263.265	     6.14627e+06	
      6264.372	     6.14524e+06	
      6264.912	     6.14474e+06	
      6266.588	     6.14316e+06	
      6268.263	     6.14159e+06	
      6269.967	     6.13999e+06	
      6271.615	     6.13845e+06	
      6273.262	     6.13691e+06	
      6274.854	     6.13540e+06	
      6276.557	     6.13380e+06	
      6278.261	     6.13220e+06	
      6280.076	     6.13047e+06	
      6281.668	     6.12896e+06	
      6283.259	     6.12746e+06	
      6284.627	     6.12617e+06	
      6286.443	     6.12444e+06	
      6288.258	     6.12274e+06	
      6290.521	     6.12058e+06	
      6291.889	     6.11929e+06	
      6293.257	     6.11797e+06	
      6293.729	     6.11753e+06	
      6295.992	     6.11536e+06	
      6298.255	     6.11319e+06	
      6302.310	     6.10930e+06	
      6302.782	     6.10886e+06	
      6303.254	     6.10839e+06	
      6303.918	     6.10776e+06	
      6304.198	     6.10748e+06	
      6306.085	     6.10569e+06	
      6308.253	     6.10358e+06	
      6311.924	     6.10003e+06	
      6312.587	     6.09937e+06	
      6313.251	     6.09874e+06	
      6314.579	     6.09745e+06	
      6316.219	     6.09585e+06	
      6317.234	     6.09488e+06	
      6317.314	     6.09478e+06	
      6318.250	     6.09387e+06	
      6320.281	     6.09189e+06	
      6323.249	     6.08900e+06	
      6328.247	     6.08407e+06	
      6333.246	     6.07914e+06	
      6338.245	     6.07418e+06	
      6343.243	     6.06918e+06	
      6348.242	     6.06412e+06	
      6353.241	     6.05906e+06	
      6358.239	     6.05394e+06	
      6363.238	     6.04882e+06	
      6368.236	     6.04361e+06	
      6373.235	     6.03836e+06	
      6378.234	     6.03308e+06	
      6383.232	     6.02774e+06	
      6388.231	     6.02231e+06	
      6393.230	     6.01684e+06	
      6398.228	     6.01125e+06	
      6403.227	     6.00563e+06	
      6408.226	     5.99988e+06	
      6413.224	     5.99400e+06	
      6418.223	     5.98803e+06	
      6423.222	     5.98194e+06	
      6428.220	     5.97569e+06	
      6433.219	     5.96928e+06	
      6438.218	     5.96265e+06	
      6443.216	     5.95580e+06	
      6448.215	     5.94870e+06	
      6453.214	     5.94132e+06	
      6458.212	     5.93359e+06	
      6463.211	     5.92545e+06	
      6468.210	     5.91684e+06	
      6473.208	     5.90770e+06	
      6478.207	     5.89799e+06	
      6483.205	     5.88738e+06	
      6488.204	     5.87585e+06	
      6493.203	     5.86319e+06	
      6498.201	     5.84911e+06	
      6503.200	     5.83334e+06	
      6508.199	     5.81546e+06	
      6513.197	     5.79495e+06	
      6518.196	     5.77111e+06	
      6523.195	     5.74302e+06	
      6523.719	     5.73978e+06	
      6528.193	     5.70959e+06	
      6532.668	     5.67390e+06	
      6536.095	     5.64214e+06	
      6537.143	     5.63156e+06	
      6537.383	     5.62907e+06	
      6538.191	     5.62050e+06	
      6540.286	     5.59694e+06	
      6543.189	     5.56084e+06	
      6546.457	     5.51488e+06	
      6546.724	     5.51089e+06	
      6548.188	     5.48821e+06	
      6549.918	     5.45981e+06	
      6553.113	     5.40282e+06	
      6554.426	     5.37772e+06	
      6556.306	     5.33998e+06	
      6556.871	     5.32817e+06	
      6557.903	     5.30646e+06	
      6558.185	     5.30043e+06	
      6559.500	     5.27301e+06	
      6560.298	     5.25617e+06	
      6561.096	     5.23647e+06	
      6561.496	     5.22425e+06	
      6561.895	     5.20835e+06	
      6562.094	     5.19770e+06	
      6562.294	     5.18316e+06	
      6562.394	     5.17310e+06	
      6562.494	     5.15919e+06	
      6562.594	     5.14062e+06	
      6562.693	     5.12350e+06	
      6562.793	     5.11426e+06	
      6562.892	     5.12318e+06	
      6562.992	     5.14034e+06	
      6563.092	     5.15878e+06	
      6563.289	     5.18218e+06	
      6563.291	     5.18237e+06	
      6563.490	     5.19657e+06	
      6563.691	     5.20703e+06	
      6563.696	     5.20725e+06	
      6564.093	     5.22246e+06	
      6564.481	     5.23374e+06	
      6564.490	     5.23399e+06	
      6565.283	     5.25237e+06	
      6566.086	     5.26811e+06	
      6567.201	     5.28950e+06	
      6567.692	     5.29927e+06	
      6568.183	     5.30888e+06	
      6569.048	     5.32563e+06	
      6569.164	     5.32786e+06	
      6569.280	     5.33009e+06	
      6569.334	     5.33113e+06	
      6569.512	     5.33449e+06	
      6569.976	     5.34319e+06	
      6570.904	     5.36019e+06	
      6572.473	     5.38767e+06	
      6575.558	     5.43756e+06	
      6575.613	     5.43838e+06	
      6575.667	     5.43923e+06	
      6575.777	     5.44089e+06	
      6575.997	     5.44419e+06	
      6576.437	     5.45073e+06	
      6576.454	     5.45098e+06	
      6576.632	     5.45358e+06	
      6577.317	     5.46345e+06	
      6578.180	     5.47548e+06	
      6579.905	     5.49826e+06	
      6583.178	     5.53696e+06	
      6587.911	     5.58321e+06	
      6588.177	     5.58550e+06	
      6588.443	     5.58776e+06	
      6588.975	     5.59219e+06	
      6590.039	     5.60071e+06	
      6591.023	     5.60821e+06	
      6592.166	     5.61648e+06	
      6593.014	     5.62229e+06	
      6593.309	     5.62427e+06	
      6595.594	     5.63859e+06	
      6598.174	     5.65289e+06	
      6603.335	     5.67639e+06	
      6613.656	     5.70809e+06	
      6623.977	     5.72612e+06	
      6634.299	     5.73564e+06	
      6639.690	     5.73828e+06	
      6654.941	     5.73988e+06	
      6675.584	     5.73353e+06	
      6711.477	     5.71116e+06	
      6741.748	     5.68726e+06	
      6747.370	     5.68251e+06	
      6783.263	     5.65097e+06	
      6824.779	     5.61268e+06	
      6907.811	     5.53379e+06	
      6990.842	     5.45311e+06	
      7038.601	     5.40627e+06	
      7073.874	     5.37153e+06	
      7109.146	     5.33675e+06	
      7179.691	     5.26763e+06	
      7250.236	     5.19839e+06	
      7320.781	     5.12915e+06	
      7389.137	     5.06261e+06	
      7391.326	     5.06045e+06	
      7393.514	     5.05831e+06	
      7397.891	     5.05407e+06	
      7406.645	     5.04555e+06	
      7424.152	     5.02856e+06	
      7459.167	     4.99457e+06	
      7529.196	     4.92677e+06	
      7599.225	     4.85926e+06	
      7660.626	     4.80029e+06	
      7669.254	     4.79203e+06	
      7677.881	     4.78377e+06	
      7695.137	     4.76743e+06	
      7729.647	     4.73479e+06	
      7798.668	     4.66979e+06	
      7867.690	     4.60517e+06	
      7911.174	     4.56467e+06	
      7936.711	     4.54098e+06	
      7962.248	     4.51736e+06	
      8013.322	     4.47058e+06	
      8046.242	     4.44055e+06	
      8064.396	     4.42405e+06	
      8082.550	     4.40759e+06	
      8118.857	     4.37489e+06	
      8180.092	     4.32004e+06	
      8191.471	     4.30989e+06	
      8200.850	     4.30153e+06	
      8202.850	     4.29974e+06	
      8204.849	     4.29798e+06	
      8208.848	     4.29443e+06	
      8216.846	     4.28736e+06	
      8232.842	     4.27323e+06	
      8264.833	     4.24505e+06	
      8289.715	     4.22321e+06	
      8328.816	     4.18906e+06	
      8343.441	     4.17634e+06	
      8367.916	     4.15507e+06	
      8371.465	     4.15202e+06	
      8388.684	     4.13719e+06	
      8392.391	     4.13402e+06	
      8408.650	     4.12004e+06	
      8413.318	     4.11605e+06	
      8432.024	     4.10003e+06	
      8437.951	     4.09497e+06	
      8467.252	     4.07000e+06	
      8473.978	     4.06428e+06	
      8502.481	     4.04012e+06	
      8516.584	     4.02821e+06	
      8530.983	     4.01605e+06	
      8545.382	     4.00402e+06	
      8549.972	     4.00019e+06	
      8574.180	     3.98002e+06	
      8598.388	     3.95995e+06	
      8628.597	     3.93497e+06	
      8646.805	     3.91995e+06	
      8652.391	     3.91537e+06	
      8665.013	     3.90503e+06	
      8685.587	     3.88816e+06	
      8701.429	     3.87525e+06	
      8750.468	     3.83541e+06	
      8767.917	     3.82131e+06	
      8815.350	     3.78320e+06	
      8862.782	     3.74569e+06	
      8900.383	     3.71619e+06	
      8957.646	     3.67158e+06	
      9014.908	     3.62741e+06	
      9044.624	     3.60466e+06	
      9072.171	     3.58368e+06	
      9099.717	     3.56279e+06	
      9154.810	     3.52169e+06	
      9190.798	     3.49505e+06	
      9209.903	     3.48098e+06	
      9229.009	     3.46694e+06	
      9267.221	     3.43904e+06	
      9303.204	     3.41293e+06	
      9343.644	     3.38381e+06	
      9384.084	     3.35488e+06	
      9464.964	     3.29820e+06	
      9545.723	     3.24241e+06	
      9545.844	     3.24231e+06	
      9545.965	     3.24222e+06	
      9546.207	     3.24206e+06	
      9546.691	     3.24175e+06	
      9546.866	     3.24162e+06	
      9547.658	     3.24109e+06	
      9549.594	     3.23977e+06	
      9553.465	     3.23710e+06	
      9561.207	     3.23182e+06	
      9576.691	     3.22126e+06	
      9607.658	     3.20021e+06	
      9668.451	     3.15928e+06	
      9729.243	     3.11918e+06	
      9790.036	     3.07953e+06	
      9850.828	     3.04035e+06	
      9870.422	     3.02782e+06	
      9911.620	     3.00163e+06	
      9952.819	     2.97565e+06	
     10021.070	     2.93343e+06	
     10035.217	     2.92475e+06	
     10049.364	     2.91605e+06	
     10077.658	     2.89887e+06	
     10134.247	     2.86472e+06	
     10144.484	     2.85858e+06	
     10190.835	     2.83094e+06	
     10237.187	     2.80355e+06	
     10329.890	     2.75069e+06	
     10422.592	     2.69879e+06	
     10515.295	     2.64782e+06	
     10607.998	     2.59778e+06	
     10700.701	     2.54867e+06	
     10793.403	     2.50047e+06	
     10834.127	     2.47957e+06	
     10886.106	     2.45310e+06	
     10938.085	     2.42678e+06	
     10990.064	     2.40117e+06	
     11042.043	     2.37570e+06	
     11094.022	     2.35047e+06	
     11146.000	     2.32549e+06	
     11197.979	     2.30079e+06	
     11239.008	     2.28147e+06	
     11249.958	     2.27635e+06	
     11260.908	     2.27124e+06	
     11282.808	     2.26142e+06	
     11326.608	     2.24190e+06	
     11414.209	     2.20337e+06	
     11501.809	     2.16552e+06	
     11589.411	     2.12832e+06	
     11677.011	     2.09178e+06	
     11764.612	     2.05589e+06	
     11852.212	     2.02064e+06	
     11939.813	     1.98602e+06	
     12027.413	     1.95201e+06	
     12115.014	     1.91862e+06	
     12120.600	     1.91652e+06	
     12202.614	     1.88584e+06	
     12284.629	     1.85569e+06	
     12366.644	     1.82733e+06	
     12448.658	     1.79941e+06	
     12530.673	     1.77190e+06	
     12612.688	     1.74479e+06	
     12694.701	     1.71799e+06	
     12735.367	     1.70474e+06	
     12776.716	     1.69122e+06	
     12818.066	     1.67760e+06	
     12900.764	     1.65281e+06	
     12983.464	     1.62783e+06	
     13066.162	     1.60304e+06	
     13148.861	     1.57859e+06	
     13154.771	     1.57685e+06	
     13231.560	     1.55451e+06	
     13308.350	     1.53250e+06	
     13385.140	     1.51198e+06	
     13461.929	     1.49172e+06	
     13538.719	     1.47175e+06	
     13615.509	     1.45205e+06	
     13692.299	     1.43264e+06	
     13769.088	     1.41348e+06	
     13845.878	     1.39459e+06	
     13922.668	     1.37596e+06	
     13999.458	     1.35760e+06	
     14076.247	     1.33949e+06	
     14153.038	     1.32165e+06	
     14229.828	     1.30406e+06	
     14281.164	     1.29244e+06	
     14306.618	     1.28672e+06	
     14332.071	     1.28103e+06	
     14382.978	     1.27010e+06	
     14410.128	     1.26430e+06	
     14427.096	     1.26069e+06	
     14433.884	     1.25925e+06	
     14457.640	     1.25423e+06	
     14505.152	     1.24431e+06	
     14581.211	     1.22861e+06	
     14583.210	     1.22820e+06	
     14585.210	     1.22779e+06	
     14589.208	     1.22700e+06	
     14597.206	     1.22540e+06	
     14613.202	     1.22223e+06	
     14645.193	     1.21589e+06	
     14709.176	     1.20332e+06	
     14773.158	     1.19088e+06	
     14837.141	     1.17856e+06	
     14901.123	     1.16636e+06	
     14965.106	     1.15430e+06	
     15029.088	     1.14236e+06	
     15093.071	     1.13054e+06	
     15157.054	     1.11884e+06	
     15221.036	     1.10727e+06	
     15285.019	     1.09582e+06	
     15349.001	     1.08449e+06	
     15412.984	     1.07328e+06	
     15471.572	     1.06312e+06	
     15476.966	     1.06219e+06	
     15482.361	     1.06126e+06	
     15493.150	     1.05935e+06	
     15514.728	     1.05554e+06	
     15557.884	     1.04795e+06	
     15644.197	     1.03296e+06	
     15730.509	     1.01819e+06	
     15816.821	     1.00364e+06	
     15903.134	     9.89316e+05	
     15989.446	     9.75210e+05	
     16075.759	     9.61324e+05	
     16162.071	     9.47649e+05	
     16248.384	     9.34184e+05	
     16289.880	     9.27785e+05	
     16334.696	     9.20926e+05	
     16379.512	     9.14125e+05	
     16469.143	     8.98370e+05	
     16558.775	     8.82945e+05	
     16648.406	     8.67840e+05	
     16738.038	     8.53049e+05	
     16827.669	     8.38563e+05	
     16917.301	     8.24379e+05	
     17006.933	     8.10487e+05	
     17096.564	     7.96878e+05	
     17186.196	     7.83548e+05	
     17275.827	     7.70491e+05	
     17327.685	     7.63058e+05	
     17365.459	     7.57699e+05	
     17403.232	     7.52383e+05	
     17478.780	     7.41884e+05	
     17554.327	     7.31564e+05	
     17629.874	     7.21416e+05	
     17705.422	     7.11442e+05	
     17780.969	     7.01637e+05	
     17856.517	     6.91995e+05	
     17932.064	     6.82514e+05	
     18007.611	     6.72753e+05	
     18083.159	     6.63504e+05	
     18158.706	     6.54381e+05	
     18234.253	     6.45362e+05	
     18309.801	     6.36424e+05	
     18343.743	     6.32425e+05	
     18385.348	     6.27524e+05	
     18426.953	     6.22613e+05	
     18510.162	     6.12667e+05	
     18593.371	     6.02316e+05	
     18602.053	     6.01197e+05	
     18676.581	     5.91169e+05	
     18713.844	     5.86017e+05	
     18751.108	     5.81060e+05	
     18788.372	     5.78421e+05	
     18825.636	     5.75926e+05	
     18900.163	     5.70541e+05	
     18974.691	     5.64397e+05	
     19049.219	     5.57827e+05	
     19123.746	     5.51076e+05	
     19198.274	     5.44268e+05	
     19272.802	     5.37479e+05	
     19347.329	     5.30738e+05	
     19393.041	     5.26638e+05	
     19421.857	     5.24068e+05	
     19450.673	     5.21511e+05	
     19508.305	     5.16434e+05	
     19565.938	     5.11637e+05	
     19623.570	     5.06635e+05	
     19681.202	     5.01693e+05	
     19738.834	     4.96811e+05	
     19796.467	     4.91986e+05	
     19854.099	     4.87220e+05	
     19911.731	     4.82511e+05	
     19969.363	     4.77855e+05	
     20026.996	     4.73256e+05	
     20084.628	     4.68713e+05	
     20142.260	     4.64221e+05	
     20199.892	     4.59782e+05	
     20257.525	     4.55396e+05	
     20315.157	     4.51060e+05	
     20372.789	     4.46778e+05	
     20386.449	     4.45770e+05	
     20430.421	     4.42544e+05	
     20474.393	     4.39345e+05	
     20562.337	     4.33037e+05	
     20650.280	     4.26842e+05	
     20738.224	     4.20754e+05	
     20826.167	     4.14772e+05	
     20914.111	     4.08894e+05	
     21002.055	     4.03120e+05	
     21089.998	     3.97443e+05	
     21177.942	     3.91867e+05	
     21265.885	     3.86388e+05	
     21353.829	     3.81000e+05	
     21441.773	     3.75706e+05	
     21529.716	     3.70504e+05	
     21604.704	     3.66137e+05	
     21617.660	     3.65386e+05	
     21630.617	     3.64642e+05	
     21656.529	     3.63156e+05	
     21708.356	     3.60206e+05	
     21760.182	     3.57284e+05	
     21812.008	     3.54391e+05	
     21863.835	     3.51529e+05	
     21915.661	     3.48695e+05	
     21967.487	     3.45889e+05	
     22019.313	     3.43109e+05	
     22071.139	     3.40360e+05	
     22122.966	     3.37633e+05	
     22174.792	     3.34938e+05	
     22226.619	     3.32267e+05	
     22278.445	     3.29622e+05	
     22330.271	     3.27005e+05	
     22382.097	     3.24410e+05	
     22433.923	     3.21844e+05	
     22485.750	     3.19302e+05	
     22537.576	     3.16786e+05	
     22589.403	     3.14291e+05	
     22641.228	     3.11822e+05	
     22693.054	     3.09377e+05	
     22702.925	     3.08914e+05	
     22744.881	     3.06955e+05	
     22784.838	     3.05104e+05	
     22786.838	     3.05012e+05	
     22788.837	     3.04920e+05	
     22792.836	     3.04736e+05	
     22800.834	     3.04368e+05	
     22816.829	     3.03633e+05	
     22848.821	     3.02170e+05	
     22912.803	     2.99271e+05	
     22976.786	     2.96405e+05	
     23040.768	     2.93574e+05	
     23104.751	     2.90776e+05	
     23168.733	     2.88011e+05	
     23232.716	     2.85279e+05	
     23296.698	     2.82578e+05	
     23360.681	     2.79909e+05	
     23424.663	     2.77270e+05	
     23488.646	     2.74663e+05	
     23552.628	     2.72086e+05	
     23616.611	     2.69538e+05	
     23680.593	     2.67020e+05	
     23744.576	     2.64531e+05	
     23808.558	     2.62071e+05	
     23872.541	     2.59638e+05	
     23936.523	     2.57234e+05	
     24000.506	     2.54857e+05	
     24064.488	     2.52508e+05	
     24128.471	     2.50185e+05	
     24192.453	     2.47888e+05	
     24256.436	     2.45617e+05	
     24320.419	     2.43372e+05	
     24384.401	     2.41152e+05	
     24448.384	     2.38958e+05	
     24512.366	     2.36788e+05	
     24576.349	     2.34642e+05	
     24640.331	     2.32520e+05	
     24704.314	     2.30422e+05	
     24768.296	     2.28348e+05	
     24832.279	     2.26296e+05	
     24896.261	     2.24267e+05	
     24960.244	     2.22261e+05	
     25004.437	     2.20888e+05	
     25024.226	     2.20277e+05	
     25044.016	     2.19667e+05	
     25083.595	     2.18456e+05	
     25162.753	     2.16057e+05	
     25241.912	     2.13691e+05	
     25321.070	     2.11356e+05	
     25400.228	     2.09054e+05	
     25479.387	     2.06782e+05	
     25558.545	     2.04540e+05	
     25637.703	     2.02329e+05	
     25716.862	     2.00147e+05	
     25796.020	     1.97994e+05	
     25875.179	     1.95870e+05	
     25954.337	     1.93774e+05	
     26033.495	     1.91706e+05	
     26112.654	     1.89665e+05	
     26191.812	     1.87650e+05	
     26270.970	     1.85663e+05	
     26350.129	     1.83701e+05	
     26429.287	     1.81765e+05	
     26508.445	     1.79854e+05	
     26587.604	     1.77968e+05	
     26666.762	     1.76106e+05	
     26745.921	     1.74269e+05	
     26825.079	     1.72455e+05	
     26904.237	     1.70664e+05	
     26983.396	     1.68896e+05	
     27062.554	     1.67151e+05	
     27141.712	     1.65429e+05	
     27142.547	     1.65411e+05	
     27220.871	     1.63728e+05	
     27299.194	     1.62066e+05	
     27377.518	     1.60426e+05	
     27455.842	     1.58807e+05	
     27534.165	     1.57207e+05	
     27612.489	     1.55628e+05	
     27690.812	     1.54068e+05	
     27769.136	     1.52527e+05	
     27847.459	     1.51006e+05	
     27925.783	     1.49503e+05	
     28004.107	     1.48019e+05	
     28082.430	     1.46553e+05	
     28160.754	     1.45105e+05	
     28239.077	     1.43675e+05	
     28317.401	     1.42262e+05	
     28395.725	     1.40866e+05	
     28474.048	     1.39487e+05	
     28552.372	     1.38125e+05	
     28630.695	     1.36780e+05	
     28709.019	     1.35450e+05	
     28787.343	     1.34137e+05	
     28865.666	     1.32839e+05	
     28943.990	     1.31557e+05	
     29022.313	     1.30290e+05	
     29100.637	     1.29038e+05	
     29178.961	     1.27802e+05	
     29257.284	     1.26579e+05	
     29335.608	     1.25372e+05	
     29413.931	     1.24178e+05	
     29492.255	     1.22999e+05	
     29570.578	     1.21833e+05	
     29648.902	     1.20681e+05	
     29727.226	     1.19543e+05	
     29805.549	     1.18418e+05	
     29883.873	     1.17306e+05	
     29932.600	     1.16621e+05	
     29962.196	     1.16207e+05	
     29991.792	     1.15795e+05	
#time:0.046074
