# Koester WD models
# teff = 5000 K (value for the effective temperature for the model. Temperatures are given in K)
# logg = 8.5 log(cm/s2) (value for Log(G) for the model.)
#
#   WAVELENGTH	#           FLUX	
#   (ANGSTROM)	#  (ERG/CM2/S/A)	
##############	################	
       899.230	     1.21485e-04	
       900.753	     1.28553e-04	
       902.278	     1.36005e-04	
       903.368	     1.41582e-04	
       903.802	     1.43858e-04	
       904.235	     1.46169e-04	
       905.102	     1.50893e-04	
       906.836	     1.60774e-04	
       907.899	     1.67128e-04	
       908.450	     1.70512e-04	
       908.570	     1.71258e-04	
       909.241	     1.75483e-04	
       910.032	     1.80589e-04	
       911.193	     1.88339e-04	
       911.613	     1.91221e-04	
       912.034	     1.94144e-04	
       912.465	     1.97187e-04	
       912.875	     2.00116e-04	
       913.037	     2.01287e-04	
       913.241	     2.02771e-04	
       913.284	     2.03085e-04	
       913.478	     2.04508e-04	
       913.531	     2.04899e-04	
       913.755	     2.06549e-04	
       913.822	     2.07047e-04	
       914.080	     2.08976e-04	
       914.165	     2.09615e-04	
       914.499	     2.12144e-04	
       914.575	     2.12723e-04	
       915.071	     2.16534e-04	
       915.540	     2.20202e-04	
       915.609	     2.20739e-04	
       915.643	     2.21008e-04	
       915.677	     2.21277e-04	
       915.741	     2.21785e-04	
       915.813	     2.22357e-04	
       916.085	     2.24531e-04	
       916.429	     2.27309e-04	
       916.858	     2.30810e-04	
       917.118	     2.32961e-04	
       917.196	     2.33611e-04	
       917.378	     2.35132e-04	
       917.899	     2.39529e-04	
       917.952	     2.39981e-04	
       918.287	     2.42860e-04	
       918.602	     2.45587e-04	
       919.251	     2.51314e-04	
       920.215	     2.60043e-04	
       921.882	     2.75807e-04	
       921.999	     2.76948e-04	
       922.143	     2.78358e-04	
       922.405	     2.80930e-04	
       922.810	     2.84966e-04	
       923.621	     2.93200e-04	
       925.001	     3.07733e-04	
       925.242	     3.10340e-04	
       925.484	     3.12969e-04	
       925.564	     3.13846e-04	
       925.966	     3.18287e-04	
       926.164	     3.20496e-04	
       926.369	     3.22789e-04	
       927.173	     3.31966e-04	
       927.276	     3.33147e-04	
       928.182	     3.43816e-04	
       928.917	     3.52694e-04	
       928.980	     3.53467e-04	
       929.089	     3.54808e-04	
       929.261	     3.56932e-04	
       929.317	     3.57617e-04	
       929.543	     3.60429e-04	
       929.655	     3.61833e-04	
       929.769	     3.63262e-04	
       929.827	     3.63994e-04	
       929.883	     3.64701e-04	
       929.910	     3.65040e-04	
       929.939	     3.65408e-04	
       929.954	     3.65600e-04	
       929.968	     3.65776e-04	
       929.982	     3.65952e-04	
       929.996	     3.66131e-04	
       930.010	     3.66307e-04	
       930.024	     3.66486e-04	
       930.038	     3.66662e-04	
       930.052	     3.66841e-04	
       930.081	     3.67208e-04	
       930.137	     3.67921e-04	
       930.201	     3.68738e-04	
       930.247	     3.69326e-04	
       930.249	     3.69351e-04	
       930.251	     3.69376e-04	
       930.301	     3.70017e-04	
       930.326	     3.70322e-04	
       930.329	     3.70362e-04	
       930.402	     3.71299e-04	
       930.478	     3.72276e-04	
       930.630	     3.74236e-04	
       930.931	     3.78132e-04	
       931.229	     3.81999e-04	
       931.490	     3.85420e-04	
       931.534	     3.85998e-04	
       931.838	     3.90007e-04	
       932.447	     3.98118e-04	
       933.265	     4.09309e-04	
       933.403	     4.11216e-04	
       933.432	     4.11605e-04	
       933.542	     4.13138e-04	
       933.652	     4.14678e-04	
       933.872	     4.17782e-04	
       933.973	     4.19217e-04	
       934.073	     4.20622e-04	
       934.312	     4.24008e-04	
       934.316	     4.24065e-04	
       934.652	     4.28912e-04	
       935.230	     4.37570e-04	
       935.688	     4.44714e-04	
       936.144	     4.52081e-04	
       936.372	     4.55713e-04	
       936.601	     4.59288e-04	
       936.714	     4.61063e-04	
       936.829	     4.62873e-04	
       936.887	     4.63787e-04	
       936.944	     4.64689e-04	
       936.973	     4.65150e-04	
       937.001	     4.65593e-04	
       937.015	     4.65817e-04	
       937.029	     4.66036e-04	
       937.043	     4.66259e-04	
       937.058	     4.66498e-04	
       937.072	     4.66721e-04	
       937.086	     4.66944e-04	
       937.101	     4.67183e-04	
       937.115	     4.67403e-04	
       937.143	     4.67849e-04	
       937.200	     4.68760e-04	
       937.314	     4.70582e-04	
       937.493	     4.73457e-04	
       937.542	     4.74249e-04	
       937.593	     4.75072e-04	
       937.694	     4.76680e-04	
       937.788	     4.78179e-04	
       937.894	     4.79828e-04	
       938.000	     4.81386e-04	
       938.212	     4.84430e-04	
       938.359	     4.86410e-04	
       938.556	     4.89080e-04	
       938.636	     4.90095e-04	
       938.914	     4.93993e-04	
       939.271	     4.98863e-04	
       939.986	     5.09745e-04	
       940.580	     5.19362e-04	
       940.660	     5.20675e-04	
       940.675	     5.20923e-04	
       940.700	     5.21341e-04	
       940.740	     5.22010e-04	
       940.787	     5.22805e-04	
       940.901	     5.24734e-04	
       941.221	     5.30313e-04	
       941.861	     5.41837e-04	
       941.918	     5.42861e-04	
       943.048	     5.64001e-04	
       943.457	     5.72131e-04	
       944.178	     5.86422e-04	
       944.382	     5.90503e-04	
       945.308	     6.09626e-04	
       946.233	     6.29870e-04	
       947.158	     6.52210e-04	
       947.621	     6.64070e-04	
       948.083	     6.75549e-04	
       948.314	     6.80887e-04	
       948.546	     6.86136e-04	
       948.661	     6.88760e-04	
       948.777	     6.91414e-04	
       948.835	     6.92746e-04	
       948.893	     6.94078e-04	
       948.922	     6.94748e-04	
       948.951	     6.95414e-04	
       948.966	     6.95759e-04	
       948.980	     6.96083e-04	
       948.994	     6.96406e-04	
       949.009	     6.96752e-04	
       949.023	     6.97075e-04	
       949.037	     6.97399e-04	
       949.052	     6.97748e-04	
       949.066	     6.98071e-04	
       949.095	     6.98740e-04	
       949.153	     7.00085e-04	
       949.230	     7.01873e-04	
       949.258	     7.02526e-04	
       949.269	     7.02781e-04	
       949.280	     7.03038e-04	
       949.330	     7.04204e-04	
       949.360	     7.04901e-04	
       949.430	     7.06538e-04	
       949.500	     7.08178e-04	
       949.640	     7.11467e-04	
       949.795	     7.15074e-04	
       949.879	     7.17009e-04	
       949.921	     7.17964e-04	
       949.963	     7.18931e-04	
       950.047	     7.20798e-04	
       950.131	     7.22588e-04	
       950.467	     7.29538e-04	
       950.718	     7.34633e-04	
       950.888	     7.37888e-04	
       951.728	     7.55644e-04	
       952.738	     7.79445e-04	
       953.502	     7.99595e-04	
       953.748	     8.06026e-04	
       954.758	     8.33980e-04	
       956.014	     8.70008e-04	
       957.270	     9.07653e-04	
       957.764	     9.22846e-04	
       958.148	     9.34759e-04	
       958.526	     9.46615e-04	
       959.289	     9.70881e-04	
       960.430	     1.00758e-03	
       961.192	     1.03221e-03	
       962.712	     1.08338e-03	
       963.468	     1.10961e-03	
       964.231	     1.13633e-03	
       965.750	     1.19134e-03	
       966.767	     1.22961e-03	
       968.032	     1.27897e-03	
       968.668	     1.30451e-03	
       968.979	     1.31720e-03	
       969.297	     1.33032e-03	
       969.927	     1.35670e-03	
       970.401	     1.37714e-03	
       970.874	     1.39884e-03	
       971.110	     1.41192e-03	
       971.348	     1.42445e-03	
       971.467	     1.42885e-03	
       971.585	     1.43138e-03	
       971.644	     1.43343e-03	
       971.703	     1.44151e-03	
       971.732	     1.44726e-03	
       971.762	     1.45174e-03	
       971.778	     1.45300e-03	
       971.792	     1.45369e-03	
       971.806	     1.45433e-03	
       971.821	     1.45502e-03	
       971.827	     1.45530e-03	
       971.833	     1.45557e-03	
       971.836	     1.45571e-03	
       971.839	     1.45585e-03	
       971.851	     1.45640e-03	
       971.866	     1.45708e-03	
       971.880	     1.45773e-03	
       971.910	     1.45881e-03	
       971.969	     1.45436e-03	
       972.037	     1.45126e-03	
       972.087	     1.45414e-03	
       972.137	     1.45773e-03	
       972.150	     1.45901e-03	
       972.199	     1.46185e-03	
       972.237	     1.46436e-03	
       972.324	     1.46883e-03	
       972.499	     1.47527e-03	
       972.798	     1.48438e-03	
       973.047	     1.49443e-03	
       973.248	     1.50293e-03	
       973.396	     1.50937e-03	
       973.746	     1.52501e-03	
       974.444	     1.55739e-03	
       975.640	     1.61501e-03	
       976.759	     1.67079e-03	
       976.836	     1.67469e-03	
       978.032	     1.73645e-03	
       979.305	     1.80466e-03	
       979.778	     1.83069e-03	
       980.578	     1.87550e-03	
       981.851	     1.94898e-03	
       983.923	     2.07457e-03	
       985.373	     2.16706e-03	
       985.996	     2.20795e-03	
       986.414	     2.23584e-03	
       986.618	     2.24958e-03	
       987.863	     2.33508e-03	
       989.312	     2.43854e-03	
       990.541	     2.52976e-03	
       990.761	     2.54644e-03	
       992.210	     2.65882e-03	
       993.880	     2.79417e-03	
       995.549	     2.93606e-03	
       995.989	     2.97460e-03	
       997.218	     3.08463e-03	
       997.574	     3.11725e-03	
       997.806	     3.13867e-03	
       998.447	     3.19852e-03	
       999.319	     3.28177e-03	
       999.435	     3.29299e-03	
      1001.064	     3.45421e-03	
      1002.694	     3.62288e-03	
      1004.323	     3.79929e-03	
      1005.836	     3.97034e-03	
      1005.952	     3.98376e-03	
      1007.581	     4.17662e-03	
      1009.326	     4.39295e-03	
      1011.071	     4.62031e-03	
      1011.303	     4.65138e-03	
      1012.816	     4.85876e-03	
      1014.329	     5.07480e-03	
      1015.378	     5.22972e-03	
      1015.842	     5.29958e-03	
      1017.355	     5.53373e-03	
      1017.620	     5.57507e-03	
      1019.332	     5.85342e-03	
      1021.044	     6.14675e-03	
      1022.470	     6.40775e-03	
      1022.756	     6.46361e-03	
      1023.043	     6.52122e-03	
      1023.189	     6.55145e-03	
      1023.615	     6.64770e-03	
      1024.041	     6.76363e-03	
      1024.394	     6.88138e-03	
      1024.467	     6.90368e-03	
      1024.540	     6.92501e-03	
      1024.582	     6.93463e-03	
      1024.667	     6.94835e-03	
      1024.687	     6.95087e-03	
      1024.791	     6.96045e-03	
      1024.852	     6.97094e-03	
      1024.915	     7.00965e-03	
      1024.947	     7.03494e-03	
      1024.978	     7.05463e-03	
      1024.993	     7.05994e-03	
      1025.009	     7.06356e-03	
      1025.025	     7.06673e-03	
      1025.040	     7.06971e-03	
      1025.056	     7.07289e-03	
      1025.072	     7.07606e-03	
      1025.087	     7.07904e-03	
      1025.103	     7.08222e-03	
      1025.134	     7.08825e-03	
      1025.196	     7.07722e-03	
      1025.271	     7.05555e-03	
      1025.320	     7.06026e-03	
      1025.371	     7.07650e-03	
      1025.471	     7.10773e-03	
      1025.571	     7.12881e-03	
      1025.771	     7.14668e-03	
      1025.872	     7.14873e-03	
      1025.971	     7.15444e-03	
      1026.070	     7.16211e-03	
      1026.268	     7.18115e-03	
      1026.665	     7.23427e-03	
      1027.019	     7.29346e-03	
      1027.053	     7.29955e-03	
      1027.061	     7.30100e-03	
      1027.069	     7.30241e-03	
      1027.119	     7.31146e-03	
      1027.219	     7.32974e-03	
      1027.419	     7.36697e-03	
      1027.819	     7.44353e-03	
      1028.173	     7.51394e-03	
      1028.620	     7.60523e-03	
      1028.796	     7.64174e-03	
      1029.067	     7.69857e-03	
      1029.338	     7.75596e-03	
      1029.881	     7.87249e-03	
      1030.965	     8.11134e-03	
      1033.082	     8.59945e-03	
      1033.135	     8.61180e-03	
      1033.187	     8.62414e-03	
      1033.230	     8.63438e-03	
      1033.291	     8.64893e-03	
      1033.499	     8.69872e-03	
      1033.915	     8.79910e-03	
      1034.747	     9.00308e-03	
      1036.265	     9.38629e-03	
      1037.783	     9.78474e-03	
      1039.172	     1.01631e-02	
      1039.258	     1.01870e-02	
      1039.301	     1.01990e-02	
      1039.344	     1.02110e-02	
      1039.504	     1.02558e-02	
      1039.516	     1.02592e-02	
      1039.860	     1.03562e-02	
      1040.549	     1.05528e-02	
      1041.925	     1.09566e-02	
      1044.347	     1.17016e-02	
      1046.768	     1.24931e-02	
      1049.029	     1.32770e-02	
      1049.189	     1.33341e-02	
      1049.349	     1.33916e-02	
      1049.670	     1.35067e-02	
      1050.310	     1.37398e-02	
      1051.591	     1.42171e-02	
      1053.952	     1.51376e-02	
      1054.152	     1.52181e-02	
      1054.352	     1.52990e-02	
      1054.752	     1.54620e-02	
      1054.952	     1.55441e-02	
      1055.553	     1.57928e-02	
      1057.153	     1.64740e-02	
      1059.355	     1.74551e-02	
      1061.556	     1.84930e-02	
      1063.156	     1.92833e-02	
      1063.757	     1.95876e-02	
      1064.357	     1.98963e-02	
      1065.558	     2.05274e-02	
      1066.558	     2.10673e-02	
      1067.959	     2.18454e-02	
      1069.359	     2.26496e-02	
      1069.960	     2.30010e-02	
      1072.161	     2.43327e-02	
      1074.362	     2.57352e-02	
      1076.563	     2.72119e-02	
      1078.163	     2.83343e-02	
      1078.687	     2.87107e-02	
      1078.764	     2.87662e-02	
      1078.980	     2.89231e-02	
      1079.364	     2.92041e-02	
      1080.565	     3.01022e-02	
      1080.712	     3.02135e-02	
      1082.442	     3.15576e-02	
      1084.173	     3.29566e-02	
      1085.905	     3.44124e-02	
      1087.637	     3.59269e-02	
      1089.318	     3.74569e-02	
      1089.367	     3.75024e-02	
      1089.418	     3.75496e-02	
      1089.518	     3.76422e-02	
      1089.718	     3.78285e-02	
      1090.119	     3.82033e-02	
      1090.669	     3.87239e-02	
      1090.919	     3.89630e-02	
      1092.520	     4.05243e-02	
      1094.370	     4.24011e-02	
      1096.221	     4.43577e-02	
      1096.771	     4.49549e-02	
      1098.072	     4.63966e-02	
      1099.372	     4.78807e-02	
      1099.573	     4.81135e-02	
      1101.974	     5.09918e-02	
      1104.374	     5.40275e-02	
      1106.775	     5.72285e-02	
      1108.976	     6.03148e-02	
      1109.176	     6.06026e-02	
      1109.376	     6.08916e-02	
      1109.777	     6.14693e-02	
      1109.977	     6.17599e-02	
      1110.577	     6.26399e-02	
      1112.177	     6.50420e-02	
      1114.378	     6.84829e-02	
      1116.579	     7.20901e-02	
      1118.180	     7.48221e-02	
      1118.684	     7.57020e-02	
      1118.780	     7.58704e-02	
      1119.380	     7.69326e-02	
      1120.076	     7.81817e-02	
      1121.469	     8.07355e-02	
      1123.778	     8.51384e-02	
      1124.254	     8.60768e-02	
      1124.730	     8.70278e-02	
      1125.682	     8.89580e-02	
      1125.790	     8.91794e-02	
      1127.075	     9.18511e-02	
      1127.587	     9.29365e-02	
      1129.384	     9.68380e-02	
      1131.692	     1.02071e-01	
      1132.463	     1.03873e-01	
      1134.001	     1.07561e-01	
      1135.540	     1.11369e-01	
      1137.846	     1.17314e-01	
      1138.617	     1.19363e-01	
      1139.387	     1.21447e-01	
      1140.927	     1.25718e-01	
      1143.628	     1.33555e-01	
      1143.948	     1.34515e-01	
      1144.008	     1.34695e-01	
      1144.388	     1.35845e-01	
      1145.149	     1.38171e-01	
      1146.669	     1.42942e-01	
      1149.390	     1.51863e-01	
      1149.830	     1.53360e-01	
      1152.111	     1.61342e-01	
      1154.391	     1.69741e-01	
      1156.672	     1.78524e-01	
      1158.513	     1.85917e-01	
      1158.953	     1.87729e-01	
      1159.393	     1.89558e-01	
      1159.673	     1.90732e-01	
      1160.273	     1.93275e-01	
      1162.034	     2.00884e-01	
      1164.394	     2.11357e-01	
      1166.755	     2.22134e-01	
      1168.835	     2.31860e-01	
      1169.115	     2.33189e-01	
      1169.395	     2.34525e-01	
      1169.956	     2.37214e-01	
      1171.076	     2.42670e-01	
      1172.236	     2.48483e-01	
      1173.317	     2.53983e-01	
      1173.717	     2.56042e-01	
      1174.397	     2.59636e-01	
      1175.137	     2.63693e-01	
      1176.557	     2.71484e-01	
      1177.860	     2.79088e-01	
      1177.978	     2.79776e-01	
      1179.398	     2.88385e-01	
      1180.936	     2.97860e-01	
      1182.858	     3.10230e-01	
      1184.013	     3.17829e-01	
      1185.168	     3.25617e-01	
      1185.558	     3.28230e-01	
      1187.479	     3.41428e-01	
      1189.400	     3.55107e-01	
      1191.322	     3.69316e-01	
      1192.085	     3.75125e-01	
      1193.243	     3.84075e-01	
      1194.034	     3.90271e-01	
      1194.402	     3.93186e-01	
      1196.718	     4.12026e-01	
      1199.403	     4.34809e-01	
      1199.771	     4.38010e-01	
      1202.087	     4.58732e-01	
      1204.036	     4.77041e-01	
      1204.404	     4.80573e-01	
      1206.720	     5.03274e-01	
      1208.485	     5.21090e-01	
      1209.405	     5.30584e-01	
      1210.325	     5.40206e-01	
      1211.639	     5.54212e-01	
      1212.165	     5.59910e-01	
      1212.691	     5.65659e-01	
      1213.613	     5.75854e-01	
      1213.744	     5.77318e-01	
      1213.807	     5.78022e-01	
      1213.875	     5.78785e-01	
      1214.137	     5.81729e-01	
      1214.171	     5.82112e-01	
      1214.467	     5.85458e-01	
      1214.615	     5.87135e-01	
      1214.763	     5.88819e-01	
      1214.837	     5.89661e-01	
      1214.911	     5.90506e-01	
      1214.948	     5.90930e-01	
      1214.985	     5.91351e-01	
      1215.004	     5.91568e-01	
      1215.022	     5.91776e-01	
      1215.040	     5.91980e-01	
      1215.059	     5.92200e-01	
      1215.077	     5.92404e-01	
      1215.095	     5.92611e-01	
      1215.114	     5.92828e-01	
      1215.132	     5.93035e-01	
      1215.169	     5.93459e-01	
      1215.243	     5.94308e-01	
      1215.391	     5.96010e-01	
      1215.637	     5.98847e-01	
      1215.687	     5.99428e-01	
      1215.737	     6.00006e-01	
      1215.795	     6.00679e-01	
      1215.837	     6.01166e-01	
      1216.037	     6.03491e-01	
      1216.064	     6.03805e-01	
      1216.279	     6.06315e-01	
      1216.763	     6.11998e-01	
      1217.462	     6.20292e-01	
      1218.315	     6.30540e-01	
      1218.861	     6.37184e-01	
      1218.985	     6.38705e-01	
      1219.407	     6.43895e-01	
      1219.829	     6.49119e-01	
      1220.104	     6.52543e-01	
      1220.673	     6.59637e-01	
      1222.361	     6.80862e-01	
      1224.619	     7.09720e-01	
      1226.876	     7.39493e-01	
      1228.858	     7.66875e-01	
      1229.134	     7.70755e-01	
      1229.409	     7.74670e-01	
      1229.740	     7.79432e-01	
      1229.959	     7.82605e-01	
      1230.178	     7.85791e-01	
      1230.616	     7.92222e-01	
      1231.492	     8.05090e-01	
      1231.694	     8.08090e-01	
      1233.244	     8.31551e-01	
      1234.794	     8.55776e-01	
      1236.380	     8.81283e-01	
      1237.895	     9.06337e-01	
      1239.410	     9.32045e-01	
      1240.470	     9.50335e-01	
      1242.441	     9.85169e-01	
      1244.411	     1.02125e+00	
      1246.381	     1.05866e+00	
      1247.291	     1.07636e+00	
      1248.352	     1.09732e+00	
      1248.652	     1.10333e+00	
      1249.412	     1.11868e+00	
      1251.532	     1.16253e+00	
      1254.413	     1.22456e+00	
      1255.173	     1.24142e+00	
      1257.293	     1.28952e+00	
      1259.413	     1.33931e+00	
      1262.894	     1.42421e+00	
      1263.654	     1.44344e+00	
      1264.414	     1.46300e+00	
      1265.934	     1.50295e+00	
      1268.534	     1.57388e+00	
      1268.975	     1.58599e+00	
      1269.415	     1.59823e+00	
      1269.695	     1.60607e+00	
      1270.295	     1.62304e+00	
      1272.055	     1.67373e+00	
      1274.415	     1.74480e+00	
      1276.775	     1.81854e+00	
      1278.856	     1.88536e+00	
      1279.136	     1.89455e+00	
      1279.416	     1.90378e+00	
      1279.976	     1.92239e+00	
      1281.096	     1.96007e+00	
      1282.256	     1.99980e+00	
      1283.336	     2.03740e+00	
      1283.736	     2.05147e+00	
      1284.416	     2.07561e+00	
      1286.577	     2.15402e+00	
      1286.917	     2.16661e+00	
      1289.417	     2.26133e+00	
      1291.917	     2.35934e+00	
      1294.417	     2.46110e+00	
      1296.918	     2.56671e+00	
      1299.418	     2.67634e+00	
      1301.918	     2.79043e+00	
      1304.418	     2.90884e+00	
      1306.919	     3.03168e+00	
      1309.419	     3.15906e+00	
      1311.919	     3.29094e+00	
      1314.419	     3.42770e+00	
      1316.919	     3.56957e+00	
      1319.420	     3.71666e+00	
      1321.920	     3.86912e+00	
      1324.420	     4.02718e+00	
      1326.920	     4.19129e+00	
      1329.420	     4.36132e+00	
      1331.920	     4.53715e+00	
      1334.421	     4.71911e+00	
      1336.921	     4.90758e+00	
      1339.421	     5.10273e+00	
      1341.921	     5.30477e+00	
      1344.421	     5.51390e+00	
      1346.921	     5.73052e+00	
      1349.421	     5.95473e+00	
      1351.921	     6.18668e+00	
      1354.422	     6.42654e+00	
      1356.922	     6.67469e+00	
      1359.422	     6.93139e+00	
      1361.922	     7.19689e+00	
      1364.422	     7.47118e+00	
      1365.191	     7.55738e+00	
      1369.422	     8.04779e+00	
      1373.653	     8.56631e+00	
      1376.346	     8.91188e+00	
      1377.884	     9.11473e+00	
      1379.422	     9.32148e+00	
      1380.574	     9.47910e+00	
      1382.499	     9.74755e+00	
      1384.423	     1.00228e+01	
      1387.119	     1.04202e+01	
      1388.271	     1.05943e+01	
      1389.031	     1.07105e+01	
      1389.423	     1.07709e+01	
      1391.727	     1.11320e+01	
      1394.423	     1.15680e+01	
      1399.423	     1.24169e+01	
      1404.423	     1.33205e+01	
      1409.423	     1.42818e+01	
      1414.423	     1.53042e+01	
      1419.423	     1.63909e+01	
      1424.423	     1.75450e+01	
      1429.423	     1.87705e+01	
      1434.423	     2.00706e+01	
      1439.423	     2.14495e+01	
      1444.422	     2.29108e+01	
      1449.422	     2.44592e+01	
      1454.422	     2.60997e+01	
      1459.422	     2.78363e+01	
      1464.422	     2.96737e+01	
      1465.960	     3.02600e+01	
      1469.422	     3.16167e+01	
      1472.884	     3.30266e+01	
      1473.268	     3.31862e+01	
      1474.422	     3.36703e+01	
      1476.345	     3.44903e+01	
      1479.421	     3.58396e+01	
      1484.421	     3.81301e+01	
      1489.421	     4.05470e+01	
      1494.421	     4.30926e+01	
      1499.420	     4.57736e+01	
      1504.420	     4.86058e+01	
      1509.420	     5.15937e+01	
      1514.420	     5.47426e+01	
      1519.419	     5.80617e+01	
      1524.419	     6.15614e+01	
      1529.419	     6.52349e+01	
      1534.418	     6.90940e+01	
      1539.418	     7.31488e+01	
      1544.418	     7.74082e+01	
      1549.417	     8.18809e+01	
      1554.417	     8.65788e+01	
      1559.417	     9.14659e+01	
      1564.416	     9.65697e+01	
      1566.724	     9.90098e+01	
      1569.416	     1.01926e+02	
      1570.186	     1.02776e+02	
      1572.107	     1.04926e+02	
      1574.415	     1.07563e+02	
      1574.800	     1.08008e+02	
      1579.415	     1.13477e+02	
      1584.414	     1.19683e+02	
      1589.414	     1.26166e+02	
      1594.413	     1.32946e+02	
      1599.413	     1.40061e+02	
      1604.413	     1.47509e+02	
      1609.412	     1.55331e+02	
      1614.412	     1.63545e+02	
      1619.411	     1.72121e+02	
      1624.410	     1.81146e+02	
      1629.410	     1.90626e+02	
      1634.409	     2.00457e+02	
      1639.409	     2.10453e+02	
      1644.408	     2.20568e+02	
      1649.408	     2.30880e+02	
      1654.407	     2.41341e+02	
      1659.407	     2.52083e+02	
      1664.406	     2.63087e+02	
      1665.560	     2.65684e+02	
      1669.405	     2.74490e+02	
      1670.174	     2.76274e+02	
      1673.251	     2.83515e+02	
      1674.405	     2.86305e+02	
      1676.328	     2.91028e+02	
      1679.404	     2.98697e+02	
      1684.404	     3.11599e+02	
      1689.403	     3.25145e+02	
      1694.402	     3.39195e+02	
      1699.402	     3.53878e+02	
      1704.401	     3.69473e+02	
      1709.400	     3.85879e+02	
      1714.400	     4.03032e+02	
      1719.399	     4.21011e+02	
      1724.398	     4.39710e+02	
      1729.398	     4.59175e+02	
      1734.397	     4.79492e+02	
      1739.396	     5.00663e+02	
      1744.396	     5.22686e+02	
      1749.395	     5.45481e+02	
      1754.394	     5.69162e+02	
      1759.393	     5.93686e+02	
      1764.393	     6.19101e+02	
      1767.084	     6.33160e+02	
      1767.854	     6.37231e+02	
      1769.392	     6.45431e+02	
      1771.700	     6.57900e+02	
      1774.391	     6.72709e+02	
      1775.545	     6.79146e+02	
      1779.391	     7.00968e+02	
      1784.390	     7.30260e+02	
      1789.389	     7.60536e+02	
      1794.388	     7.91886e+02	
      1799.387	     8.24351e+02	
      1804.387	     8.57909e+02	
      1809.386	     8.92608e+02	
      1814.385	     9.28498e+02	
      1819.384	     9.65612e+02	
      1823.999	     1.00093e+03	
      1824.384	     1.00392e+03	
      1829.383	     1.04351e+03	
      1834.767	     1.08758e+03	
      1840.151	     1.13317e+03	
      1845.535	     1.18037e+03	
      1850.919	     1.22927e+03	
      1856.303	     1.28005e+03	
      1861.687	     1.33248e+03	
      1863.998	     1.35547e+03	
      1867.072	     1.38656e+03	
      1870.145	     1.41825e+03	
      1876.292	     1.48369e+03	
      1882.439	     1.55164e+03	
      1888.586	     1.62205e+03	
      1894.733	     1.69518e+03	
      1900.880	     1.77108e+03	
      1906.980	     1.84923e+03	
      1907.027	     1.84985e+03	
      1913.174	     1.93156e+03	
      1919.368	     2.01696e+03	
      1925.561	     2.10513e+03	
      1931.755	     2.19674e+03	
      1937.949	     2.29320e+03	
      1944.143	     2.39149e+03	
      1944.472	     2.39680e+03	
      1950.337	     2.49529e+03	
      1956.531	     2.60062e+03	
      1962.560	     2.70661e+03	
      1968.590	     2.81618e+03	
      1974.620	     2.92937e+03	
      1980.648	     3.04625e+03	
      1992.707	     3.29151e+03	
      2004.766	     3.55292e+03	
      2015.838	     3.80783e+03	
      2016.825	     3.83124e+03	
      2017.811	     3.85480e+03	
      2019.785	     3.90239e+03	
      2023.732	     3.99991e+03	
      2031.627	     4.19996e+03	
      2039.521	     4.40568e+03	
      2047.416	     4.61952e+03	
      2055.310	     4.84179e+03	
      2059.377	     4.95966e+03	
      2063.205	     5.07267e+03	
      2067.032	     5.18777e+03	
      2074.686	     5.42515e+03	
      2082.341	     5.67127e+03	
      2089.995	     5.92636e+03	
      2094.355	     6.07575e+03	
      2097.650	     6.19057e+03	
      2105.304	     6.46417e+03	
      2116.253	     6.87245e+03	
      2127.202	     7.30156e+03	
      2138.151	     7.75615e+03	
      2149.099	     8.22796e+03	
      2154.622	     8.47407e+03	
      2160.048	     8.72150e+03	
      2165.474	     8.97478e+03	
      2176.326	     9.49870e+03	
      2181.364	     9.75009e+03	
      2187.177	     1.00469e+04	
      2189.697	     1.01777e+04	
      2198.029	     1.06199e+04	
      2206.362	     1.10768e+04	
      2214.695	     1.15488e+04	
      2231.360	     1.25317e+04	
      2232.137	     1.25790e+04	
      2248.025	     1.35758e+04	
      2255.970	     1.40929e+04	
      2263.914	     1.46296e+04	
      2271.858	     1.51927e+04	
      2279.803	     1.57638e+04	
      2295.691	     1.69536e+04	
      2310.025	     1.80908e+04	
      2311.580	     1.82181e+04	
      2313.134	     1.83462e+04	
      2316.244	     1.86008e+04	
      2322.462	     1.91179e+04	
      2334.899	     2.01912e+04	
      2347.337	     2.13256e+04	
      2357.193	     2.22597e+04	
      2359.774	     2.25093e+04	
      2362.354	     2.27636e+04	
      2367.515	     2.32847e+04	
      2377.837	     2.43563e+04	
      2387.688	     2.54153e+04	
      2388.159	     2.54668e+04	
      2398.481	     2.66381e+04	
      2409.274	     2.79237e+04	
      2420.066	     2.92643e+04	
      2427.111	     3.01880e+04	
      2430.860	     3.06962e+04	
      2441.652	     3.21910e+04	
      2451.595	     3.36242e+04	
      2456.194	     3.43062e+04	
      2460.793	     3.50385e+04	
      2469.991	     3.65348e+04	
      2479.189	     3.80934e+04	
      2488.387	     3.97163e+04	
      2497.585	     4.14326e+04	
      2503.552	     4.25903e+04	
      2506.782	     4.32302e+04	
      2510.013	     4.38780e+04	
      2516.473	     4.51840e+04	
      2529.394	     4.78656e+04	
      2542.315	     5.07496e+04	
      2551.240	     5.28501e+04	
      2555.236	     5.38186e+04	
      2559.232	     5.48051e+04	
      2567.224	     5.69382e+04	
      2575.216	     5.91603e+04	
      2583.209	     6.14819e+04	
      2591.201	     6.39273e+04	
      2599.193	     6.64880e+04	
      2607.185	     6.91710e+04	
      2615.177	     7.20229e+04	
      2623.169	     7.49659e+04	
      2631.161	     7.80211e+04	
      2639.153	     8.12152e+04	
      2647.145	     8.45720e+04	
      2652.605	     8.69414e+04	
      2655.138	     8.80592e+04	
      2657.670	     8.91901e+04	
      2662.735	     9.12787e+04	
      2672.864	     9.55522e+04	
      2693.123	     1.04574e+05	
      2713.383	     1.14055e+05	
      2733.642	     1.23944e+05	
      2751.693	     1.33112e+05	
      2753.901	     1.34256e+05	
      2756.108	     1.35405e+05	
      2760.523	     1.37803e+05	
      2769.353	     1.42677e+05	
      2787.013	     1.52868e+05	
      2804.673	     1.63469e+05	
      2822.332	     1.74496e+05	
      2825.437	     1.76491e+05	
      2839.992	     1.86039e+05	
      2847.269	     1.90935e+05	
      2854.546	     1.95914e+05	
      2861.824	     2.01384e+05	
      2869.101	     2.06964e+05	
      2876.378	     2.12648e+05	
      2883.655	     2.18439e+05	
      2898.210	     2.30349e+05	
      2901.654	     2.33232e+05	
      2912.764	     2.42735e+05	
      2914.487	     2.44233e+05	
      2927.318	     2.55568e+05	
      2940.151	     2.67232e+05	
      2952.933	     2.79220e+05	
      2952.983	     2.79268e+05	
      2953.033	     2.79314e+05	
      2953.133	     2.79405e+05	
      2953.333	     2.79589e+05	
      2953.733	     2.79955e+05	
      2954.533	     2.80690e+05	
      2956.132	     2.82162e+05	
      2959.332	     2.85123e+05	
      2965.730	     2.91110e+05	
      2978.527	     3.03361e+05	
      2991.324	     3.16098e+05	
      3004.120	     3.29192e+05	
      3008.007	     3.33238e+05	
      3029.714	     3.56458e+05	
      3040.567	     3.68474e+05	
      3051.421	     3.80777e+05	
      3062.274	     3.94851e+05	
      3073.127	     4.09299e+05	
      3094.834	     4.39465e+05	
      3116.540	     4.71248e+05	
      3126.637	     4.86548e+05	
      3138.247	     5.04581e+05	
      3149.857	     5.23056e+05	
      3161.467	     5.43970e+05	
      3173.077	     5.65411e+05	
      3196.297	     6.09852e+05	
      3219.517	     6.56731e+05	
      3237.181	     6.94292e+05	
      3242.737	     7.06390e+05	
      3248.294	     7.18627e+05	
      3253.851	     7.28096e+05	
      3259.407	     7.37637e+05	
      3270.520	     7.56970e+05	
      3292.747	     7.96444e+05	
      3314.973	     8.36955e+05	
      3327.669	     8.60564e+05	
      3337.199	     8.78499e+05	
      3346.730	     8.96601e+05	
      3365.791	     9.34536e+05	
      3403.913	     1.01288e+06	
      3438.904	     1.08802e+06	
      3442.036	     1.09487e+06	
      3445.167	     1.10174e+06	
      3451.429	     1.11561e+06	
      3463.954	     1.14361e+06	
      3489.004	     1.20063e+06	
      3534.603	     1.30745e+06	
      3539.103	     1.31818e+06	
      3543.602	     1.32896e+06	
      3549.920	     1.34430e+06	
      3552.602	     1.35083e+06	
      3570.602	     1.39499e+06	
      3591.283	     1.44639e+06	
      3626.330	     1.53566e+06	
      3632.646	     1.55194e+06	
      3635.884	     1.56031e+06	
      3638.963	     1.56829e+06	
      3642.042	     1.57646e+06	
      3643.122	     1.57932e+06	
      3645.121	     1.58464e+06	
      3645.281	     1.58506e+06	
      3647.121	     1.58995e+06	
      3648.960	     1.59485e+06	
      3651.320	     1.60113e+06	
      3652.639	     1.60464e+06	
      3653.959	     1.60816e+06	
      3654.239	     1.60891e+06	
      3656.598	     1.61520e+06	
      3658.958	     1.62150e+06	
      3663.397	     1.63336e+06	
      3663.676	     1.63411e+06	
      3663.956	     1.63486e+06	
      3664.516	     1.63636e+06	
      3665.636	     1.63936e+06	
      3666.796	     1.64246e+06	
      3667.875	     1.64535e+06	
      3668.275	     1.64642e+06	
      3668.955	     1.64825e+06	
      3671.115	     1.65403e+06	
      3673.954	     1.66165e+06	
      3675.202	     1.66499e+06	
      3678.952	     1.67507e+06	
      3682.583	     1.68482e+06	
      3682.703	     1.68515e+06	
      3682.822	     1.68547e+06	
      3683.062	     1.68611e+06	
      3683.178	     1.68643e+06	
      3683.542	     1.68740e+06	
      3684.502	     1.68999e+06	
      3684.819	     1.69084e+06	
      3685.826	     1.69355e+06	
      3686.832	     1.69626e+06	
      3688.742	     1.70140e+06	
      3688.846	     1.70168e+06	
      3688.939	     1.70194e+06	
      3688.950	     1.70196e+06	
      3689.158	     1.70253e+06	
      3689.377	     1.70311e+06	
      3689.730	     1.70407e+06	
      3689.815	     1.70430e+06	
      3689.900	     1.70452e+06	
      3690.070	     1.70498e+06	
      3690.410	     1.70590e+06	
      3690.624	     1.70648e+06	
      3691.089	     1.70773e+06	
      3691.469	     1.70876e+06	
      3691.554	     1.70899e+06	
      3691.700	     1.70938e+06	
      3692.484	     1.71149e+06	
      3693.499	     1.71423e+06	
      3694.397	     1.71665e+06	
      3695.297	     1.71908e+06	
      3695.808	     1.72046e+06	
      3696.197	     1.72151e+06	
      3696.525	     1.72240e+06	
      3696.586	     1.72256e+06	
      3696.647	     1.72273e+06	
      3696.666	     1.72278e+06	
      3696.759	     1.72303e+06	
      3696.769	     1.72305e+06	
      3696.872	     1.72333e+06	
      3696.929	     1.72349e+06	
      3696.985	     1.72364e+06	
      3697.041	     1.72379e+06	
      3697.097	     1.72394e+06	
      3697.153	     1.72409e+06	
      3697.209	     1.72424e+06	
      3697.265	     1.72440e+06	
      3697.322	     1.72455e+06	
      3697.347	     1.72461e+06	
      3697.405	     1.72477e+06	
      3697.434	     1.72485e+06	
      3697.463	     1.72493e+06	
      3697.499	     1.72503e+06	
      3697.529	     1.72511e+06	
      3697.579	     1.72524e+06	
      3697.659	     1.72546e+06	
      3697.819	     1.72589e+06	
      3698.109	     1.72667e+06	
      3698.429	     1.72754e+06	
      3698.688	     1.72824e+06	
      3698.886	     1.72877e+06	
      3698.947	     1.72894e+06	
      3699.008	     1.72910e+06	
      3699.130	     1.72943e+06	
      3699.374	     1.73009e+06	
      3699.533	     1.73052e+06	
      3699.862	     1.73141e+06	
      3699.879	     1.73145e+06	
      3700.191	     1.73230e+06	
      3700.198	     1.73232e+06	
      3700.503	     1.73314e+06	
      3700.808	     1.73396e+06	
      3700.842	     1.73405e+06	
      3701.092	     1.73473e+06	
      3701.418	     1.73561e+06	
      3701.994	     1.73717e+06	
      3702.444	     1.73838e+06	
      3702.895	     1.73960e+06	
      3703.121	     1.74021e+06	
      3703.346	     1.74082e+06	
      3703.458	     1.74112e+06	
      3703.571	     1.74143e+06	
      3703.628	     1.74158e+06	
      3703.684	     1.74173e+06	
      3703.740	     1.74188e+06	
      3703.797	     1.74204e+06	
      3703.853	     1.74219e+06	
      3703.909	     1.74234e+06	
      3703.966	     1.74249e+06	
      3704.022	     1.74264e+06	
      3704.085	     1.74282e+06	
      3704.134	     1.74295e+06	
      3704.185	     1.74309e+06	
      3704.210	     1.74315e+06	
      3704.222	     1.74318e+06	
      3704.285	     1.74336e+06	
      3704.314	     1.74343e+06	
      3704.360	     1.74356e+06	
      3704.406	     1.74368e+06	
      3704.491	     1.74391e+06	
      3704.567	     1.74412e+06	
      3704.590	     1.74418e+06	
      3704.689	     1.74445e+06	
      3704.811	     1.74478e+06	
      3705.055	     1.74544e+06	
      3705.373	     1.74630e+06	
      3705.543	     1.74676e+06	
      3705.713	     1.74722e+06	
      3706.052	     1.74814e+06	
      3706.073	     1.74819e+06	
      3706.732	     1.74997e+06	
      3707.267	     1.75142e+06	
      3707.391	     1.75176e+06	
      3707.515	     1.75209e+06	
      3707.614	     1.75236e+06	
      3707.763	     1.75276e+06	
      3707.912	     1.75317e+06	
      3708.118	     1.75372e+06	
      3708.210	     1.75397e+06	
      3708.302	     1.75422e+06	
      3708.486	     1.75472e+06	
      3708.763	     1.75547e+06	
      3708.854	     1.75571e+06	
      3708.873	     1.75576e+06	
      3708.945	     1.75596e+06	
      3709.127	     1.75645e+06	
      3709.206	     1.75667e+06	
      3709.491	     1.75744e+06	
      3710.108	     1.75911e+06	
      3710.902	     1.76126e+06	
      3711.011	     1.76155e+06	
      3711.120	     1.76185e+06	
      3711.213	     1.76210e+06	
      3711.323	     1.76240e+06	
      3711.338	     1.76244e+06	
      3711.463	     1.76278e+06	
      3711.517	     1.76292e+06	
      3711.576	     1.76308e+06	
      3711.603	     1.76315e+06	
      3711.689	     1.76339e+06	
      3711.746	     1.76354e+06	
      3711.802	     1.76369e+06	
      3711.858	     1.76384e+06	
      3711.915	     1.76400e+06	
      3711.971	     1.76415e+06	
      3712.027	     1.76430e+06	
      3712.084	     1.76446e+06	
      3712.140	     1.76461e+06	
      3712.203	     1.76478e+06	
      3712.252	     1.76491e+06	
      3712.303	     1.76505e+06	
      3712.327	     1.76511e+06	
      3712.331	     1.76513e+06	
      3712.403	     1.76532e+06	
      3712.479	     1.76552e+06	
      3712.631	     1.76594e+06	
      3712.931	     1.76675e+06	
      3713.228	     1.76755e+06	
      3713.531	     1.76837e+06	
      3713.833	     1.76919e+06	
      3714.242	     1.77030e+06	
      3714.420	     1.77078e+06	
      3714.439	     1.77083e+06	
      3714.636	     1.77137e+06	
      3715.030	     1.77243e+06	
      3715.640	     1.77409e+06	
      3716.765	     1.77713e+06	
      3716.790	     1.77720e+06	
      3716.860	     1.77739e+06	
      3716.955	     1.77765e+06	
      3717.145	     1.77816e+06	
      3717.524	     1.77919e+06	
      3718.189	     1.78099e+06	
      3718.259	     1.78119e+06	
      3718.329	     1.78137e+06	
      3718.469	     1.78175e+06	
      3718.556	     1.78199e+06	
      3718.631	     1.78219e+06	
      3718.734	     1.78247e+06	
      3718.749	     1.78251e+06	
      3718.942	     1.78304e+06	
      3719.253	     1.78388e+06	
      3719.474	     1.78448e+06	
      3719.772	     1.78529e+06	
      3720.070	     1.78609e+06	
      3720.356	     1.78679e+06	
      3720.523	     1.78720e+06	
      3720.666	     1.78754e+06	
      3720.976	     1.78830e+06	
      3721.202	     1.78881e+06	
      3721.428	     1.78933e+06	
      3721.542	     1.78959e+06	
      3721.655	     1.78985e+06	
      3721.711	     1.78998e+06	
      3721.768	     1.79011e+06	
      3721.825	     1.79024e+06	
      3721.881	     1.79037e+06	
      3721.938	     1.79050e+06	
      3721.995	     1.79063e+06	
      3722.051	     1.79076e+06	
      3722.108	     1.79089e+06	
      3722.221	     1.79115e+06	
      3722.398	     1.79155e+06	
      3722.447	     1.79166e+06	
      3722.498	     1.79178e+06	
      3722.598	     1.79201e+06	
      3722.695	     1.79223e+06	
      3722.798	     1.79247e+06	
      3722.901	     1.79270e+06	
      3723.107	     1.79317e+06	
      3723.231	     1.79346e+06	
      3723.519	     1.79412e+06	
      3723.807	     1.79478e+06	
      3724.383	     1.79610e+06	
      3725.451	     1.79855e+06	
      3725.534	     1.79873e+06	
      3725.617	     1.79893e+06	
      3725.751	     1.79923e+06	
      3725.783	     1.79931e+06	
      3725.916	     1.79961e+06	
      3725.931	     1.79965e+06	
      3726.115	     1.80007e+06	
      3726.479	     1.80090e+06	
      3727.042	     1.80219e+06	
      3727.366	     1.80293e+06	
      3728.153	     1.80474e+06	
      3728.639	     1.80585e+06	
      3728.940	     1.80654e+06	
      3729.009	     1.80670e+06	
      3729.240	     1.80723e+06	
      3729.842	     1.80861e+06	
      3730.676	     1.81052e+06	
      3732.194	     1.81400e+06	
      3732.344	     1.81434e+06	
      3732.494	     1.81468e+06	
      3732.794	     1.81537e+06	
      3733.352	     1.81665e+06	
      3733.384	     1.81673e+06	
      3733.393	     1.81675e+06	
      3733.402	     1.81677e+06	
      3733.452	     1.81688e+06	
      3733.552	     1.81711e+06	
      3733.648	     1.81733e+06	
      3733.752	     1.81757e+06	
      3733.856	     1.81781e+06	
      3734.004	     1.81815e+06	
      3734.044	     1.81824e+06	
      3734.064	     1.81828e+06	
      3734.084	     1.81833e+06	
      3734.131	     1.81844e+06	
      3734.140	     1.81846e+06	
      3734.164	     1.81851e+06	
      3734.197	     1.81859e+06	
      3734.254	     1.81872e+06	
      3734.311	     1.81885e+06	
      3734.368	     1.81898e+06	
      3734.425	     1.81911e+06	
      3734.482	     1.81924e+06	
      3734.539	     1.81937e+06	
      3734.652	     1.81963e+06	
      3734.829	     1.82004e+06	
      3734.878	     1.82015e+06	
      3734.929	     1.82027e+06	
      3735.029	     1.82050e+06	
      3735.124	     1.82071e+06	
      3735.173	     1.82083e+06	
      3735.229	     1.82096e+06	
      3735.334	     1.82119e+06	
      3735.391	     1.82133e+06	
      3735.495	     1.82156e+06	
      3735.817	     1.82230e+06	
      3736.000	     1.82272e+06	
      3736.243	     1.82328e+06	
      3736.486	     1.82384e+06	
      3736.971	     1.82495e+06	
      3737.826	     1.82691e+06	
      3737.943	     1.82718e+06	
      3738.060	     1.82745e+06	
      3738.294	     1.82798e+06	
      3738.587	     1.82865e+06	
      3738.762	     1.82905e+06	
      3738.937	     1.82946e+06	
      3739.287	     1.83026e+06	
      3739.498	     1.83074e+06	
      3739.987	     1.83186e+06	
      3740.476	     1.83298e+06	
      3741.212	     1.83467e+06	
      3741.453	     1.83523e+06	
      3741.694	     1.83578e+06	
      3742.092	     1.83669e+06	
      3742.176	     1.83689e+06	
      3742.260	     1.83708e+06	
      3742.428	     1.83746e+06	
      3742.671	     1.83802e+06	
      3742.733	     1.83816e+06	
      3742.764	     1.83823e+06	
      3742.795	     1.83831e+06	
      3742.864	     1.83846e+06	
      3742.919	     1.83859e+06	
      3743.167	     1.83916e+06	
      3743.663	     1.84029e+06	
      3744.620	     1.84249e+06	
      3744.654	     1.84257e+06	
      3746.445	     1.84668e+06	
      3747.605	     1.84934e+06	
      3748.269	     1.85087e+06	
      3748.844	     1.85219e+06	
      3748.904	     1.85232e+06	
      3748.934	     1.85239e+06	
      3748.964	     1.85246e+06	
      3748.986	     1.85251e+06	
      3749.084	     1.85274e+06	
      3749.118	     1.85281e+06	
      3749.182	     1.85296e+06	
      3749.378	     1.85341e+06	
      3749.409	     1.85348e+06	
      3749.638	     1.85401e+06	
      3749.753	     1.85427e+06	
      3749.867	     1.85453e+06	
      3749.924	     1.85466e+06	
      3749.981	     1.85479e+06	
      3750.038	     1.85492e+06	
      3750.095	     1.85505e+06	
      3750.152	     1.85518e+06	
      3750.209	     1.85531e+06	
      3750.266	     1.85545e+06	
      3750.323	     1.85558e+06	
      3750.437	     1.85584e+06	
      3750.616	     1.85625e+06	
      3750.665	     1.85636e+06	
      3750.716	     1.85648e+06	
      3750.816	     1.85671e+06	
      3750.910	     1.85693e+06	
      3751.016	     1.85717e+06	
      3751.122	     1.85741e+06	
      3751.334	     1.85790e+06	
      3751.481	     1.85824e+06	
      3751.758	     1.85887e+06	
      3752.035	     1.85951e+06	
      3752.588	     1.86078e+06	
      3753.533	     1.86295e+06	
      3753.696	     1.86332e+06	
      3753.782	     1.86352e+06	
      3753.859	     1.86370e+06	
      3754.185	     1.86444e+06	
      3754.274	     1.86465e+06	
      3754.837	     1.86594e+06	
      3755.892	     1.86836e+06	
      3756.086	     1.86881e+06	
      3757.473	     1.87200e+06	
      3757.509	     1.87208e+06	
      3757.548	     1.87217e+06	
      3758.932	     1.87535e+06	
      3760.390	     1.87869e+06	
      3761.656	     1.88160e+06	
      3762.717	     1.88404e+06	
      3763.233	     1.88523e+06	
      3764.809	     1.88885e+06	
      3765.066	     1.88944e+06	
      3766.902	     1.89365e+06	
      3768.545	     1.89743e+06	
      3768.737	     1.89787e+06	
      3768.929	     1.89831e+06	
      3768.971	     1.89841e+06	
      3769.196	     1.89893e+06	
      3769.313	     1.89919e+06	
      3769.655	     1.89998e+06	
      3769.885	     1.90051e+06	
      3770.114	     1.90103e+06	
      3770.228	     1.90130e+06	
      3770.343	     1.90156e+06	
      3770.401	     1.90169e+06	
      3770.458	     1.90182e+06	
      3770.515	     1.90195e+06	
      3770.573	     1.90208e+06	
      3770.630	     1.90221e+06	
      3770.687	     1.90234e+06	
      3770.745	     1.90248e+06	
      3770.802	     1.90261e+06	
      3770.867	     1.90276e+06	
      3770.916	     1.90288e+06	
      3770.967	     1.90299e+06	
      3770.988	     1.90304e+06	
      3771.003	     1.90308e+06	
      3771.067	     1.90322e+06	
      3771.146	     1.90340e+06	
      3771.304	     1.90377e+06	
      3771.604	     1.90446e+06	
      3771.890	     1.90512e+06	
      3771.951	     1.90526e+06	
      3772.206	     1.90584e+06	
      3772.522	     1.90657e+06	
      3773.154	     1.90802e+06	
      3774.357	     1.91078e+06	
      3775.497	     1.91340e+06	
      3776.762	     1.91631e+06	
      3777.127	     1.91715e+06	
      3778.027	     1.91921e+06	
      3778.399	     1.92007e+06	
      3778.927	     1.92128e+06	
      3780.726	     1.92542e+06	
      3781.844	     1.92798e+06	
      3783.053	     1.93076e+06	
      3783.159	     1.93101e+06	
      3784.263	     1.93354e+06	
      3785.367	     1.93608e+06	
      3786.225	     1.93805e+06	
      3787.401	     1.94075e+06	
      3787.574	     1.94115e+06	
      3788.924	     1.94425e+06	
      3790.447	     1.94775e+06	
      3792.841	     1.95325e+06	
      3793.492	     1.95475e+06	
      3794.143	     1.95624e+06	
      3794.897	     1.95798e+06	
      3795.066	     1.95837e+06	
      3795.444	     1.95924e+06	
      3795.991	     1.96049e+06	
      3796.454	     1.96155e+06	
      3796.916	     1.96262e+06	
      3797.147	     1.96315e+06	
      3797.378	     1.96367e+06	
      3797.494	     1.96394e+06	
      3797.609	     1.96421e+06	
      3797.666	     1.96433e+06	
      3797.724	     1.96447e+06	
      3797.782	     1.96460e+06	
      3797.840	     1.96473e+06	
      3797.898	     1.96486e+06	
      3797.956	     1.96500e+06	
      3798.014	     1.96513e+06	
      3798.072	     1.96527e+06	
      3798.187	     1.96553e+06	
      3798.367	     1.96595e+06	
      3798.416	     1.96606e+06	
      3798.467	     1.96618e+06	
      3798.567	     1.96641e+06	
      3798.655	     1.96661e+06	
      3798.753	     1.96684e+06	
      3798.767	     1.96687e+06	
      3798.837	     1.96703e+06	
      3798.879	     1.96713e+06	
      3798.921	     1.96722e+06	
      3799.046	     1.96751e+06	
      3799.089	     1.96761e+06	
      3799.425	     1.96838e+06	
      3799.471	     1.96849e+06	
      3799.804	     1.96925e+06	
      3800.562	     1.97099e+06	
      3801.653	     1.97350e+06	
      3802.319	     1.97503e+06	
      3803.834	     1.97851e+06	
      3805.349	     1.98199e+06	
      3807.837	     1.98771e+06	
      3808.378	     1.98895e+06	
      3808.919	     1.99020e+06	
      3810.000	     1.99268e+06	
      3811.586	     1.99632e+06	
      3812.164	     1.99765e+06	
      3812.742	     1.99898e+06	
      3813.897	     2.00163e+06	
      3815.777	     2.00595e+06	
      3816.093	     2.00667e+06	
      3816.209	     2.00694e+06	
      3816.641	     2.00793e+06	
      3817.439	     2.00982e+06	
      3817.504	     2.00998e+06	
      3818.916	     2.01331e+06	
      3820.393	     2.01686e+06	
      3822.566	     2.02209e+06	
      3823.346	     2.02396e+06	
      3823.512	     2.02436e+06	
      3824.126	     2.02584e+06	
      3825.685	     2.02959e+06	
      3826.804	     2.03227e+06	
      3827.859	     2.03481e+06	
      3828.914	     2.03734e+06	
      3830.454	     2.04104e+06	
      3831.023	     2.04241e+06	
      3831.592	     2.04377e+06	
      3832.001	     2.04476e+06	
      3832.525	     2.04601e+06	
      3832.730	     2.04651e+06	
      3833.458	     2.04826e+06	
      3833.925	     2.04937e+06	
      3834.392	     2.05050e+06	
      3834.626	     2.05105e+06	
      3834.859	     2.05161e+06	
      3834.975	     2.05189e+06	
      3835.092	     2.05217e+06	
      3835.151	     2.05231e+06	
      3835.209	     2.05245e+06	
      3835.267	     2.05258e+06	
      3835.326	     2.05272e+06	
      3835.384	     2.05286e+06	
      3835.442	     2.05300e+06	
      3835.501	     2.05314e+06	
      3835.559	     2.05329e+06	
      3835.626	     2.05345e+06	
      3835.675	     2.05357e+06	
      3835.726	     2.05369e+06	
      3835.743	     2.05373e+06	
      3835.774	     2.05381e+06	
      3835.826	     2.05393e+06	
      3835.909	     2.05413e+06	
      3836.075	     2.05453e+06	
      3836.376	     2.05526e+06	
      3836.646	     2.05591e+06	
      3836.977	     2.05670e+06	
      3837.029	     2.05683e+06	
      3837.308	     2.05750e+06	
      3837.970	     2.05909e+06	
      3838.647	     2.06072e+06	
      3838.911	     2.06135e+06	
      3839.175	     2.06198e+06	
      3839.703	     2.06325e+06	
      3840.758	     2.06578e+06	
      3842.753	     2.07057e+06	
      3842.831	     2.07075e+06	
      3842.870	     2.07085e+06	
      3842.909	     2.07094e+06	
      3843.065	     2.07131e+06	
      3843.377	     2.07206e+06	
      3844.001	     2.07356e+06	
      3844.588	     2.07497e+06	
      3845.248	     2.07655e+06	
      3845.547	     2.07727e+06	
      3845.908	     2.07814e+06	
      3847.228	     2.08130e+06	
      3847.442	     2.08181e+06	
      3848.908	     2.08533e+06	
      3850.375	     2.08884e+06	
      3851.976	     2.09268e+06	
      3853.308	     2.09587e+06	
      3854.640	     2.09906e+06	
      3855.701	     2.10160e+06	
      3857.303	     2.10544e+06	
      3858.906	     2.10928e+06	
      3862.006	     2.11670e+06	
      3862.111	     2.11695e+06	
      3862.216	     2.11720e+06	
      3862.426	     2.11770e+06	
      3862.846	     2.11871e+06	
      3863.685	     2.12072e+06	
      3865.170	     2.12427e+06	
      3865.365	     2.12473e+06	
      3865.560	     2.12520e+06	
      3865.950	     2.12613e+06	
      3866.730	     2.12800e+06	
      3867.675	     2.13026e+06	
      3868.289	     2.13172e+06	
      3868.903	     2.13319e+06	
      3870.131	     2.13613e+06	
      3871.324	     2.13898e+06	
      3872.586	     2.14199e+06	
      3873.848	     2.14501e+06	
      3876.324	     2.15092e+06	
      3876.368	     2.15103e+06	
      3876.371	     2.15103e+06	
      3876.374	     2.15104e+06	
      3876.424	     2.15116e+06	
      3876.524	     2.15140e+06	
      3876.724	     2.15187e+06	
      3876.947	     2.15241e+06	
      3877.124	     2.15283e+06	
      3877.924	     2.15474e+06	
      3878.900	     2.15707e+06	
      3880.290	     2.16039e+06	
      3880.854	     2.16173e+06	
      3881.418	     2.16307e+06	
      3882.546	     2.16576e+06	
      3884.398	     2.17018e+06	
      3884.801	     2.17114e+06	
      3884.923	     2.17143e+06	
      3885.204	     2.17210e+06	
      3886.010	     2.17402e+06	
      3886.151	     2.17436e+06	
      3887.096	     2.17661e+06	
      3887.568	     2.17773e+06	
      3888.042	     2.17886e+06	
      3888.280	     2.17942e+06	
      3888.516	     2.17998e+06	
      3888.633	     2.18026e+06	
      3888.752	     2.18054e+06	
      3888.844	     2.18075e+06	
      3888.866	     2.18080e+06	
      3888.871	     2.18081e+06	
      3888.898	     2.18087e+06	
      3888.930	     2.18094e+06	
      3888.989	     2.18108e+06	
      3889.048	     2.18121e+06	
      3889.107	     2.18136e+06	
      3889.166	     2.18151e+06	
      3889.225	     2.18165e+06	
      3889.294	     2.18182e+06	
      3889.343	     2.18194e+06	
      3889.394	     2.18207e+06	
      3889.408	     2.18210e+06	
      3889.450	     2.18220e+06	
      3889.494	     2.18231e+06	
      3889.580	     2.18251e+06	
      3889.752	     2.18293e+06	
      3890.054	     2.18365e+06	
      3890.315	     2.18427e+06	
      3890.474	     2.18465e+06	
      3890.657	     2.18509e+06	
      3890.999	     2.18591e+06	
      3891.683	     2.18753e+06	
      3892.892	     2.19042e+06	
      3893.942	     2.19292e+06	
      3894.458	     2.19414e+06	
      3895.309	     2.19617e+06	
      3896.219	     2.19834e+06	
      3896.677	     2.19943e+06	
      3898.895	     2.20470e+06	
      3899.603	     2.20638e+06	
      3901.572	     2.21107e+06	
      3903.894	     2.21658e+06	
      3904.248	     2.21742e+06	
      3908.893	     2.22844e+06	
      3913.891	     2.24029e+06	
      3918.890	     2.25304e+06	
      3923.889	     2.26591e+06	
      3928.216	     2.27704e+06	
      3928.353	     2.27739e+06	
      3928.887	     2.27877e+06	
      3929.559	     2.28049e+06	
      3930.903	     2.28395e+06	
      3933.453	     2.29050e+06	
      3935.810	     2.29654e+06	
      3937.347	     2.30048e+06	
      3938.885	     2.30442e+06	
      3940.036	     2.30737e+06	
      3941.960	     2.31229e+06	
      3943.883	     2.31720e+06	
      3946.579	     2.32408e+06	
      3947.730	     2.32702e+06	
      3948.882	     2.32996e+06	
      3950.653	     2.33446e+06	
      3951.015	     2.33539e+06	
      3951.186	     2.33582e+06	
      3951.718	     2.33718e+06	
      3952.784	     2.33989e+06	
      3954.554	     2.34440e+06	
      3957.306	     2.35139e+06	
      3958.093	     2.35339e+06	
      3958.624	     2.35474e+06	
      3958.880	     2.35539e+06	
      3960.453	     2.35938e+06	
      3962.283	     2.36403e+06	
      3965.737	     2.37278e+06	
      3965.942	     2.37329e+06	
      3966.147	     2.37381e+06	
      3966.557	     2.37485e+06	
      3966.675	     2.37515e+06	
      3967.279	     2.37668e+06	
      3967.376	     2.37692e+06	
      3968.078	     2.37869e+06	
      3968.709	     2.38028e+06	
      3968.877	     2.38071e+06	
      3969.045	     2.38113e+06	
      3969.234	     2.38160e+06	
      3969.287	     2.38174e+06	
      3969.381	     2.38197e+06	
      3969.528	     2.38234e+06	
      3969.648	     2.38263e+06	
      3969.769	     2.38293e+06	
      3969.830	     2.38308e+06	
      3969.890	     2.38322e+06	
      3969.950	     2.38336e+06	
      3970.011	     2.38350e+06	
      3970.071	     2.38365e+06	
      3970.131	     2.38381e+06	
      3970.192	     2.38397e+06	
      3970.252	     2.38414e+06	
      3970.323	     2.38433e+06	
      3970.372	     2.38446e+06	
      3970.423	     2.38459e+06	
      3970.432	     2.38461e+06	
      3970.495	     2.38478e+06	
      3970.523	     2.38485e+06	
      3970.613	     2.38508e+06	
      3970.795	     2.38555e+06	
      3971.096	     2.38632e+06	
      3971.333	     2.38692e+06	
      3971.591	     2.38758e+06	
      3971.698	     2.38785e+06	
      3972.063	     2.38878e+06	
      3972.793	     2.39063e+06	
      3973.995	     2.39367e+06	
      3974.936	     2.39606e+06	
      3976.398	     2.39975e+06	
      3976.845	     2.40088e+06	
      3977.860	     2.40345e+06	
      3978.874	     2.40601e+06	
      3979.577	     2.40778e+06	
      3980.904	     2.41113e+06	
      3982.230	     2.41448e+06	
      3984.180	     2.41939e+06	
      3984.884	     2.42116e+06	
      3985.119	     2.42175e+06	
      3985.588	     2.42293e+06	
      3986.995	     2.42648e+06	
      3988.872	     2.43119e+06	
      3991.379	     2.43749e+06	
      3992.625	     2.44062e+06	
      3993.854	     2.44370e+06	
      3993.870	     2.44374e+06	
      3996.362	     2.44998e+06	
      3998.869	     2.45626e+06	
      4003.868	     2.46875e+06	
      4008.866	     2.48121e+06	
      4013.865	     2.49385e+06	
      4018.864	     2.50673e+06	
      4023.863	     2.51958e+06	
      4025.341	     2.52339e+06	
      4028.861	     2.53249e+06	
      4032.381	     2.54156e+06	
      4032.946	     2.54301e+06	
      4033.860	     2.54537e+06	
      4035.902	     2.55062e+06	
      4038.859	     2.55821e+06	
      4043.857	     2.57101e+06	
      4048.856	     2.58378e+06	
      4053.855	     2.59651e+06	
      4058.853	     2.60919e+06	
      4063.852	     2.62183e+06	
      4068.851	     2.63442e+06	
      4073.849	     2.64696e+06	
      4075.421	     2.65089e+06	
      4078.848	     2.65946e+06	
      4082.275	     2.66799e+06	
      4082.559	     2.66869e+06	
      4084.004	     2.67228e+06	
      4085.702	     2.67650e+06	
      4088.845	     2.68428e+06	
      4089.695	     2.68638e+06	
      4093.687	     2.69622e+06	
      4096.515	     2.70316e+06	
      4097.679	     2.70601e+06	
      4098.010	     2.70682e+06	
      4098.678	     2.70845e+06	
      4098.843	     2.70885e+06	
      4099.676	     2.71088e+06	
      4100.174	     2.71209e+06	
      4100.673	     2.71329e+06	
      4100.922	     2.71388e+06	
      4101.172	     2.71447e+06	
      4101.297	     2.71476e+06	
      4101.422	     2.71504e+06	
      4101.485	     2.71517e+06	
      4101.547	     2.71530e+06	
      4101.609	     2.71541e+06	
      4101.672	     2.71552e+06	
      4101.734	     2.71565e+06	
      4101.797	     2.71583e+06	
      4101.859	     2.71602e+06	
      4101.922	     2.71622e+06	
      4102.047	     2.71658e+06	
      4102.296	     2.71724e+06	
      4102.745	     2.71839e+06	
      4102.794	     2.71851e+06	
      4102.845	     2.71864e+06	
      4102.945	     2.71889e+06	
      4103.145	     2.71939e+06	
      4103.296	     2.71977e+06	
      4103.545	     2.72039e+06	
      4103.794	     2.72101e+06	
      4104.291	     2.72225e+06	
      4104.785	     2.72348e+06	
      4105.287	     2.72473e+06	
      4105.789	     2.72597e+06	
      4106.793	     2.72845e+06	
      4108.680	     2.73311e+06	
      4108.760	     2.73331e+06	
      4108.800	     2.73341e+06	
      4108.840	     2.73351e+06	
      4108.859	     2.73355e+06	
      4109.000	     2.73392e+06	
      4109.320	     2.73477e+06	
      4109.781	     2.73598e+06	
      4110.703	     2.73840e+06	
      4111.319	     2.74002e+06	
      4112.546	     2.74324e+06	
      4113.774	     2.74647e+06	
      4114.693	     2.74887e+06	
      4116.229	     2.75289e+06	
      4116.694	     2.75410e+06	
      4117.766	     2.75690e+06	
      4118.126	     2.75784e+06	
      4118.838	     2.75969e+06	
      4120.981	     2.76527e+06	
      4123.836	     2.77268e+06	
      4126.144	     2.77865e+06	
      4128.835	     2.78561e+06	
      4129.605	     2.78759e+06	
      4131.526	     2.79253e+06	
      4133.834	     2.79846e+06	
      4134.219	     2.79944e+06	
      4138.832	     2.81124e+06	
      4143.831	     2.82396e+06	
      4148.830	     2.83661e+06	
      4153.828	     2.84920e+06	
      4158.827	     2.86171e+06	
      4163.826	     2.87416e+06	
      4168.824	     2.88654e+06	
      4173.823	     2.89885e+06	
      4178.822	     2.91109e+06	
      4183.820	     2.92326e+06	
      4188.819	     2.93536e+06	
      4193.818	     2.94740e+06	
      4198.817	     2.95935e+06	
      4203.815	     2.97124e+06	
      4208.814	     2.98323e+06	
      4213.813	     2.99527e+06	
      4216.525	     3.00176e+06	
      4217.242	     3.00348e+06	
      4218.811	     3.00723e+06	
      4221.098	     3.01268e+06	
      4223.810	     3.01911e+06	
      4224.954	     3.02183e+06	
      4228.809	     3.03093e+06	
      4233.807	     3.04266e+06	
      4238.806	     3.05432e+06	
      4243.805	     3.06589e+06	
      4248.803	     3.07739e+06	
      4253.802	     3.08880e+06	
      4258.801	     3.10014e+06	
      4263.799	     3.11139e+06	
      4268.798	     3.12256e+06	
      4273.797	     3.13364e+06	
      4278.795	     3.14464e+06	
      4283.794	     3.15554e+06	
      4288.793	     3.16635e+06	
      4293.791	     3.17703e+06	
      4298.790	     3.18765e+06	
      4303.789	     3.19808e+06	
      4308.788	     3.20807e+06	
      4313.786	     3.21793e+06	
      4314.073	     3.21850e+06	
      4318.785	     3.22767e+06	
      4320.854	     3.23166e+06	
      4323.497	     3.23675e+06	
      4326.139	     3.24178e+06	
      4326.475	     3.24241e+06	
      4328.782	     3.24677e+06	
      4330.233	     3.24951e+06	
      4331.090	     3.25111e+06	
      4331.149	     3.25123e+06	
      4331.946	     3.25271e+06	
      4333.660	     3.25592e+06	
      4334.060	     3.25667e+06	
      4336.171	     3.26060e+06	
      4337.786	     3.26358e+06	
      4338.220	     3.26437e+06	
      4338.283	     3.26449e+06	
      4338.780	     3.26537e+06	
      4338.812	     3.26543e+06	
      4339.339	     3.26638e+06	
      4339.602	     3.26682e+06	
      4339.867	     3.26726e+06	
      4340.001	     3.26748e+06	
      4340.132	     3.26763e+06	
      4340.197	     3.26770e+06	
      4340.263	     3.26776e+06	
      4340.329	     3.26776e+06	
      4340.395	     3.26776e+06	
      4340.461	     3.26782e+06	
      4340.527	     3.26801e+06	
      4340.593	     3.26826e+06	
      4340.659	     3.26851e+06	
      4340.791	     3.26892e+06	
      4341.005	     3.26946e+06	
      4341.055	     3.26955e+06	
      4341.105	     3.26968e+06	
      4341.205	     3.26990e+06	
      4341.227	     3.26996e+06	
      4341.238	     3.26996e+06	
      4341.405	     3.27034e+06	
      4341.583	     3.27071e+06	
      4341.939	     3.27147e+06	
      4342.640	     3.27291e+06	
      4343.330	     3.27432e+06	
      4343.570	     3.27483e+06	
      4344.041	     3.27577e+06	
      4344.752	     3.27722e+06	
      4346.174	     3.28007e+06	
      4348.578	     3.28491e+06	
      4348.777	     3.28532e+06	
      4348.976	     3.28573e+06	
      4349.374	     3.28651e+06	
      4350.170	     3.28812e+06	
      4350.322	     3.28840e+06	
      4351.761	     3.29129e+06	
      4353.201	     3.29415e+06	
      4354.734	     3.29720e+06	
      4356.077	     3.29987e+06	
      4356.080	     3.29987e+06	
      4357.426	     3.30251e+06	
      4358.774	     3.30518e+06	
      4359.170	     3.30593e+06	
      4361.472	     3.31036e+06	
      4363.773	     3.31485e+06	
      4367.980	     3.32293e+06	
      4368.376	     3.32368e+06	
      4368.524	     3.32399e+06	
      4368.772	     3.32446e+06	
      4369.563	     3.32597e+06	
      4371.147	     3.32899e+06	
      4373.770	     3.33395e+06	
      4378.769	     3.34335e+06	
      4383.768	     3.35261e+06	
      4388.766	     3.36182e+06	
      4393.765	     3.37090e+06	
      4398.764	     3.37991e+06	
      4403.762	     3.38739e+06	
      4408.761	     3.39421e+06	
      4413.760	     3.40099e+06	
      4418.758	     3.40775e+06	
      4423.757	     3.41444e+06	
      4428.756	     3.42113e+06	
      4433.754	     3.42773e+06	
      4438.753	     3.43433e+06	
      4443.752	     3.44086e+06	
      4448.751	     3.44736e+06	
      4453.749	     3.45384e+06	
      4458.748	     3.46028e+06	
      4463.747	     3.46665e+06	
      4468.745	     3.47303e+06	
      4473.744	     3.47935e+06	
      4478.743	     3.48563e+06	
      4483.741	     3.49188e+06	
      4488.740	     3.49810e+06	
      4493.739	     3.50426e+06	
      4498.737	     3.51133e+06	
      4503.736	     3.52059e+06	
      4508.735	     3.52977e+06	
      4513.733	     3.53885e+06	
      4514.118	     3.53954e+06	
      4518.732	     3.54780e+06	
      4523.346	     3.55597e+06	
      4527.190	     3.56272e+06	
      4527.960	     3.56407e+06	
      4528.729	     3.56542e+06	
      4530.269	     3.56810e+06	
      4532.968	     3.57274e+06	
      4533.288	     3.57331e+06	
      4533.348	     3.57340e+06	
      4533.728	     3.57406e+06	
      4534.488	     3.57535e+06	
      4536.007	     3.57796e+06	
      4538.727	     3.58261e+06	
      4543.725	     3.59106e+06	
      4548.724	     3.59942e+06	
      4553.723	     3.60765e+06	
      4558.721	     3.61582e+06	
      4563.720	     3.62386e+06	
      4568.719	     3.63184e+06	
      4573.717	     3.63969e+06	
      4578.716	     3.64745e+06	
      4583.715	     3.65512e+06	
      4588.713	     3.66269e+06	
      4593.712	     3.67017e+06	
      4596.529	     3.67384e+06	
      4596.984	     3.67444e+06	
      4598.711	     3.67667e+06	
      4600.892	     3.67943e+06	
      4603.709	     3.68298e+06	
      4604.800	     3.68433e+06	
      4608.708	     3.68920e+06	
      4613.707	     3.69539e+06	
      4618.705	     3.70152e+06	
      4623.704	     3.70758e+06	
      4628.703	     3.71358e+06	
      4633.701	     3.71952e+06	
      4638.700	     3.72543e+06	
      4643.699	     3.73127e+06	
      4648.697	     3.73705e+06	
      4653.696	     3.74277e+06	
      4658.695	     3.74842e+06	
      4663.694	     3.75405e+06	
      4668.692	     3.75961e+06	
      4673.691	     3.76510e+06	
      4678.690	     3.77054e+06	
      4683.688	     3.77591e+06	
      4688.687	     3.78125e+06	
      4693.686	     3.78640e+06	
      4698.684	     3.79134e+06	
      4703.683	     3.79621e+06	
      4708.682	     3.80101e+06	
      4713.680	     3.80579e+06	
      4715.603	     3.80761e+06	
      4718.679	     3.81053e+06	
      4720.984	     3.81270e+06	
      4721.755	     3.81342e+06	
      4723.678	     3.81521e+06	
      4724.830	     3.81628e+06	
      4728.676	     3.81983e+06	
      4733.675	     3.82442e+06	
      4738.674	     3.82894e+06	
      4743.672	     3.83343e+06	
      4748.671	     3.83783e+06	
      4753.670	     3.84220e+06	
      4758.668	     3.84653e+06	
      4763.667	     3.85078e+06	
      4768.666	     3.85495e+06	
      4773.664	     3.85907e+06	
      4778.663	     3.86312e+06	
      4783.662	     3.86711e+06	
      4788.660	     3.87101e+06	
      4793.659	     3.87471e+06	
      4798.658	     3.87833e+06	
      4803.656	     3.88185e+06	
      4808.655	     3.88524e+06	
      4813.654	     3.88847e+06	
      4818.652	     3.89159e+06	
      4823.651	     3.89448e+06	
      4828.650	     3.89715e+06	
      4833.648	     3.89956e+06	
      4834.972	     3.90016e+06	
      4838.647	     3.90173e+06	
      4839.161	     3.90195e+06	
      4842.322	     3.90318e+06	
      4845.483	     3.90431e+06	
      4845.503	     3.90431e+06	
      4847.054	     3.90481e+06	
      4848.644	     3.90535e+06	
      4851.785	     3.90632e+06	
      4854.393	     3.90714e+06	
      4856.517	     3.90783e+06	
      4858.401	     3.90842e+06	
      4858.642	     3.90849e+06	
      4858.664	     3.90849e+06	
      4858.883	     3.90855e+06	
      4859.364	     3.90868e+06	
      4859.473	     3.90871e+06	
      4860.065	     3.90880e+06	
      4860.361	     3.90880e+06	
      4860.657	     3.90874e+06	
      4860.805	     3.90864e+06	
      4860.953	     3.90846e+06	
      4861.027	     3.90830e+06	
      4861.101	     3.90808e+06	
      4861.175	     3.90770e+06	
      4861.248	     3.90732e+06	
      4861.322	     3.90714e+06	
      4861.396	     3.90742e+06	
      4861.470	     3.90792e+06	
      4861.543	     3.90839e+06	
      4861.641	     3.90883e+06	
      4861.687	     3.90899e+06	
      4861.689	     3.90899e+06	
      4861.691	     3.90899e+06	
      4861.695	     3.90902e+06	
      4861.741	     3.90915e+06	
      4861.841	     3.90937e+06	
      4861.979	     3.90965e+06	
      4861.987	     3.90968e+06	
      4862.279	     3.91015e+06	
      4862.579	     3.91059e+06	
      4862.596	     3.91062e+06	
      4863.178	     3.91135e+06	
      4863.727	     3.91201e+06	
      4863.761	     3.91204e+06	
      4864.927	     3.91336e+06	
      4866.127	     3.91471e+06	
      4868.413	     3.91722e+06	
      4868.526	     3.91735e+06	
      4868.639	     3.91747e+06	
      4868.865	     3.91775e+06	
      4869.317	     3.91826e+06	
      4869.583	     3.91854e+06	
      4870.221	     3.91926e+06	
      4870.858	     3.91995e+06	
      4872.134	     3.92140e+06	
      4874.623	     3.92416e+06	
      4874.685	     3.92423e+06	
      4874.747	     3.92432e+06	
      4874.871	     3.92445e+06	
      4875.119	     3.92473e+06	
      4875.615	     3.92526e+06	
      4876.607	     3.92636e+06	
      4878.452	     3.92837e+06	
      4878.544	     3.92847e+06	
      4878.590	     3.92853e+06	
      4878.636	     3.92856e+06	
      4878.820	     3.92878e+06	
      4879.188	     3.92916e+06	
      4879.526	     3.92954e+06	
      4879.924	     3.92994e+06	
      4880.322	     3.93038e+06	
      4880.941	     3.93104e+06	
      4881.118	     3.93123e+06	
      4882.709	     3.93290e+06	
      4884.478	     3.93472e+06	
      4887.396	     3.93761e+06	
      4888.015	     3.93824e+06	
      4888.634	     3.93883e+06	
      4889.871	     3.94003e+06	
      4891.061	     3.94113e+06	
      4892.347	     3.94235e+06	
      4893.632	     3.94352e+06	
      4893.777	     3.94367e+06	
      4896.204	     3.94584e+06	
      4898.631	     3.94798e+06	
      4903.340	     3.95200e+06	
      4903.485	     3.95212e+06	
      4903.630	     3.95222e+06	
      4903.920	     3.95247e+06	
      4904.499	     3.95294e+06	
      4905.659	     3.95388e+06	
      4907.328	     3.95523e+06	
      4907.977	     3.95577e+06	
      4908.628	     3.95627e+06	
      4909.929	     3.95731e+06	
      4911.434	     3.95850e+06	
      4912.530	     3.95935e+06	
      4913.014	     3.95973e+06	
      4913.627	     3.96017e+06	
      4915.550	     3.96164e+06	
      4915.820	     3.96183e+06	
      4918.240	     3.96365e+06	
      4918.626	     3.96394e+06	
      4921.701	     3.96620e+06	
      4923.624	     3.96758e+06	
      4925.162	     3.96868e+06	
      4928.623	     3.97110e+06	
      4933.622	     3.97452e+06	
      4938.620	     3.97788e+06	
      4943.619	     3.98118e+06	
      4948.618	     3.98439e+06	
      4953.616	     3.98753e+06	
      4958.615	     3.99064e+06	
      4963.614	     3.99366e+06	
      4968.612	     3.99667e+06	
      4973.611	     3.99959e+06	
      4978.610	     4.00251e+06	
      4983.608	     4.00534e+06	
      4988.607	     4.00808e+06	
      4993.606	     4.01075e+06	
      4998.604	     4.01342e+06	
      5003.603	     4.01602e+06	
      5008.602	     4.01860e+06	
      5013.600	     4.02114e+06	
      5018.599	     4.02366e+06	
      5023.598	     4.02617e+06	
      5028.596	     4.02862e+06	
      5033.595	     4.03104e+06	
      5038.594	     4.03343e+06	
      5043.592	     4.03578e+06	
      5048.591	     4.03811e+06	
      5053.590	     4.04043e+06	
      5058.588	     4.04270e+06	
      5063.587	     4.04496e+06	
      5068.586	     4.04716e+06	
      5073.584	     4.04936e+06	
      5078.583	     4.05152e+06	
      5083.582	     4.05353e+06	
      5088.580	     4.05545e+06	
      5093.579	     4.05734e+06	
      5098.578	     4.05922e+06	
      5103.576	     4.06107e+06	
      5108.575	     4.06290e+06	
      5113.574	     4.06469e+06	
      5118.572	     4.06648e+06	
      5123.571	     4.06824e+06	
      5128.570	     4.06996e+06	
      5133.568	     4.07169e+06	
      5138.567	     4.07339e+06	
      5143.566	     4.07505e+06	
      5148.564	     4.07669e+06	
      5153.563	     4.07832e+06	
      5158.562	     4.07992e+06	
      5163.560	     4.08149e+06	
      5168.559	     4.08307e+06	
      5173.558	     4.08460e+06	
      5178.556	     4.08608e+06	
      5183.555	     4.08737e+06	
      5188.554	     4.08866e+06	
      5193.552	     4.08991e+06	
      5198.551	     4.09114e+06	
      5203.550	     4.09236e+06	
      5208.548	     4.09359e+06	
      5213.547	     4.09475e+06	
      5218.546	     4.09591e+06	
      5223.544	     4.09708e+06	
      5228.543	     4.09821e+06	
      5233.542	     4.09931e+06	
      5238.540	     4.10041e+06	
      5243.539	     4.10147e+06	
      5248.537	     4.10251e+06	
      5253.536	     4.10355e+06	
      5258.535	     4.10455e+06	
      5263.533	     4.10556e+06	
      5268.532	     4.10653e+06	
      5273.531	     4.10751e+06	
      5278.529	     4.10905e+06	
      5283.528	     4.11068e+06	
      5288.527	     4.11225e+06	
      5293.525	     4.11382e+06	
      5298.524	     4.11533e+06	
      5303.523	     4.11684e+06	
      5308.521	     4.11828e+06	
      5313.520	     4.11970e+06	
      5318.519	     4.12111e+06	
      5323.517	     4.12246e+06	
      5328.516	     4.12378e+06	
      5333.515	     4.12510e+06	
      5338.513	     4.12636e+06	
      5343.512	     4.12758e+06	
      5348.511	     4.12881e+06	
      5353.509	     4.12997e+06	
      5358.508	     4.13113e+06	
      5363.507	     4.13233e+06	
      5368.505	     4.13342e+06	
      5373.504	     4.13421e+06	
      5378.503	     4.13459e+06	
      5383.501	     4.13496e+06	
      5388.500	     4.13531e+06	
      5393.499	     4.13566e+06	
      5398.497	     4.13597e+06	
      5403.496	     4.13625e+06	
      5408.495	     4.13657e+06	
      5413.493	     4.13682e+06	
      5418.492	     4.13707e+06	
      5423.491	     4.13732e+06	
      5428.489	     4.13754e+06	
      5433.488	     4.13776e+06	
      5438.487	     4.13795e+06	
      5443.485	     4.13811e+06	
      5448.484	     4.13826e+06	
      5453.483	     4.13842e+06	
      5458.481	     4.13855e+06	
      5463.480	     4.13864e+06	
      5468.479	     4.13873e+06	
      5473.477	     4.13924e+06	
      5478.476	     4.13974e+06	
      5483.475	     4.14021e+06	
      5488.473	     4.14068e+06	
      5493.472	     4.14112e+06	
      5498.471	     4.14153e+06	
      5503.469	     4.14194e+06	
      5508.468	     4.14232e+06	
      5513.466	     4.14266e+06	
      5518.465	     4.14301e+06	
      5523.464	     4.14332e+06	
      5528.462	     4.14364e+06	
      5533.461	     4.14392e+06	
      5538.460	     4.14417e+06	
      5543.458	     4.14442e+06	
      5548.457	     4.14464e+06	
      5553.456	     4.14486e+06	
      5558.454	     4.14505e+06	
      5563.453	     4.14521e+06	
      5568.452	     4.14536e+06	
      5573.450	     4.14549e+06	
      5578.449	     4.14558e+06	
      5583.448	     4.14568e+06	
      5588.446	     4.14574e+06	
      5593.445	     4.14580e+06	
      5598.444	     4.14583e+06	
      5603.442	     4.14587e+06	
      5608.441	     4.14587e+06	
      5613.440	     4.14583e+06	
      5618.438	     4.14580e+06	
      5623.437	     4.14577e+06	
      5628.436	     4.14571e+06	
      5633.434	     4.14561e+06	
      5638.433	     4.14552e+06	
      5643.432	     4.14543e+06	
      5648.430	     4.14527e+06	
      5653.429	     4.14514e+06	
      5658.428	     4.14495e+06	
      5663.426	     4.14480e+06	
      5668.425	     4.14461e+06	
      5673.424	     4.14439e+06	
      5673.979	     4.14439e+06	
      5678.422	     4.14417e+06	
      5682.865	     4.14395e+06	
      5686.198	     4.14376e+06	
      5687.309	     4.14370e+06	
      5687.864	     4.14367e+06	
      5688.420	     4.14364e+06	
      5690.641	     4.14351e+06	
      5693.418	     4.14335e+06	
      5698.417	     4.14307e+06	
      5703.415	     4.14276e+06	
      5704.770	     4.14266e+06	
      5708.414	     4.14241e+06	
      5708.882	     4.14238e+06	
      5712.058	     4.14216e+06	
      5713.413	     4.14206e+06	
      5715.234	     4.14194e+06	
      5718.411	     4.14172e+06	
      5723.410	     4.14134e+06	
      5728.409	     4.14096e+06	
      5733.407	     4.14056e+06	
      5738.406	     4.14012e+06	
      5743.405	     4.13971e+06	
      5748.403	     4.13924e+06	
      5753.402	     4.13880e+06	
      5758.401	     4.13829e+06	
      5763.399	     4.13735e+06	
      5768.398	     4.13682e+06	
      5773.397	     4.13628e+06	
      5778.395	     4.13575e+06	
      5783.394	     4.13522e+06	
      5788.393	     4.13462e+06	
      5793.391	     4.13405e+06	
      5798.390	     4.13346e+06	
      5803.389	     4.13283e+06	
      5808.387	     4.13220e+06	
      5813.386	     4.13157e+06	
      5818.385	     4.13091e+06	
      5823.383	     4.13025e+06	
      5828.382	     4.12956e+06	
      5833.381	     4.12887e+06	
      5838.379	     4.12818e+06	
      5843.378	     4.12746e+06	
      5848.377	     4.12673e+06	
      5853.375	     4.12598e+06	
      5858.374	     4.12523e+06	
      5863.372	     4.12444e+06	
      5868.371	     4.12369e+06	
      5873.370	     4.12287e+06	
      5878.368	     4.12208e+06	
      5883.367	     4.12127e+06	
      5888.366	     4.12042e+06	
      5893.364	     4.11957e+06	
      5898.363	     4.11872e+06	
      5903.362	     4.11784e+06	
      5908.360	     4.11696e+06	
      5913.359	     4.11608e+06	
      5918.358	     4.11517e+06	
      5923.356	     4.11423e+06	
      5928.355	     4.11332e+06	
      5933.354	     4.11238e+06	
      5938.352	     4.11140e+06	
      5943.351	     4.11043e+06	
      5948.350	     4.10945e+06	
      5953.348	     4.10845e+06	
      5958.347	     4.10744e+06	
      5963.346	     4.10641e+06	
      5968.344	     4.10534e+06	
      5973.343	     4.10430e+06	
      5978.342	     4.10323e+06	
      5983.340	     4.10213e+06	
      5988.339	     4.10104e+06	
      5993.338	     4.09994e+06	
      5998.336	     4.09884e+06	
      6003.335	     4.09770e+06	
      6008.333	     4.09657e+06	
      6013.332	     4.09541e+06	
      6018.331	     4.09425e+06	
      6023.329	     4.09309e+06	
      6028.328	     4.09189e+06	
      6033.327	     4.09070e+06	
      6038.325	     4.08951e+06	
      6043.324	     4.08828e+06	
      6048.323	     4.08705e+06	
      6053.321	     4.08580e+06	
      6058.320	     4.08454e+06	
      6063.319	     4.08329e+06	
      6068.317	     4.08203e+06	
      6073.316	     4.08074e+06	
      6078.315	     4.07945e+06	
      6083.313	     4.07813e+06	
      6088.312	     4.07681e+06	
      6093.311	     4.07549e+06	
      6098.309	     4.07414e+06	
      6103.308	     4.07279e+06	
      6108.307	     4.07144e+06	
      6113.305	     4.07006e+06	
      6118.304	     4.06868e+06	
      6123.303	     4.06729e+06	
      6128.301	     4.06588e+06	
      6133.300	     4.06447e+06	
      6138.298	     4.06305e+06	
      6143.297	     4.06164e+06	
      6148.296	     4.06019e+06	
      6153.294	     4.05872e+06	
      6158.293	     4.05724e+06	
      6163.292	     4.05576e+06	
      6168.290	     4.05429e+06	
      6173.289	     4.05278e+06	
      6178.288	     4.05127e+06	
      6183.286	     4.04973e+06	
      6188.285	     4.04819e+06	
      6193.284	     4.04665e+06	
      6198.282	     4.04511e+06	
      6203.281	     4.04354e+06	
      6208.280	     4.04197e+06	
      6213.278	     4.04037e+06	
      6218.277	     4.03877e+06	
      6223.276	     4.03717e+06	
      6228.274	     4.03556e+06	
      6233.273	     4.03393e+06	
      6238.272	     4.03227e+06	
      6243.270	     4.03063e+06	
      6244.381	     4.03025e+06	
      6248.269	     4.02897e+06	
      6252.157	     4.02765e+06	
      6253.821	     4.02711e+06	
      6256.044	     4.02636e+06	
      6258.266	     4.02561e+06	
      6262.157	     4.02429e+06	
      6262.711	     4.02410e+06	
      6263.265	     4.02391e+06	
      6264.372	     4.02353e+06	
      6264.912	     4.02334e+06	
      6266.588	     4.02278e+06	
      6268.263	     4.02218e+06	
      6269.967	     4.02162e+06	
      6271.615	     4.02105e+06	
      6273.262	     4.02045e+06	
      6274.854	     4.01992e+06	
      6276.557	     4.01932e+06	
      6278.261	     4.01873e+06	
      6280.076	     4.01810e+06	
      6281.668	     4.01753e+06	
      6283.259	     4.01700e+06	
      6284.627	     4.01649e+06	
      6286.443	     4.01587e+06	
      6288.258	     4.01524e+06	
      6290.521	     4.01442e+06	
      6291.889	     4.01395e+06	
      6293.257	     4.01345e+06	
      6293.729	     4.01329e+06	
      6295.992	     4.01247e+06	
      6298.255	     4.01166e+06	
      6302.310	     4.01021e+06	
      6302.782	     4.01002e+06	
      6303.254	     4.00987e+06	
      6303.918	     4.00961e+06	
      6304.198	     4.00952e+06	
      6306.085	     4.00883e+06	
      6308.253	     4.00804e+06	
      6311.924	     4.00669e+06	
      6312.587	     4.00647e+06	
      6313.251	     4.00622e+06	
      6314.579	     4.00572e+06	
      6316.219	     4.00512e+06	
      6317.234	     4.00475e+06	
      6317.314	     4.00471e+06	
      6318.250	     4.00437e+06	
      6320.281	     4.00361e+06	
      6323.249	     4.00251e+06	
      6328.247	     4.00063e+06	
      6333.246	     3.99874e+06	
      6338.245	     3.99683e+06	
      6343.243	     3.99491e+06	
      6348.242	     3.99296e+06	
      6353.241	     3.99099e+06	
      6358.239	     3.98901e+06	
      6363.238	     3.98700e+06	
      6368.236	     3.98495e+06	
      6373.235	     3.98291e+06	
      6378.234	     3.98084e+06	
      6383.232	     3.97873e+06	
      6388.231	     3.97660e+06	
      6393.230	     3.97443e+06	
      6398.228	     3.97220e+06	
      6403.227	     3.96997e+06	
      6408.226	     3.96771e+06	
      6413.224	     3.96538e+06	
      6418.223	     3.96302e+06	
      6423.222	     3.96061e+06	
      6428.220	     3.95812e+06	
      6433.219	     3.95558e+06	
      6438.218	     3.95300e+06	
      6443.216	     3.95033e+06	
      6448.215	     3.94757e+06	
      6453.214	     3.94474e+06	
      6458.212	     3.94179e+06	
      6463.211	     3.93874e+06	
      6468.210	     3.93557e+06	
      6473.208	     3.93224e+06	
      6478.207	     3.92875e+06	
      6483.205	     3.92511e+06	
      6488.204	     3.92124e+06	
      6493.203	     3.91719e+06	
      6498.201	     3.91285e+06	
      6503.200	     3.90824e+06	
      6508.199	     3.90333e+06	
      6513.197	     3.89806e+06	
      6518.196	     3.89240e+06	
      6523.195	     3.88634e+06	
      6523.719	     3.88565e+06	
      6528.193	     3.87980e+06	
      6532.668	     3.87362e+06	
      6536.095	     3.86862e+06	
      6537.143	     3.86708e+06	
      6537.383	     3.86670e+06	
      6538.191	     3.86551e+06	
      6540.286	     3.86231e+06	
      6543.189	     3.85778e+06	
      6546.457	     3.85263e+06	
      6546.724	     3.85219e+06	
      6548.188	     3.84986e+06	
      6549.918	     3.84710e+06	
      6553.113	     3.84201e+06	
      6554.426	     3.83991e+06	
      6556.306	     3.83689e+06	
      6556.871	     3.83595e+06	
      6557.903	     3.83422e+06	
      6558.185	     3.83375e+06	
      6559.500	     3.83133e+06	
      6560.298	     3.82966e+06	
      6561.096	     3.82769e+06	
      6561.496	     3.82640e+06	
      6561.895	     3.82470e+06	
      6562.094	     3.82351e+06	
      6562.294	     3.82184e+06	
      6562.394	     3.82062e+06	
      6562.494	     3.81886e+06	
      6562.594	     3.81622e+06	
      6562.693	     3.81352e+06	
      6562.793	     3.81207e+06	
      6562.892	     3.81342e+06	
      6562.992	     3.81606e+06	
      6563.092	     3.81864e+06	
      6563.291	     3.82143e+06	
      6563.641	     3.82379e+06	
      6563.687	     3.82398e+06	
      6563.689	     3.82398e+06	
      6563.691	     3.82401e+06	
      6563.741	     3.82423e+06	
      6563.841	     3.82461e+06	
      6564.041	     3.82527e+06	
      6564.294	     3.82593e+06	
      6564.392	     3.82618e+06	
      6564.441	     3.82627e+06	
      6564.490	     3.82637e+06	
      6564.685	     3.82677e+06	
      6565.077	     3.82747e+06	
      6565.636	     3.82825e+06	
      6565.861	     3.82853e+06	
      6566.086	     3.82882e+06	
      6566.536	     3.82932e+06	
      6566.689	     3.82951e+06	
      6567.085	     3.82992e+06	
      6567.436	     3.83026e+06	
      6568.183	     3.83095e+06	
      6569.280	     3.83189e+06	
      6570.478	     3.83293e+06	
      6571.476	     3.83375e+06	
      6572.473	     3.83457e+06	
      6573.270	     3.83522e+06	
      6574.469	     3.83620e+06	
      6575.667	     3.83720e+06	
      6577.950	     3.83906e+06	
      6578.065	     3.83915e+06	
      6578.180	     3.83925e+06	
      6578.410	     3.83943e+06	
      6578.870	     3.83981e+06	
      6579.789	     3.84053e+06	
      6580.079	     3.84079e+06	
      6581.629	     3.84201e+06	
      6583.178	     3.84320e+06	
      6584.378	     3.84415e+06	
      6586.278	     3.84556e+06	
      6587.911	     3.84672e+06	
      6588.177	     3.84691e+06	
      6588.443	     3.84710e+06	
      6588.975	     3.84748e+06	
      6590.039	     3.84820e+06	
      6591.023	     3.84886e+06	
      6592.166	     3.84961e+06	
      6593.014	     3.85015e+06	
      6593.309	     3.85030e+06	
      6595.594	     3.85169e+06	
      6598.174	     3.85310e+06	
      6603.335	     3.85558e+06	
      6613.656	     3.85916e+06	
      6634.299	     3.86165e+06	
      6639.690	     3.86152e+06	
      6675.584	     3.85561e+06	
      6711.477	     3.84462e+06	
      6741.748	     3.83353e+06	
      6783.263	     3.81675e+06	
      6824.779	     3.79888e+06	
      6907.811	     3.76146e+06	
      6990.842	     3.72225e+06	
      7038.601	     3.69913e+06	
      7073.874	     3.68179e+06	
      7109.146	     3.66426e+06	
      7179.691	     3.62910e+06	
      7250.236	     3.59335e+06	
      7320.781	     3.55707e+06	
      7389.137	     3.52169e+06	
      7391.326	     3.52056e+06	
      7393.514	     3.51940e+06	
      7397.891	     3.51714e+06	
      7406.645	     3.51258e+06	
      7424.152	     3.50347e+06	
      7459.167	     3.48519e+06	
      7529.196	     3.44834e+06	
      7599.225	     3.41120e+06	
      7660.626	     3.37847e+06	
      7669.254	     3.37385e+06	
      7677.881	     3.36923e+06	
      7695.137	     3.36009e+06	
      7729.647	     3.34177e+06	
      7798.668	     3.30502e+06	
      7867.690	     3.26814e+06	
      7911.174	     3.24486e+06	
      7936.711	     3.23119e+06	
      7962.248	     3.21749e+06	
      8013.322	     3.19029e+06	
      8046.242	     3.17276e+06	
      8064.396	     3.16308e+06	
      8082.550	     3.15341e+06	
      8118.857	     3.13416e+06	
      8180.092	     3.10169e+06	
      8191.471	     3.09566e+06	
      8200.850	     3.09069e+06	
      8202.850	     3.08963e+06	
      8204.849	     3.08857e+06	
      8208.848	     3.08647e+06	
      8216.846	     3.08225e+06	
      8232.842	     3.07382e+06	
      8264.833	     3.05698e+06	
      8289.715	     3.04388e+06	
      8328.816	     3.02333e+06	
      8343.441	     3.01565e+06	
      8367.916	     3.00280e+06	
      8371.465	     3.00095e+06	
      8388.684	     2.99197e+06	
      8392.391	     2.99004e+06	
      8408.650	     2.98157e+06	
      8413.318	     2.97914e+06	
      8432.024	     2.96941e+06	
      8437.951	     2.96633e+06	
      8467.252	     2.95116e+06	
      8473.978	     2.94767e+06	
      8502.481	     2.93288e+06	
      8516.584	     2.92557e+06	
      8530.983	     2.91812e+06	
      8545.382	     2.91073e+06	
      8549.972	     2.90837e+06	
      8574.180	     2.89596e+06	
      8598.388	     2.88357e+06	
      8628.597	     2.86814e+06	
      8646.805	     2.85885e+06	
      8652.391	     2.85600e+06	
      8665.013	     2.84957e+06	
      8685.587	     2.83910e+06	
      8701.429	     2.83105e+06	
      8750.468	     2.80619e+06	
      8767.917	     2.79737e+06	
      8815.350	     2.77345e+06	
      8862.782	     2.74985e+06	
      8900.383	     2.73122e+06	
      8957.646	     2.70296e+06	
      9014.908	     2.67485e+06	
      9044.624	     2.66033e+06	
      9072.171	     2.64690e+06	
      9099.717	     2.63352e+06	
      9154.810	     2.60713e+06	
      9190.798	     2.58997e+06	
      9209.903	     2.58088e+06	
      9229.009	     2.57182e+06	
      9267.221	     2.55375e+06	
      9303.204	     2.53681e+06	
      9343.644	     2.51785e+06	
      9384.084	     2.49899e+06	
      9464.964	     2.46190e+06	
      9545.723	     2.42524e+06	
      9545.844	     2.42518e+06	
      9545.965	     2.42513e+06	
      9546.207	     2.42502e+06	
      9546.691	     2.42480e+06	
      9546.866	     2.42472e+06	
      9547.658	     2.42436e+06	
      9549.594	     2.42349e+06	
      9553.465	     2.42174e+06	
      9561.207	     2.41825e+06	
      9576.691	     2.41128e+06	
      9607.658	     2.39737e+06	
      9668.451	     2.37025e+06	
      9729.243	     2.34361e+06	
      9790.036	     2.31718e+06	
      9850.828	     2.29098e+06	
      9870.422	     2.28258e+06	
      9911.620	     2.26500e+06	
      9952.819	     2.24752e+06	
     10021.070	     2.21908e+06	
     10035.217	     2.21322e+06	
     10049.364	     2.20736e+06	
     10077.658	     2.19571e+06	
     10134.247	     2.17253e+06	
     10144.484	     2.16836e+06	
     10190.835	     2.14956e+06	
     10237.187	     2.13089e+06	
     10329.890	     2.09483e+06	
     10422.592	     2.05926e+06	
     10515.295	     2.02419e+06	
     10607.998	     1.98962e+06	
     10700.701	     1.95556e+06	
     10793.403	     1.92200e+06	
     10834.127	     1.90742e+06	
     10886.106	     1.88896e+06	
     10938.085	     1.87065e+06	
     10990.064	     1.85252e+06	
     11042.043	     1.83454e+06	
     11094.022	     1.81672e+06	
     11146.000	     1.79906e+06	
     11197.979	     1.78157e+06	
     11239.008	     1.76787e+06	
     11249.958	     1.76423e+06	
     11260.908	     1.76060e+06	
     11282.808	     1.75365e+06	
     11326.608	     1.73983e+06	
     11414.209	     1.71248e+06	
     11501.809	     1.68552e+06	
     11589.411	     1.65896e+06	
     11677.011	     1.63278e+06	
     11764.612	     1.60699e+06	
     11852.212	     1.58159e+06	
     11939.813	     1.55657e+06	
     12027.413	     1.53194e+06	
     12115.014	     1.50769e+06	
     12120.600	     1.50616e+06	
     12202.614	     1.48382e+06	
     12284.629	     1.46182e+06	
     12366.644	     1.44121e+06	
     12448.658	     1.42086e+06	
     12530.673	     1.40080e+06	
     12612.688	     1.38099e+06	
     12694.701	     1.36145e+06	
     12735.367	     1.35186e+06	
     12776.716	     1.34217e+06	
     12818.066	     1.33254e+06	
     12900.764	     1.31357e+06	
     12983.464	     1.29486e+06	
     13066.162	     1.27641e+06	
     13148.861	     1.25821e+06	
     13154.771	     1.25692e+06	
     13231.560	     1.24028e+06	
     13308.350	     1.22386e+06	
     13385.140	     1.20870e+06	
     13461.929	     1.19371e+06	
     13538.719	     1.17890e+06	
     13615.509	     1.16426e+06	
     13692.299	     1.14979e+06	
     13769.088	     1.13550e+06	
     13845.878	     1.12138e+06	
     13922.668	     1.10742e+06	
     13999.458	     1.09364e+06	
     14076.247	     1.08004e+06	
     14153.038	     1.06659e+06	
     14229.828	     1.05332e+06	
     14281.164	     1.04454e+06	
     14306.618	     1.04021e+06	
     14332.071	     1.03590e+06	
     14382.978	     1.02770e+06	
     14410.128	     1.02335e+06	
     14427.096	     1.02064e+06	
     14433.884	     1.01956e+06	
     14457.640	     1.01578e+06	
     14505.152	     1.00834e+06	
     14581.211	     9.96548e+05	
     14583.210	     9.96240e+05	
     14585.210	     9.95932e+05	
     14589.208	     9.95341e+05	
     14597.206	     9.94163e+05	
     14613.202	     9.91813e+05	
     14645.193	     9.87120e+05	
     14709.176	     9.77792e+05	
     14773.158	     9.68537e+05	
     14837.141	     9.59354e+05	
     14901.123	     9.50247e+05	
     14965.106	     9.41215e+05	
     15029.088	     9.32258e+05	
     15093.071	     9.23374e+05	
     15157.054	     9.14565e+05	
     15221.036	     9.05828e+05	
     15285.019	     8.97173e+05	
     15349.001	     8.88590e+05	
     15412.984	     8.80083e+05	
     15471.572	     8.72357e+05	
     15476.966	     8.71651e+05	
     15482.361	     8.70941e+05	
     15493.150	     8.69511e+05	
     15514.728	     8.66655e+05	
     15557.884	     8.60969e+05	
     15644.197	     8.49700e+05	
     15730.509	     8.38570e+05	
     15816.821	     8.27574e+05	
     15903.134	     8.16707e+05	
     15989.446	     8.05979e+05	
     16075.759	     7.95388e+05	
     16162.071	     7.84933e+05	
     16248.384	     7.74610e+05	
     16289.880	     7.69693e+05	
     16334.696	     7.64419e+05	
     16379.512	     7.59182e+05	
     16469.143	     7.46565e+05	
     16558.775	     7.34203e+05	
     16648.406	     7.22086e+05	
     16738.038	     7.10210e+05	
     16827.669	     6.98571e+05	
     16917.301	     6.87164e+05	
     17006.933	     6.75976e+05	
     17096.564	     6.65012e+05	
     17186.196	     6.54265e+05	
     17275.827	     6.43725e+05	
     17327.685	     6.37721e+05	
     17365.459	     6.33389e+05	
     17403.232	     6.29095e+05	
     17478.780	     6.20603e+05	
     17554.327	     6.12249e+05	
     17629.874	     6.04031e+05	
     17705.422	     5.95944e+05	
     17780.969	     5.87993e+05	
     17856.517	     5.80167e+05	
     17932.064	     5.72470e+05	
     18007.611	     5.64708e+05	
     18083.159	     5.57227e+05	
     18158.706	     5.49860e+05	
     18234.253	     5.42603e+05	
     18309.801	     5.35450e+05	
     18343.743	     5.32267e+05	
     18385.348	     5.28394e+05	
     18426.953	     5.24549e+05	
     18510.162	     5.16940e+05	
     18593.371	     5.09441e+05	
     18602.053	     5.08665e+05	
     18676.581	     5.02070e+05	
     18751.108	     4.95611e+05	
     18825.636	     4.89441e+05	
     18900.163	     4.83397e+05	
     18974.691	     4.77437e+05	
     19049.219	     4.71550e+05	
     19123.746	     4.65729e+05	
     19198.274	     4.59979e+05	
     19272.802	     4.54303e+05	
     19347.329	     4.48701e+05	
     19393.041	     4.45302e+05	
     19421.857	     4.43175e+05	
     19450.673	     4.41061e+05	
     19508.305	     4.36867e+05	
     19565.938	     4.32820e+05	
     19623.570	     4.28705e+05	
     19681.202	     4.24640e+05	
     19738.834	     4.20618e+05	
     19796.467	     4.16647e+05	
     19854.099	     4.12720e+05	
     19911.731	     4.08837e+05	
     19969.363	     4.05002e+05	
     20026.996	     4.01207e+05	
     20084.628	     3.97455e+05	
     20142.260	     3.93748e+05	
     20199.892	     3.90085e+05	
     20257.525	     3.86463e+05	
     20315.157	     3.82878e+05	
     20372.789	     3.79338e+05	
     20386.449	     3.78505e+05	
     20430.421	     3.75838e+05	
     20474.393	     3.73193e+05	
     20562.337	     3.67972e+05	
     20650.280	     3.62841e+05	
     20738.224	     3.57799e+05	
     20826.167	     3.52842e+05	
     20914.111	     3.47969e+05	
     21002.055	     3.43178e+05	
     21089.998	     3.38466e+05	
     21177.942	     3.33835e+05	
     21265.885	     3.29283e+05	
     21353.829	     3.24803e+05	
     21441.773	     3.20402e+05	
     21529.716	     3.16072e+05	
     21604.704	     3.12435e+05	
     21617.660	     3.11812e+05	
     21630.617	     3.11191e+05	
     21656.529	     3.09953e+05	
     21708.356	     3.07496e+05	
     21760.182	     3.05062e+05	
     21812.008	     3.02652e+05	
     21863.835	     3.00265e+05	
     21915.661	     2.97901e+05	
     21967.487	     2.95560e+05	
     22019.313	     2.93242e+05	
     22071.139	     2.90946e+05	
     22122.966	     2.88672e+05	
     22174.792	     2.86420e+05	
     22226.619	     2.84189e+05	
     22278.445	     2.81980e+05	
     22330.271	     2.79791e+05	
     22382.097	     2.77624e+05	
     22433.923	     2.75477e+05	
     22485.750	     2.73351e+05	
     22537.576	     2.71244e+05	
     22589.403	     2.69158e+05	
     22641.228	     2.67092e+05	
     22693.054	     2.65045e+05	
     22702.925	     2.64657e+05	
     22744.881	     2.63017e+05	
     22784.838	     2.61466e+05	
     22786.838	     2.61389e+05	
     22788.837	     2.61312e+05	
     22792.836	     2.61157e+05	
     22800.834	     2.60849e+05	
     22816.829	     2.60234e+05	
     22848.821	     2.59008e+05	
     22912.803	     2.56578e+05	
     22976.786	     2.54177e+05	
     23040.768	     2.51802e+05	
     23104.751	     2.49455e+05	
     23168.733	     2.47135e+05	
     23232.716	     2.44842e+05	
     23296.698	     2.42574e+05	
     23360.681	     2.40333e+05	
     23424.663	     2.38116e+05	
     23488.646	     2.35925e+05	
     23552.628	     2.33759e+05	
     23616.611	     2.31618e+05	
     23680.593	     2.29500e+05	
     23744.576	     2.27406e+05	
     23808.558	     2.25336e+05	
     23872.541	     2.23289e+05	
     23936.523	     2.21264e+05	
     24000.506	     2.19263e+05	
     24064.488	     2.17283e+05	
     24128.471	     2.15326e+05	
     24192.453	     2.13390e+05	
     24256.436	     2.11476e+05	
     24320.419	     2.09583e+05	
     24384.401	     2.07710e+05	
     24448.384	     2.05859e+05	
     24512.366	     2.04027e+05	
     24576.349	     2.02216e+05	
     24640.331	     2.00424e+05	
     24704.314	     1.98652e+05	
     24768.296	     1.96899e+05	
     24832.279	     1.95165e+05	
     24896.261	     1.93450e+05	
     24960.244	     1.91754e+05	
     25004.437	     1.90593e+05	
     25024.226	     1.90076e+05	
     25044.016	     1.89561e+05	
     25083.595	     1.88536e+05	
     25162.753	     1.86506e+05	
     25241.912	     1.84503e+05	
     25321.070	     1.82527e+05	
     25400.228	     1.80577e+05	
     25479.387	     1.78652e+05	
     25558.545	     1.76753e+05	
     25637.703	     1.74878e+05	
     25716.862	     1.73029e+05	
     25796.020	     1.71203e+05	
     25875.179	     1.69401e+05	
     25954.337	     1.67622e+05	
     26033.495	     1.65866e+05	
     26112.654	     1.64133e+05	
     26191.812	     1.62423e+05	
     26270.970	     1.60734e+05	
     26350.129	     1.59067e+05	
     26429.287	     1.57421e+05	
     26508.445	     1.55796e+05	
     26587.604	     1.54193e+05	
     26666.762	     1.52609e+05	
     26745.921	     1.51045e+05	
     26825.079	     1.49501e+05	
     26904.237	     1.47977e+05	
     26983.396	     1.46471e+05	
     27062.554	     1.44985e+05	
     27141.712	     1.43517e+05	
     27142.547	     1.43502e+05	
     27220.871	     1.42068e+05	
     27299.194	     1.40652e+05	
     27377.518	     1.39253e+05	
     27455.842	     1.37872e+05	
     27534.165	     1.36508e+05	
     27612.489	     1.35160e+05	
     27690.812	     1.33829e+05	
     27769.136	     1.32514e+05	
     27847.459	     1.31215e+05	
     27925.783	     1.29932e+05	
     28004.107	     1.28664e+05	
     28082.430	     1.27411e+05	
     28160.754	     1.26174e+05	
     28239.077	     1.24951e+05	
     28317.401	     1.23743e+05	
     28395.725	     1.22549e+05	
     28474.048	     1.21370e+05	
     28552.372	     1.20205e+05	
     28630.695	     1.19053e+05	
     28709.019	     1.17915e+05	
     28787.343	     1.16790e+05	
     28865.666	     1.15679e+05	
     28943.990	     1.14581e+05	
     29022.313	     1.13496e+05	
     29100.637	     1.12423e+05	
     29178.961	     1.11363e+05	
     29257.284	     1.10315e+05	
     29335.608	     1.09279e+05	
     29413.931	     1.08256e+05	
     29492.255	     1.07244e+05	
     29570.578	     1.06244e+05	
     29648.902	     1.05256e+05	
     29727.226	     1.04279e+05	
     29805.549	     1.03313e+05	
     29883.873	     1.02358e+05	
     29932.600	     1.01769e+05	
     29962.196	     1.01414e+05	
     29991.792	     1.01060e+05	
#time:0.041202
