# Koester WD models
# teff = 5500 K (value for the effective temperature for the model. Temperatures are given in K)
# logg = 9.5 log(cm/s2) (value for Log(G) for the model.)
#
#   WAVELENGTH	#           FLUX	
#   (ANGSTROM)	#  (ERG/CM2/S/A)	
##############	################	
       899.230	     2.96985e-03	
       901.358	     3.18960e-03	
       902.738	     3.33995e-03	
       903.486	     3.42434e-03	
       904.235	     3.51073e-03	
       905.733	     3.68955e-03	
       907.232	     3.87682e-03	
       908.219	     4.00493e-03	
       908.450	     4.03556e-03	
       908.729	     4.07285e-03	
       909.241	     4.14184e-03	
       910.032	     4.25067e-03	
       911.193	     4.41532e-03	
       911.613	     4.47636e-03	
       912.034	     4.53822e-03	
       912.465	     4.60250e-03	
       912.875	     4.66426e-03	
       913.037	     4.68895e-03	
       913.241	     4.72021e-03	
       913.284	     4.72681e-03	
       913.478	     4.75675e-03	
       913.531	     4.76495e-03	
       913.755	     4.79963e-03	
       913.822	     4.81012e-03	
       914.080	     4.85062e-03	
       914.165	     4.86403e-03	
       914.499	     4.91706e-03	
       914.575	     4.92922e-03	
       915.071	     5.00899e-03	
       915.540	     5.08567e-03	
       915.609	     5.09689e-03	
       915.643	     5.10251e-03	
       915.677	     5.10814e-03	
       915.741	     5.11872e-03	
       915.813	     5.13066e-03	
       916.085	     5.17599e-03	
       916.429	     5.23386e-03	
       916.858	     5.30672e-03	
       917.118	     5.35142e-03	
       917.196	     5.36490e-03	
       917.378	     5.39650e-03	
       917.899	     5.48767e-03	
       917.952	     5.49703e-03	
       918.287	     5.55663e-03	
       918.602	     5.61302e-03	
       919.251	     5.73127e-03	
       920.215	     5.91097e-03	
       921.882	     6.23405e-03	
       921.999	     6.25736e-03	
       922.143	     6.28614e-03	
       922.405	     6.33867e-03	
       922.810	     6.42091e-03	
       923.621	     6.58811e-03	
       925.001	     6.88276e-03	
       925.242	     6.93576e-03	
       925.484	     6.98885e-03	
       925.564	     7.00654e-03	
       925.966	     7.09560e-03	
       926.164	     7.13886e-03	
       926.369	     7.18353e-03	
       927.173	     7.36301e-03	
       927.276	     7.38623e-03	
       928.182	     7.59483e-03	
       928.917	     7.77271e-03	
       928.980	     7.78876e-03	
       929.089	     7.81707e-03	
       929.261	     7.86256e-03	
       929.317	     7.87739e-03	
       929.543	     7.93887e-03	
       929.655	     7.96818e-03	
       929.769	     7.99686e-03	
       929.827	     8.01141e-03	
       929.883	     8.02548e-03	
       929.910	     8.03227e-03	
       929.939	     8.03956e-03	
       929.954	     8.04333e-03	
       929.968	     8.04684e-03	
       929.982	     8.05036e-03	
       929.996	     8.05391e-03	
       930.010	     8.05743e-03	
       930.024	     8.06098e-03	
       930.038	     8.06450e-03	
       930.052	     8.06802e-03	
       930.081	     8.07537e-03	
       930.137	     8.08951e-03	
       930.201	     8.10575e-03	
       930.247	     8.11740e-03	
       930.249	     8.11791e-03	
       930.251	     8.11841e-03	
       930.301	     8.13107e-03	
       930.326	     8.13713e-03	
       930.329	     8.13789e-03	
       930.402	     8.15598e-03	
       930.478	     8.17402e-03	
       930.630	     8.20741e-03	
       930.931	     8.27068e-03	
       931.229	     8.33556e-03	
       931.490	     8.39339e-03	
       931.534	     8.40345e-03	
       931.838	     8.47426e-03	
       932.447	     8.61836e-03	
       933.265	     8.82191e-03	
       933.403	     8.85712e-03	
       933.432	     8.86416e-03	
       933.542	     8.89200e-03	
       933.652	     8.92005e-03	
       933.872	     8.97672e-03	
       933.973	     9.00299e-03	
       934.073	     9.02925e-03	
       934.312	     9.09299e-03	
       934.316	     9.09409e-03	
       934.652	     9.18649e-03	
       934.773	     9.22105e-03	
       935.230	     9.35846e-03	
       935.687	     9.51350e-03	
       936.144	     9.69640e-03	
       936.372	     9.79489e-03	
       936.601	     9.88304e-03	
       936.714	     9.91999e-03	
       936.829	     9.95539e-03	
       936.887	     9.97321e-03	
       936.944	     9.99074e-03	
       936.973	     9.99966e-03	
       937.001	     1.00083e-02	
       937.015	     1.00126e-02	
       937.029	     1.00169e-02	
       937.043	     1.00212e-02	
       937.058	     1.00259e-02	
       937.072	     1.00302e-02	
       937.086	     1.00345e-02	
       937.101	     1.00391e-02	
       937.115	     1.00435e-02	
       937.143	     1.00522e-02	
       937.200	     1.00698e-02	
       937.314	     1.01052e-02	
       937.493	     1.01596e-02	
       937.542	     1.01734e-02	
       937.593	     1.01863e-02	
       937.694	     1.02080e-02	
       937.788	     1.02241e-02	
       937.894	     1.02405e-02	
       938.000	     1.02542e-02	
       938.212	     1.02803e-02	
       938.359	     1.02994e-02	
       938.556	     1.03291e-02	
       938.636	     1.03417e-02	
       938.914	     1.03921e-02	
       939.231	     1.04562e-02	
       939.271	     1.04647e-02	
       939.986	     1.06278e-02	
       940.740	     1.08205e-02	
       941.452	     1.09794e-02	
       942.250	     1.11880e-02	
       942.383	     1.12255e-02	
       943.048	     1.14264e-02	
       943.115	     1.14427e-02	
       943.845	     1.16695e-02	
       944.577	     1.19385e-02	
       945.308	     1.22379e-02	
       946.038	     1.25742e-02	
       946.382	     1.27502e-02	
       946.770	     1.29680e-02	
       947.158	     1.32187e-02	
       947.547	     1.34997e-02	
       947.787	     1.36889e-02	
       947.935	     1.38073e-02	
       948.083	     1.39228e-02	
       948.213	     1.40165e-02	
       948.314	     1.40835e-02	
       948.379	     1.41224e-02	
       948.546	     1.42074e-02	
       948.661	     1.42583e-02	
       948.777	     1.43081e-02	
       948.835	     1.43330e-02	
       948.893	     1.43580e-02	
       948.922	     1.43704e-02	
       948.951	     1.43829e-02	
       948.966	     1.43894e-02	
       948.980	     1.43954e-02	
       948.994	     1.44015e-02	
       949.009	     1.44079e-02	
       949.023	     1.44140e-02	
       949.037	     1.44200e-02	
       949.052	     1.44265e-02	
       949.066	     1.44325e-02	
       949.095	     1.44451e-02	
       949.153	     1.44702e-02	
       949.230	     1.45036e-02	
       949.258	     1.45158e-02	
       949.269	     1.45205e-02	
       949.280	     1.45253e-02	
       949.330	     1.45471e-02	
       949.360	     1.45602e-02	
       949.430	     1.45904e-02	
       949.500	     1.46192e-02	
       949.640	     1.46689e-02	
       949.795	     1.47056e-02	
       949.879	     1.47196e-02	
       949.921	     1.47239e-02	
       949.963	     1.47283e-02	
       950.047	     1.47320e-02	
       950.131	     1.47375e-02	
       950.467	     1.47420e-02	
       950.888	     1.47709e-02	
       951.308	     1.48360e-02	
       951.728	     1.49396e-02	
       952.149	     1.50758e-02	
       952.400	     1.51659e-02	
       952.569	     1.52318e-02	
       952.738	     1.52999e-02	
       953.076	     1.54438e-02	
       953.753	     1.57618e-02	
       954.198	     1.59850e-02	
       954.430	     1.61019e-02	
       955.106	     1.64633e-02	
       956.014	     1.69680e-02	
       956.370	     1.71845e-02	
       956.922	     1.75266e-02	
       957.830	     1.81044e-02	
       958.148	     1.83101e-02	
       959.289	     1.90680e-02	
       960.430	     1.98616e-02	
       961.192	     2.04277e-02	
       961.571	     2.07056e-02	
       962.712	     2.15528e-02	
       964.231	     2.27004e-02	
       966.507	     2.44561e-02	
       966.767	     2.46622e-02	
       967.269	     2.50637e-02	
       968.032	     2.56798e-02	
       968.668	     2.62112e-02	
       968.979	     2.64714e-02	
       969.297	     2.67359e-02	
       969.453	     2.68703e-02	
       969.927	     2.72640e-02	
       970.164	     2.74660e-02	
       970.400	     2.76376e-02	
       970.637	     2.77635e-02	
       970.756	     2.77934e-02	
       970.874	     2.77925e-02	
       970.992	     2.77532e-02	
       971.110	     2.76377e-02	
       971.230	     2.74228e-02	
       971.348	     2.70886e-02	
       971.466	     2.67393e-02	
       971.535	     2.66773e-02	
       971.567	     2.67208e-02	
       971.584	     2.67820e-02	
       971.635	     2.70513e-02	
       971.644	     2.71185e-02	
       971.703	     2.76340e-02	
       971.732	     2.78508e-02	
       971.762	     2.79693e-02	
       971.778	     2.79911e-02	
       971.792	     2.80028e-02	
       971.806	     2.80140e-02	
       971.821	     2.80259e-02	
       971.827	     2.80307e-02	
       971.833	     2.80355e-02	
       971.836	     2.80379e-02	
       971.839	     2.80403e-02	
       971.851	     2.80499e-02	
       971.866	     2.80618e-02	
       971.880	     2.80730e-02	
       971.910	     2.80925e-02	
       971.969	     2.78876e-02	
       972.037	     2.74028e-02	
       972.087	     2.71844e-02	
       972.137	     2.71371e-02	
       972.150	     2.71553e-02	
       972.199	     2.72715e-02	
       972.237	     2.74202e-02	
       972.324	     2.78381e-02	
       972.348	     2.79622e-02	
       972.499	     2.86274e-02	
       972.649	     2.91120e-02	
       972.798	     2.94630e-02	
       972.948	     2.97443e-02	
       973.097	     2.99794e-02	
       973.396	     3.03781e-02	
       973.645	     3.06629e-02	
       973.696	     3.07174e-02	
       973.746	     3.07715e-02	
       973.846	     3.08783e-02	
       974.046	     3.10865e-02	
       974.446	     3.14860e-02	
       974.853	     3.18853e-02	
       975.247	     3.22739e-02	
       975.640	     3.26609e-02	
       976.427	     3.34350e-02	
       976.695	     3.37008e-02	
       978.000	     3.50124e-02	
       979.305	     3.63438e-02	
       979.906	     3.69687e-02	
       981.915	     3.91094e-02	
       983.923	     4.13308e-02	
       985.245	     4.27703e-02	
       985.932	     4.35450e-02	
       986.618	     4.43382e-02	
       986.670	     4.43923e-02	
       987.991	     4.59040e-02	
       989.312	     4.75656e-02	
       990.633	     4.93029e-02	
       992.671	     5.20917e-02	
       993.275	     5.29437e-02	
       993.880	     5.38083e-02	
       995.088	     5.55704e-02	
       996.565	     5.77953e-02	
       997.506	     5.92548e-02	
       997.574	     5.93616e-02	
       997.806	     5.97280e-02	
       998.447	     6.07477e-02	
       999.319	     6.21586e-02	
       999.435	     6.23440e-02	
      1001.064	     6.50124e-02	
      1002.694	     6.78097e-02	
      1004.323	     7.07392e-02	
      1005.836	     7.35349e-02	
      1005.952	     7.37574e-02	
      1007.581	     7.69612e-02	
      1009.326	     8.05479e-02	
      1011.071	     8.42993e-02	
      1011.303	     8.48104e-02	
      1012.816	     8.82128e-02	
      1014.329	     9.17417e-02	
      1015.378	     9.42651e-02	
      1015.842	     9.54042e-02	
      1017.355	     9.92036e-02	
      1017.620	     9.98873e-02	
      1019.046	     1.03624e-01	
      1019.332	     1.04389e-01	
      1021.044	     1.09083e-01	
      1022.044	     1.11890e-01	
      1022.543	     1.13280e-01	
      1023.043	     1.14730e-01	
      1023.292	     1.15405e-01	
      1023.542	     1.15920e-01	
      1023.791	     1.16224e-01	
      1023.991	     1.16127e-01	
      1024.041	     1.16038e-01	
      1024.091	     1.15917e-01	
      1024.191	     1.15569e-01	
      1024.242	     1.15304e-01	
      1024.391	     1.14259e-01	
      1024.540	     1.12660e-01	
      1024.588	     1.12165e-01	
      1024.690	     1.11446e-01	
      1024.791	     1.12035e-01	
      1024.852	     1.13411e-01	
      1024.869	     1.13909e-01	
      1024.892	     1.14646e-01	
      1024.915	     1.15346e-01	
      1024.947	     1.16164e-01	
      1024.978	     1.16586e-01	
      1024.993	     1.16667e-01	
      1025.009	     1.16719e-01	
      1025.025	     1.16766e-01	
      1025.040	     1.16811e-01	
      1025.056	     1.16858e-01	
      1025.072	     1.16905e-01	
      1025.087	     1.16950e-01	
      1025.103	     1.16997e-01	
      1025.134	     1.17087e-01	
      1025.196	     1.16691e-01	
      1025.271	     1.14866e-01	
      1025.320	     1.13861e-01	
      1025.371	     1.13399e-01	
      1025.471	     1.13876e-01	
      1025.521	     1.14560e-01	
      1025.571	     1.15365e-01	
      1025.621	     1.16253e-01	
      1025.721	     1.17984e-01	
      1025.772	     1.18726e-01	
      1025.921	     1.20603e-01	
      1026.070	     1.22032e-01	
      1026.219	     1.23168e-01	
      1026.369	     1.24090e-01	
      1026.518	     1.24859e-01	
      1026.667	     1.25499e-01	
      1026.861	     1.26284e-01	
      1026.965	     1.26661e-01	
      1027.069	     1.27014e-01	
      1027.277	     1.27679e-01	
      1027.693	     1.29020e-01	
      1027.985	     1.29990e-01	
      1028.526	     1.31804e-01	
      1028.796	     1.32701e-01	
      1029.067	     1.33601e-01	
      1029.338	     1.34504e-01	
      1029.881	     1.36328e-01	
      1030.965	     1.40052e-01	
      1033.082	     1.47622e-01	
      1033.135	     1.47813e-01	
      1033.187	     1.48004e-01	
      1033.230	     1.48162e-01	
      1033.291	     1.48387e-01	
      1033.499	     1.49156e-01	
      1033.915	     1.50704e-01	
      1034.747	     1.53846e-01	
      1036.265	     1.59731e-01	
      1037.783	     1.65823e-01	
      1039.172	     1.71584e-01	
      1039.258	     1.71947e-01	
      1039.301	     1.72128e-01	
      1039.344	     1.72310e-01	
      1039.504	     1.72991e-01	
      1039.516	     1.73042e-01	
      1039.860	     1.74513e-01	
      1040.549	     1.77489e-01	
      1041.925	     1.83582e-01	
      1044.347	     1.94766e-01	
      1046.768	     2.06572e-01	
      1049.029	     2.18186e-01	
      1049.189	     2.19031e-01	
      1049.349	     2.19878e-01	
      1049.670	     2.21578e-01	
      1050.310	     2.25014e-01	
      1051.591	     2.32034e-01	
      1053.952	     2.45504e-01	
      1054.152	     2.46678e-01	
      1054.352	     2.47857e-01	
      1054.752	     2.50230e-01	
      1054.952	     2.51424e-01	
      1055.553	     2.55039e-01	
      1057.153	     2.64912e-01	
      1059.355	     2.79060e-01	
      1061.556	     2.93913e-01	
      1063.156	     3.05157e-01	
      1063.757	     3.09474e-01	
      1064.357	     3.13845e-01	
      1065.558	     3.22758e-01	
      1066.558	     3.30360e-01	
      1067.959	     3.41281e-01	
      1069.359	     3.52528e-01	
      1069.960	     3.57438e-01	
      1072.161	     3.75986e-01	
      1074.362	     3.95404e-01	
      1076.563	     4.15721e-01	
      1078.163	     4.31086e-01	
      1078.687	     4.36226e-01	
      1078.764	     4.36980e-01	
      1078.980	     4.39122e-01	
      1079.364	     4.42949e-01	
      1080.565	     4.55119e-01	
      1080.712	     4.56624e-01	
      1082.442	     4.74761e-01	
      1084.173	     4.93547e-01	
      1085.905	     5.13006e-01	
      1087.637	     5.33160e-01	
      1089.318	     5.53429e-01	
      1089.367	     5.54029e-01	
      1089.418	     5.54654e-01	
      1089.518	     5.55883e-01	
      1089.718	     5.58349e-01	
      1090.119	     5.63306e-01	
      1090.669	     5.70193e-01	
      1090.919	     5.73347e-01	
      1092.520	     5.93915e-01	
      1094.370	     6.18529e-01	
      1096.221	     6.44067e-01	
      1096.771	     6.51840e-01	
      1098.072	     6.70560e-01	
      1099.372	     6.89771e-01	
      1099.573	     6.92775e-01	
      1101.974	     7.29745e-01	
      1104.374	     7.68493e-01	
      1106.775	     8.09101e-01	
      1108.976	     8.48026e-01	
      1109.176	     8.51645e-01	
      1109.376	     8.55273e-01	
      1109.777	     8.62571e-01	
      1109.977	     8.66241e-01	
      1110.577	     8.77334e-01	
      1112.177	     9.07546e-01	
      1114.378	     9.50624e-01	
      1116.579	     9.95546e-01	
      1118.180	     1.02942e+00	
      1118.684	     1.04030e+00	
      1118.780	     1.04238e+00	
      1119.380	     1.05550e+00	
      1120.076	     1.07090e+00	
      1121.469	     1.10231e+00	
      1123.778	     1.15623e+00	
      1124.254	     1.16767e+00	
      1124.730	     1.17921e+00	
      1125.682	     1.20259e+00	
      1125.790	     1.20526e+00	
      1127.075	     1.23750e+00	
      1127.587	     1.25057e+00	
      1127.845	     1.25721e+00	
      1129.384	     1.29742e+00	
      1129.769	     1.30766e+00	
      1131.692	     1.35995e+00	
      1133.616	     1.41413e+00	
      1135.540	     1.47028e+00	
      1137.463	     1.52846e+00	
      1139.387	     1.58873e+00	
      1141.310	     1.65110e+00	
      1142.080	     1.67660e+00	
      1143.234	     1.71550e+00	
      1144.004	     1.74188e+00	
      1144.388	     1.75518e+00	
      1146.697	     1.83674e+00	
      1149.390	     1.93582e+00	
      1149.774	     1.95027e+00	
      1152.083	     2.03892e+00	
      1154.391	     2.12997e+00	
      1158.625	     2.30111e+00	
      1159.001	     2.31639e+00	
      1159.009	     2.31672e+00	
      1159.393	     2.33238e+00	
      1160.161	     2.36376e+00	
      1161.697	     2.42594e+00	
      1164.394	     2.53454e+00	
      1169.395	     2.73046e+00	
      1171.896	     2.82599e+00	
      1173.146	     2.87578e+00	
      1174.397	     2.92898e+00	
      1175.647	     2.98730e+00	
      1176.897	     3.05215e+00	
      1177.860	     3.10683e+00	
      1178.148	     3.12367e+00	
      1179.398	     3.19999e+00	
      1180.936	     3.29892e+00	
      1182.475	     3.40175e+00	
      1182.858	     3.42814e+00	
      1184.013	     3.50775e+00	
      1185.168	     3.58751e+00	
      1185.558	     3.61456e+00	
      1187.479	     3.75034e+00	
      1189.400	     3.88948e+00	
      1192.085	     4.09174e+00	
      1193.243	     4.18262e+00	
      1194.034	     4.24574e+00	
      1194.402	     4.27533e+00	
      1196.718	     4.46511e+00	
      1196.902	     4.48035e+00	
      1199.403	     4.69203e+00	
      1201.903	     4.91675e+00	
      1204.404	     5.16126e+00	
      1206.904	     5.42575e+00	
      1208.485	     5.59835e+00	
      1209.405	     5.70048e+00	
      1210.325	     5.80252e+00	
      1211.639	     5.94590e+00	
      1212.165	     6.00201e+00	
      1212.691	     6.05771e+00	
      1213.613	     6.15586e+00	
      1213.744	     6.16993e+00	
      1213.807	     6.17672e+00	
      1213.875	     6.18404e+00	
      1214.137	     6.21231e+00	
      1214.171	     6.21599e+00	
      1214.467	     6.24809e+00	
      1214.615	     6.26421e+00	
      1214.763	     6.28036e+00	
      1214.837	     6.28846e+00	
      1214.911	     6.29654e+00	
      1214.948	     6.30059e+00	
      1214.985	     6.30464e+00	
      1215.004	     6.30675e+00	
      1215.022	     6.30870e+00	
      1215.040	     6.31067e+00	
      1215.059	     6.31278e+00	
      1215.077	     6.31473e+00	
      1215.095	     6.31671e+00	
      1215.114	     6.31881e+00	
      1215.132	     6.32079e+00	
      1215.169	     6.32484e+00	
      1215.243	     6.33298e+00	
      1215.391	     6.34928e+00	
      1215.637	     6.37649e+00	
      1215.687	     6.38202e+00	
      1215.737	     6.38755e+00	
      1215.795	     6.39399e+00	
      1215.837	     6.39867e+00	
      1216.037	     6.42091e+00	
      1216.064	     6.42393e+00	
      1216.279	     6.44793e+00	
      1216.763	     6.50225e+00	
      1217.462	     6.58145e+00	
      1218.315	     6.67852e+00	
      1218.861	     6.73966e+00	
      1218.985	     6.75301e+00	
      1219.407	     6.79806e+00	
      1219.829	     6.84079e+00	
      1220.104	     6.86806e+00	
      1220.673	     6.92203e+00	
      1222.361	     7.07414e+00	
      1224.619	     7.28664e+00	
      1226.876	     7.52374e+00	
      1228.858	     7.75430e+00	
      1229.134	     7.78751e+00	
      1229.409	     7.82090e+00	
      1229.740	     7.86202e+00	
      1229.959	     7.88914e+00	
      1230.178	     7.91637e+00	
      1230.616	     7.97182e+00	
      1231.492	     8.08508e+00	
      1231.694	     8.11166e+00	
      1233.244	     8.31931e+00	
      1234.794	     8.53345e+00	
      1236.380	     8.75826e+00	
      1237.895	     8.97908e+00	
      1239.410	     9.20518e+00	
      1240.470	     9.36625e+00	
      1242.441	     9.67450e+00	
      1244.411	     9.99218e+00	
      1247.291	     1.04767e+01	
      1248.352	     1.06601e+01	
      1248.652	     1.07125e+01	
      1249.412	     1.08466e+01	
      1251.532	     1.12286e+01	
      1251.912	     1.12983e+01	
      1254.413	     1.17665e+01	
      1256.913	     1.22516e+01	
      1259.413	     1.27552e+01	
      1261.914	     1.32783e+01	
      1264.414	     1.38294e+01	
      1266.914	     1.44111e+01	
      1269.415	     1.50252e+01	
      1271.915	     1.56712e+01	
      1274.415	     1.63501e+01	
      1276.915	     1.70513e+01	
      1279.416	     1.77787e+01	
      1281.916	     1.85271e+01	
      1284.416	     1.92947e+01	
      1286.917	     2.00927e+01	
      1289.417	     2.09118e+01	
      1291.917	     2.17457e+01	
      1294.417	     2.26079e+01	
      1296.918	     2.34991e+01	
      1299.418	     2.44194e+01	
      1301.918	     2.53802e+01	
      1304.418	     2.63800e+01	
      1309.419	     2.84645e+01	
      1314.419	     3.06546e+01	
      1316.919	     3.18027e+01	
      1319.420	     3.29905e+01	
      1321.920	     3.42198e+01	
      1324.420	     3.54937e+01	
      1326.920	     3.68201e+01	
      1329.420	     3.81905e+01	
      1334.421	     4.10286e+01	
      1339.421	     4.40222e+01	
      1341.921	     4.55804e+01	
      1344.421	     4.71892e+01	
      1346.921	     4.88709e+01	
      1349.421	     5.06079e+01	
      1354.422	     5.42606e+01	
      1359.422	     5.81405e+01	
      1364.422	     6.21771e+01	
      1365.191	     6.28155e+01	
      1369.422	     6.64321e+01	
      1373.653	     7.02388e+01	
      1376.346	     7.27769e+01	
      1377.884	     7.42635e+01	
      1379.422	     7.57894e+01	
      1380.574	     7.69499e+01	
      1382.499	     7.89231e+01	
      1384.423	     8.09434e+01	
      1387.119	     8.38466e+01	
      1388.271	     8.51142e+01	
      1389.031	     8.59599e+01	
      1389.423	     8.63988e+01	
      1391.727	     8.90202e+01	
      1394.423	     9.21561e+01	
      1399.423	     9.81540e+01	
      1404.423	     1.04473e+02	
      1409.423	     1.11159e+02	
      1414.423	     1.18282e+02	
      1419.423	     1.25863e+02	
      1424.423	     1.33823e+02	
      1429.423	     1.42187e+02	
      1434.423	     1.50871e+02	
      1439.423	     1.59971e+02	
      1444.422	     1.69496e+02	
      1449.422	     1.79654e+02	
      1454.422	     1.90475e+02	
      1459.422	     2.01880e+02	
      1464.422	     2.13964e+02	
      1465.960	     2.17828e+02	
      1469.422	     2.26685e+02	
      1472.884	     2.35728e+02	
      1473.268	     2.36727e+02	
      1474.422	     2.39750e+02	
      1476.345	     2.44860e+02	
      1479.421	     2.53168e+02	
      1484.421	     2.67183e+02	
      1489.421	     2.81805e+02	
      1494.421	     2.96904e+02	
      1499.420	     3.12875e+02	
      1504.420	     3.30027e+02	
      1509.420	     3.48258e+02	
      1514.420	     3.67488e+02	
      1519.419	     3.87767e+02	
      1524.419	     4.09312e+02	
      1529.419	     4.31947e+02	
      1534.418	     4.55242e+02	
      1539.418	     4.78911e+02	
      1544.418	     5.03176e+02	
      1549.417	     5.28092e+02	
      1554.417	     5.53275e+02	
      1559.417	     5.78754e+02	
      1564.416	     6.05052e+02	
      1566.724	     6.17722e+02	
      1569.416	     6.32943e+02	
      1570.186	     6.37379e+02	
      1572.107	     6.48572e+02	
      1574.415	     6.62424e+02	
      1574.800	     6.64758e+02	
      1579.415	     6.93472e+02	
      1584.414	     7.25903e+02	
      1589.414	     7.59662e+02	
      1594.413	     7.94873e+02	
      1599.413	     8.32286e+02	
      1604.413	     8.71478e+02	
      1609.412	     9.13660e+02	
      1614.412	     9.58751e+02	
      1619.411	     1.00712e+03	
      1624.410	     1.05934e+03	
      1629.410	     1.11552e+03	
      1634.409	     1.17514e+03	
      1639.409	     1.23726e+03	
      1644.408	     1.30000e+03	
      1649.408	     1.36160e+03	
      1654.407	     1.42187e+03	
      1659.407	     1.48210e+03	
      1664.406	     1.54129e+03	
      1665.560	     1.55498e+03	
      1669.405	     1.60164e+03	
      1670.174	     1.61118e+03	
      1673.251	     1.64929e+03	
      1674.405	     1.66375e+03	
      1676.328	     1.68828e+03	
      1679.404	     1.72813e+03	
      1684.404	     1.79572e+03	
      1689.403	     1.86564e+03	
      1694.402	     1.93793e+03	
      1699.402	     2.01400e+03	
      1704.401	     2.09416e+03	
      1709.400	     2.17781e+03	
      1714.400	     2.26557e+03	
      1719.399	     2.35694e+03	
      1724.398	     2.45222e+03	
      1729.398	     2.55121e+03	
      1734.397	     2.65362e+03	
      1739.396	     2.75925e+03	
      1744.396	     2.86831e+03	
      1749.395	     2.98019e+03	
      1754.394	     3.09540e+03	
      1759.393	     3.21451e+03	
      1764.393	     3.33741e+03	
      1767.084	     3.40520e+03	
      1767.854	     3.42481e+03	
      1769.392	     3.46427e+03	
      1771.700	     3.52411e+03	
      1774.391	     3.59524e+03	
      1775.545	     3.62612e+03	
      1779.391	     3.73058e+03	
      1784.390	     3.87047e+03	
      1789.389	     4.01514e+03	
      1794.388	     4.16415e+03	
      1799.387	     4.31787e+03	
      1809.386	     4.63730e+03	
      1819.384	     4.97657e+03	
      1823.999	     5.13958e+03	
      1829.383	     5.33530e+03	
      1834.767	     5.53712e+03	
      1845.535	     5.95838e+03	
      1856.303	     6.40696e+03	
      1863.998	     6.74377e+03	
      1867.072	     6.88204e+03	
      1870.145	     7.02262e+03	
      1876.292	     7.31300e+03	
      1882.439	     7.61271e+03	
      1888.586	     7.92256e+03	
      1894.733	     8.24275e+03	
      1900.880	     8.57325e+03	
      1906.980	     8.91210e+03	
      1907.027	     8.91474e+03	
      1913.174	     9.26738e+03	
      1919.368	     9.63313e+03	
      1925.561	     1.00082e+04	
      1931.755	     1.03960e+04	
      1937.949	     1.08031e+04	
      1944.143	     1.12149e+04	
      1944.472	     1.12371e+04	
      1956.531	     1.20881e+04	
      1968.590	     1.29756e+04	
      1980.648	     1.39130e+04	
      1992.707	     1.49017e+04	
      2004.766	     1.59449e+04	
      2015.838	     1.69521e+04	
      2016.825	     1.70442e+04	
      2017.811	     1.71368e+04	
      2019.785	     1.73234e+04	
      2023.732	     1.77033e+04	
      2031.627	     1.84804e+04	
      2039.521	     1.92790e+04	
      2047.416	     2.01030e+04	
      2055.310	     2.09547e+04	
      2059.377	     2.14046e+04	
      2063.205	     2.18349e+04	
      2067.032	     2.22718e+04	
      2074.686	     2.31690e+04	
      2089.995	     2.50473e+04	
      2094.355	     2.56027e+04	
      2105.304	     2.70383e+04	
      2116.253	     2.85350e+04	
      2127.202	     3.00961e+04	
      2132.725	     3.09108e+04	
      2138.151	     3.17295e+04	
      2149.099	     3.34234e+04	
      2165.474	     3.60831e+04	
      2181.848	     3.88986e+04	
      2198.223	     4.18737e+04	
      2214.501	     4.49967e+04	
      2214.598	     4.50159e+04	
      2214.695	     4.50350e+04	
      2214.741	     4.50442e+04	
      2214.888	     4.50734e+04	
      2215.276	     4.51497e+04	
      2216.052	     4.53024e+04	
      2217.604	     4.56096e+04	
      2220.707	     4.62185e+04	
      2226.914	     4.74509e+04	
      2227.034	     4.74748e+04	
      2239.327	     4.99868e+04	
      2251.621	     5.25692e+04	
      2263.914	     5.52276e+04	
      2276.207	     5.80318e+04	
      2288.501	     6.09196e+04	
      2300.794	     6.39013e+04	
      2312.946	     6.70177e+04	
      2313.040	     6.70425e+04	
      2313.087	     6.70548e+04	
      2313.134	     6.70670e+04	
      2313.322	     6.71154e+04	
      2313.697	     6.72128e+04	
      2314.449	     6.74073e+04	
      2315.951	     6.77978e+04	
      2318.955	     6.85835e+04	
      2324.964	     7.01744e+04	
      2336.980	     7.34969e+04	
      2348.996	     7.70133e+04	
      2359.673	     8.02454e+04	
      2361.014	     8.06591e+04	
      2362.354	     8.10892e+04	
      2365.036	     8.19607e+04	
      2370.399	     8.37272e+04	
      2381.125	     8.73592e+04	
      2391.852	     9.11285e+04	
      2395.881	     9.26484e+04	
      2402.577	     9.52380e+04	
      2409.274	     9.78945e+04	
      2415.970	     1.00624e+05	
      2422.667	     1.03428e+05	
      2429.363	     1.06451e+05	
      2436.060	     1.09583e+05	
      2442.710	     1.12793e+05	
      2449.452	     1.16151e+05	
      2451.595	     1.17241e+05	
      2456.194	     1.19618e+05	
      2460.793	     1.22219e+05	
      2469.991	     1.27588e+05	
      2479.189	     1.33249e+05	
      2488.387	     1.39252e+05	
      2497.585	     1.45804e+05	
      2503.552	     1.50272e+05	
      2506.782	     1.52735e+05	
      2510.013	     1.55184e+05	
      2513.243	     1.57640e+05	
      2516.473	     1.59954e+05	
      2519.703	     1.61770e+05	
      2522.934	     1.63590e+05	
      2526.164	     1.65858e+05	
      2529.394	     1.68494e+05	
      2535.855	     1.73910e+05	
      2538.319	     1.76039e+05	
      2542.315	     1.79594e+05	
      2548.776	     1.85464e+05	
      2554.004	     1.90363e+05	
      2559.232	     1.95422e+05	
      2564.460	     2.00892e+05	
      2569.689	     2.06535e+05	
      2574.917	     2.12354e+05	
      2585.373	     2.24541e+05	
      2595.830	     2.37735e+05	
      2606.286	     2.51623e+05	
      2616.743	     2.66405e+05	
      2627.199	     2.82015e+05	
      2637.656	     2.98385e+05	
      2638.556	     2.99831e+05	
      2648.112	     3.15611e+05	
      2657.670	     3.32271e+05	
      2667.228	     3.47960e+05	
      2676.784	     3.63991e+05	
      2695.899	     3.97097e+05	
      2715.013	     4.31400e+05	
      2734.128	     4.66655e+05	
      2750.376	     4.97405e+05	
      2753.242	     5.02897e+05	
      2756.108	     5.08407e+05	
      2761.841	     5.19880e+05	
      2773.306	     5.43119e+05	
      2796.237	     5.90880e+05	
      2819.167	     6.40301e+05	
      2829.648	     6.63382e+05	
      2842.097	     6.91235e+05	
      2854.546	     7.19550e+05	
      2866.995	     7.50464e+05	
      2879.444	     7.82034e+05	
      2904.342	     8.47328e+05	
      2905.497	     8.50423e+05	
      2929.240	     9.15253e+05	
      2952.983	     9.82329e+05	
      2976.726	     1.04845e+06	
      2997.004	     1.10657e+06	
      3000.469	     1.11665e+06	
      3024.212	     1.18716e+06	
      3037.816	     1.22854e+06	
      3044.618	     1.24951e+06	
      3051.421	     1.27065e+06	
      3058.223	     1.29474e+06	
      3065.025	     1.31914e+06	
      3071.827	     1.34387e+06	
      3078.629	     1.36885e+06	
      3089.025	     1.40749e+06	
      3092.233	     1.41952e+06	
      3119.442	     1.52369e+06	
      3134.649	     1.58349e+06	
      3149.857	     1.64449e+06	
      3165.065	     1.71354e+06	
      3180.272	     1.78436e+06	
      3210.689	     1.93083e+06	
      3233.915	     2.04722e+06	
      3241.104	     2.08391e+06	
      3248.294	     2.12091e+06	
      3255.484	     2.14855e+06	
      3262.673	     2.17631e+06	
      3264.893	     2.18490e+06	
      3277.053	     2.23217e+06	
      3305.811	     2.34527e+06	
      3346.730	     2.50910e+06	
      3387.649	     2.68040e+06	
      3411.967	     2.78357e+06	
      3413.130	     2.78853e+06	
      3428.567	     2.85453e+06	
      3445.167	     2.92591e+06	
      3478.366	     3.06926e+06	
      3495.922	     3.14555e+06	
      3543.602	     3.35428e+06	
      3591.283	     3.56524e+06	
      3635.884	     3.76407e+06	
      3638.963	     3.77780e+06	
      3642.042	     3.79184e+06	
      3643.122	     3.79677e+06	
      3645.121	     3.80585e+06	
      3645.281	     3.80657e+06	
      3647.121	     3.81496e+06	
      3648.960	     3.82332e+06	
      3651.320	     3.83403e+06	
      3652.639	     3.84003e+06	
      3653.959	     3.84603e+06	
      3654.239	     3.84729e+06	
      3656.598	     3.85800e+06	
      3658.958	     3.86871e+06	
      3663.397	     3.88882e+06	
      3663.676	     3.89008e+06	
      3663.956	     3.89133e+06	
      3664.516	     3.89388e+06	
      3665.636	     3.89894e+06	
      3666.796	     3.90418e+06	
      3667.875	     3.90908e+06	
      3668.275	     3.91087e+06	
      3668.955	     3.91395e+06	
      3671.115	     3.92372e+06	
      3673.954	     3.93654e+06	
      3675.202	     3.94216e+06	
      3678.952	     3.95910e+06	
      3682.583	     3.97543e+06	
      3682.703	     3.97597e+06	
      3682.822	     3.97650e+06	
      3683.062	     3.97760e+06	
      3683.178	     3.97810e+06	
      3683.542	     3.97977e+06	
      3684.502	     3.98407e+06	
      3684.819	     3.98549e+06	
      3685.826	     3.99004e+06	
      3686.832	     3.99457e+06	
      3688.742	     4.00314e+06	
      3688.846	     4.00361e+06	
      3688.939	     4.00402e+06	
      3688.950	     4.00409e+06	
      3689.158	     4.00500e+06	
      3689.377	     4.00600e+06	
      3689.730	     4.00757e+06	
      3689.815	     4.00795e+06	
      3689.900	     4.00833e+06	
      3690.070	     4.00911e+06	
      3690.410	     4.01062e+06	
      3690.624	     4.01159e+06	
      3691.089	     4.01367e+06	
      3691.469	     4.01540e+06	
      3691.554	     4.01577e+06	
      3691.700	     4.01643e+06	
      3692.484	     4.01995e+06	
      3693.499	     4.02451e+06	
      3694.397	     4.02853e+06	
      3695.297	     4.03255e+06	
      3695.808	     4.03484e+06	
      3696.197	     4.03660e+06	
      3696.525	     4.03808e+06	
      3696.586	     4.03833e+06	
      3696.647	     4.03861e+06	
      3696.666	     4.03871e+06	
      3696.759	     4.03911e+06	
      3696.769	     4.03915e+06	
      3696.872	     4.03962e+06	
      3696.929	     4.03987e+06	
      3696.985	     4.04012e+06	
      3697.041	     4.04037e+06	
      3697.097	     4.04062e+06	
      3697.153	     4.04087e+06	
      3697.209	     4.04112e+06	
      3697.265	     4.04138e+06	
      3697.322	     4.04163e+06	
      3697.347	     4.04175e+06	
      3697.405	     4.04200e+06	
      3697.434	     4.04213e+06	
      3697.463	     4.04226e+06	
      3697.499	     4.04241e+06	
      3697.529	     4.04257e+06	
      3697.579	     4.04279e+06	
      3697.659	     4.04314e+06	
      3697.819	     4.04386e+06	
      3698.109	     4.04515e+06	
      3698.429	     4.04659e+06	
      3698.688	     4.04775e+06	
      3698.886	     4.04863e+06	
      3698.947	     4.04892e+06	
      3699.008	     4.04920e+06	
      3699.130	     4.04973e+06	
      3699.374	     4.05083e+06	
      3699.533	     4.05152e+06	
      3699.862	     4.05300e+06	
      3699.879	     4.05309e+06	
      3700.191	     4.05448e+06	
      3700.198	     4.05451e+06	
      3700.503	     4.05589e+06	
      3700.808	     4.05724e+06	
      3700.842	     4.05740e+06	
      3701.092	     4.05850e+06	
      3701.418	     4.05997e+06	
      3701.994	     4.06255e+06	
      3702.444	     4.06456e+06	
      3702.895	     4.06657e+06	
      3703.121	     4.06758e+06	
      3703.346	     4.06858e+06	
      3703.458	     4.06909e+06	
      3703.571	     4.06959e+06	
      3703.628	     4.06987e+06	
      3703.684	     4.07012e+06	
      3703.740	     4.07037e+06	
      3703.797	     4.07062e+06	
      3703.853	     4.07088e+06	
      3703.909	     4.07113e+06	
      3703.966	     4.07138e+06	
      3704.022	     4.07163e+06	
      3704.085	     4.07191e+06	
      3704.134	     4.07213e+06	
      3704.185	     4.07235e+06	
      3704.210	     4.07245e+06	
      3704.222	     4.07251e+06	
      3704.285	     4.07279e+06	
      3704.314	     4.07292e+06	
      3704.360	     4.07314e+06	
      3704.406	     4.07333e+06	
      3704.491	     4.07370e+06	
      3704.567	     4.07405e+06	
      3704.590	     4.07414e+06	
      3704.689	     4.07461e+06	
      3704.811	     4.07515e+06	
      3705.055	     4.07625e+06	
      3705.373	     4.07766e+06	
      3705.543	     4.07842e+06	
      3705.713	     4.07917e+06	
      3706.052	     4.08068e+06	
      3706.073	     4.08077e+06	
      3706.732	     4.08372e+06	
      3707.267	     4.08611e+06	
      3707.391	     4.08668e+06	
      3707.515	     4.08721e+06	
      3707.614	     4.08765e+06	
      3707.763	     4.08834e+06	
      3707.912	     4.08900e+06	
      3708.118	     4.08991e+06	
      3708.210	     4.09032e+06	
      3708.302	     4.09073e+06	
      3708.486	     4.09155e+06	
      3708.763	     4.09280e+06	
      3708.854	     4.09321e+06	
      3708.873	     4.09328e+06	
      3708.945	     4.09359e+06	
      3709.127	     4.09441e+06	
      3709.206	     4.09475e+06	
      3709.491	     4.09604e+06	
      3710.108	     4.09880e+06	
      3710.902	     4.10232e+06	
      3711.011	     4.10283e+06	
      3711.120	     4.10330e+06	
      3711.213	     4.10371e+06	
      3711.323	     4.10421e+06	
      3711.338	     4.10427e+06	
      3711.463	     4.10484e+06	
      3711.517	     4.10509e+06	
      3711.576	     4.10534e+06	
      3711.603	     4.10546e+06	
      3711.689	     4.10584e+06	
      3711.746	     4.10609e+06	
      3711.802	     4.10634e+06	
      3711.858	     4.10660e+06	
      3711.915	     4.10685e+06	
      3711.971	     4.10710e+06	
      3712.027	     4.10735e+06	
      3712.084	     4.10760e+06	
      3712.140	     4.10785e+06	
      3712.203	     4.10814e+06	
      3712.252	     4.10835e+06	
      3712.303	     4.10857e+06	
      3712.327	     4.10870e+06	
      3712.331	     4.10870e+06	
      3712.403	     4.10901e+06	
      3712.479	     4.10936e+06	
      3712.631	     4.11005e+06	
      3712.931	     4.11137e+06	
      3713.228	     4.11269e+06	
      3713.531	     4.11404e+06	
      3713.833	     4.11539e+06	
      3714.242	     4.11721e+06	
      3714.420	     4.11800e+06	
      3714.439	     4.11809e+06	
      3714.636	     4.11897e+06	
      3715.030	     4.12073e+06	
      3715.640	     4.12343e+06	
      3716.765	     4.12843e+06	
      3716.790	     4.12856e+06	
      3716.860	     4.12887e+06	
      3716.955	     4.12928e+06	
      3717.145	     4.13013e+06	
      3717.524	     4.13182e+06	
      3718.189	     4.13478e+06	
      3718.259	     4.13509e+06	
      3718.329	     4.13540e+06	
      3718.469	     4.13603e+06	
      3718.556	     4.13641e+06	
      3718.631	     4.13675e+06	
      3718.734	     4.13719e+06	
      3718.749	     4.13726e+06	
      3718.942	     4.13814e+06	
      3719.253	     4.13952e+06	
      3719.474	     4.14049e+06	
      3719.772	     4.14181e+06	
      3720.070	     4.14313e+06	
      3720.356	     4.14426e+06	
      3720.523	     4.14492e+06	
      3720.666	     4.14549e+06	
      3720.976	     4.14671e+06	
      3721.202	     4.14756e+06	
      3721.428	     4.14841e+06	
      3721.542	     4.14885e+06	
      3721.655	     4.14926e+06	
      3721.711	     4.14948e+06	
      3721.768	     4.14970e+06	
      3721.825	     4.14989e+06	
      3721.881	     4.15011e+06	
      3721.938	     4.15033e+06	
      3721.995	     4.15055e+06	
      3722.051	     4.15074e+06	
      3722.108	     4.15095e+06	
      3722.221	     4.15136e+06	
      3722.398	     4.15205e+06	
      3722.447	     4.15221e+06	
      3722.498	     4.15240e+06	
      3722.598	     4.15278e+06	
      3722.695	     4.15315e+06	
      3722.798	     4.15353e+06	
      3722.901	     4.15391e+06	
      3723.107	     4.15469e+06	
      3723.231	     4.15513e+06	
      3723.519	     4.15623e+06	
      3723.807	     4.15730e+06	
      3724.383	     4.15944e+06	
      3725.451	     4.16343e+06	
      3725.534	     4.16374e+06	
      3725.617	     4.16406e+06	
      3725.751	     4.16456e+06	
      3725.783	     4.16465e+06	
      3725.916	     4.16515e+06	
      3725.931	     4.16522e+06	
      3726.115	     4.16591e+06	
      3726.479	     4.16726e+06	
      3727.042	     4.16936e+06	
      3727.366	     4.17056e+06	
      3728.153	     4.17348e+06	
      3728.639	     4.17530e+06	
      3728.940	     4.17643e+06	
      3729.009	     4.17668e+06	
      3729.240	     4.17753e+06	
      3729.842	     4.17979e+06	
      3730.676	     4.18287e+06	
      3732.194	     4.18853e+06	
      3732.344	     4.18909e+06	
      3732.494	     4.18966e+06	
      3732.794	     4.19076e+06	
      3733.352	     4.19286e+06	
      3733.384	     4.19296e+06	
      3733.393	     4.19299e+06	
      3733.402	     4.19302e+06	
      3733.452	     4.19321e+06	
      3733.552	     4.19359e+06	
      3733.648	     4.19396e+06	
      3733.752	     4.19434e+06	
      3733.856	     4.19472e+06	
      3734.004	     4.19528e+06	
      3734.044	     4.19541e+06	
      3734.064	     4.19550e+06	
      3734.084	     4.19557e+06	
      3734.131	     4.19575e+06	
      3734.140	     4.19579e+06	
      3734.164	     4.19588e+06	
      3734.197	     4.19601e+06	
      3734.254	     4.19619e+06	
      3734.311	     4.19641e+06	
      3734.368	     4.19663e+06	
      3734.425	     4.19685e+06	
      3734.482	     4.19704e+06	
      3734.539	     4.19726e+06	
      3734.652	     4.19767e+06	
      3734.829	     4.19833e+06	
      3734.878	     4.19852e+06	
      3734.929	     4.19871e+06	
      3735.029	     4.19908e+06	
      3735.124	     4.19943e+06	
      3735.173	     4.19962e+06	
      3735.229	     4.19984e+06	
      3735.334	     4.20022e+06	
      3735.391	     4.20044e+06	
      3735.495	     4.20081e+06	
      3735.817	     4.20201e+06	
      3736.000	     4.20270e+06	
      3736.243	     4.20361e+06	
      3736.486	     4.20452e+06	
      3736.971	     4.20631e+06	
      3737.826	     4.20948e+06	
      3737.943	     4.20992e+06	
      3738.060	     4.21036e+06	
      3738.294	     4.21124e+06	
      3738.587	     4.21231e+06	
      3738.762	     4.21297e+06	
      3738.937	     4.21363e+06	
      3739.287	     4.21492e+06	
      3739.498	     4.21570e+06	
      3739.987	     4.21753e+06	
      3740.476	     4.21935e+06	
      3741.212	     4.22208e+06	
      3741.453	     4.22296e+06	
      3741.694	     4.22387e+06	
      3742.092	     4.22535e+06	
      3742.176	     4.22563e+06	
      3742.260	     4.22594e+06	
      3742.428	     4.22657e+06	
      3742.671	     4.22748e+06	
      3742.733	     4.22770e+06	
      3742.764	     4.22783e+06	
      3742.795	     4.22796e+06	
      3742.864	     4.22821e+06	
      3742.919	     4.22840e+06	
      3743.167	     4.22931e+06	
      3743.663	     4.23116e+06	
      3744.620	     4.23471e+06	
      3744.654	     4.23484e+06	
      3746.445	     4.24146e+06	
      3747.605	     4.24577e+06	
      3748.269	     4.24822e+06	
      3748.844	     4.25035e+06	
      3748.904	     4.25057e+06	
      3748.934	     4.25070e+06	
      3748.964	     4.25079e+06	
      3748.986	     4.25089e+06	
      3749.084	     4.25123e+06	
      3749.118	     4.25136e+06	
      3749.182	     4.25161e+06	
      3749.378	     4.25233e+06	
      3749.409	     4.25243e+06	
      3749.638	     4.25328e+06	
      3749.753	     4.25372e+06	
      3749.867	     4.25412e+06	
      3749.924	     4.25434e+06	
      3749.981	     4.25456e+06	
      3750.038	     4.25475e+06	
      3750.095	     4.25497e+06	
      3750.152	     4.25519e+06	
      3750.209	     4.25538e+06	
      3750.266	     4.25560e+06	
      3750.323	     4.25582e+06	
      3750.437	     4.25623e+06	
      3750.616	     4.25689e+06	
      3750.665	     4.25708e+06	
      3750.716	     4.25727e+06	
      3750.816	     4.25764e+06	
      3750.910	     4.25799e+06	
      3751.016	     4.25840e+06	
      3751.122	     4.25877e+06	
      3751.334	     4.25956e+06	
      3751.481	     4.26009e+06	
      3751.758	     4.26113e+06	
      3752.035	     4.26214e+06	
      3752.588	     4.26421e+06	
      3753.533	     4.26770e+06	
      3753.696	     4.26829e+06	
      3753.782	     4.26861e+06	
      3753.859	     4.26889e+06	
      3754.185	     4.27008e+06	
      3754.274	     4.27043e+06	
      3754.837	     4.27250e+06	
      3755.892	     4.27640e+06	
      3756.086	     4.27712e+06	
      3757.473	     4.28221e+06	
      3757.509	     4.28234e+06	
      3757.548	     4.28249e+06	
      3758.932	     4.28758e+06	
      3760.390	     4.29295e+06	
      3761.656	     4.29764e+06	
      3762.717	     4.30153e+06	
      3763.233	     4.30342e+06	
      3764.809	     4.30923e+06	
      3765.066	     4.31017e+06	
      3766.902	     4.31689e+06	
      3768.545	     4.32293e+06	
      3768.737	     4.32365e+06	
      3768.929	     4.32434e+06	
      3768.971	     4.32450e+06	
      3769.196	     4.32531e+06	
      3769.313	     4.32575e+06	
      3769.655	     4.32701e+06	
      3769.885	     4.32786e+06	
      3770.114	     4.32867e+06	
      3770.228	     4.32908e+06	
      3770.343	     4.32952e+06	
      3770.401	     4.32974e+06	
      3770.458	     4.32993e+06	
      3770.515	     4.33015e+06	
      3770.573	     4.33034e+06	
      3770.630	     4.33056e+06	
      3770.687	     4.33078e+06	
      3770.745	     4.33097e+06	
      3770.802	     4.33119e+06	
      3770.867	     4.33144e+06	
      3770.916	     4.33163e+06	
      3770.967	     4.33182e+06	
      3770.988	     4.33188e+06	
      3771.003	     4.33194e+06	
      3771.067	     4.33216e+06	
      3771.146	     4.33248e+06	
      3771.304	     4.33304e+06	
      3771.604	     4.33414e+06	
      3771.890	     4.33518e+06	
      3771.951	     4.33543e+06	
      3772.206	     4.33634e+06	
      3772.522	     4.33750e+06	
      3773.154	     4.33983e+06	
      3774.357	     4.34423e+06	
      3775.497	     4.34837e+06	
      3776.762	     4.35302e+06	
      3777.127	     4.35434e+06	
      3778.027	     4.35764e+06	
      3778.399	     4.35899e+06	
      3778.927	     4.36091e+06	
      3780.726	     4.36747e+06	
      3781.844	     4.37156e+06	
      3783.053	     4.37596e+06	
      3783.159	     4.37636e+06	
      3784.263	     4.38039e+06	
      3785.367	     4.38438e+06	
      3786.225	     4.38752e+06	
      3787.401	     4.39179e+06	
      3787.574	     4.39242e+06	
      3788.924	     4.39732e+06	
      3790.447	     4.40285e+06	
      3792.841	     4.41152e+06	
      3793.492	     4.41387e+06	
      3794.143	     4.41623e+06	
      3794.897	     4.41896e+06	
      3795.066	     4.41959e+06	
      3795.444	     4.42094e+06	
      3795.991	     4.42292e+06	
      3796.454	     4.42462e+06	
      3796.916	     4.42628e+06	
      3797.147	     4.42710e+06	
      3797.378	     4.42795e+06	
      3797.494	     4.42836e+06	
      3797.609	     4.42877e+06	
      3797.666	     4.42899e+06	
      3797.724	     4.42917e+06	
      3797.782	     4.42939e+06	
      3797.840	     4.42958e+06	
      3797.898	     4.42980e+06	
      3797.956	     4.43002e+06	
      3798.014	     4.43021e+06	
      3798.072	     4.43043e+06	
      3798.187	     4.43087e+06	
      3798.367	     4.43153e+06	
      3798.416	     4.43169e+06	
      3798.467	     4.43188e+06	
      3798.567	     4.43225e+06	
      3798.655	     4.43257e+06	
      3798.753	     4.43291e+06	
      3798.767	     4.43298e+06	
      3798.837	     4.43323e+06	
      3798.879	     4.43338e+06	
      3798.921	     4.43354e+06	
      3799.046	     4.43398e+06	
      3799.089	     4.43414e+06	
      3799.425	     4.43536e+06	
      3799.471	     4.43552e+06	
      3799.804	     4.43671e+06	
      3800.562	     4.43945e+06	
      3801.653	     4.44341e+06	
      3802.319	     4.44579e+06	
      3803.834	     4.45126e+06	
      3805.349	     4.45673e+06	
      3807.837	     4.46568e+06	
      3808.378	     4.46763e+06	
      3808.919	     4.46958e+06	
      3810.000	     4.47344e+06	
      3811.586	     4.47913e+06	
      3812.164	     4.48120e+06	
      3812.742	     4.48327e+06	
      3813.897	     4.48742e+06	
      3815.777	     4.49417e+06	
      3816.093	     4.49530e+06	
      3816.209	     4.49571e+06	
      3816.641	     4.49725e+06	
      3817.439	     4.50021e+06	
      3817.504	     4.50043e+06	
      3818.916	     4.50564e+06	
      3820.393	     4.51114e+06	
      3822.566	     4.51924e+06	
      3823.346	     4.52213e+06	
      3823.512	     4.52276e+06	
      3824.126	     4.52506e+06	
      3825.685	     4.53087e+06	
      3826.804	     4.53501e+06	
      3827.859	     4.53894e+06	
      3828.914	     4.54287e+06	
      3830.454	     4.54859e+06	
      3831.023	     4.55069e+06	
      3831.592	     4.55280e+06	
      3832.001	     4.55430e+06	
      3832.525	     4.55625e+06	
      3832.730	     4.55701e+06	
      3833.458	     4.55971e+06	
      3833.925	     4.56144e+06	
      3834.392	     4.56316e+06	
      3834.626	     4.56401e+06	
      3834.859	     4.56489e+06	
      3834.975	     4.56530e+06	
      3835.092	     4.56574e+06	
      3835.151	     4.56593e+06	
      3835.209	     4.56615e+06	
      3835.267	     4.56634e+06	
      3835.326	     4.56656e+06	
      3835.384	     4.56678e+06	
      3835.442	     4.56700e+06	
      3835.501	     4.56722e+06	
      3835.559	     4.56744e+06	
      3835.626	     4.56769e+06	
      3835.675	     4.56788e+06	
      3835.726	     4.56806e+06	
      3835.743	     4.56813e+06	
      3835.774	     4.56825e+06	
      3835.826	     4.56844e+06	
      3835.909	     4.56876e+06	
      3836.075	     4.56938e+06	
      3836.376	     4.57048e+06	
      3836.646	     4.57149e+06	
      3836.977	     4.57271e+06	
      3837.029	     4.57293e+06	
      3837.308	     4.57394e+06	
      3837.970	     4.57639e+06	
      3838.647	     4.57890e+06	
      3838.911	     4.57988e+06	
      3839.175	     4.58085e+06	
      3839.703	     4.58280e+06	
      3840.758	     4.58666e+06	
      3842.753	     4.59401e+06	
      3842.831	     4.59433e+06	
      3842.870	     4.59445e+06	
      3842.909	     4.59461e+06	
      3843.065	     4.59518e+06	
      3843.377	     4.59634e+06	
      3844.001	     4.59863e+06	
      3844.588	     4.60080e+06	
      3845.248	     4.60322e+06	
      3845.547	     4.60432e+06	
      3845.908	     4.60564e+06	
      3847.228	     4.61051e+06	
      3847.442	     4.61129e+06	
      3848.908	     4.61666e+06	
      3850.375	     4.62204e+06	
      3851.976	     4.62794e+06	
      3853.308	     4.63284e+06	
      3854.640	     4.63774e+06	
      3855.701	     4.64164e+06	
      3857.303	     4.64752e+06	
      3858.906	     4.65339e+06	
      3862.006	     4.66473e+06	
      3862.111	     4.66511e+06	
      3862.216	     4.66548e+06	
      3862.426	     4.66627e+06	
      3862.846	     4.66781e+06	
      3863.685	     4.67086e+06	
      3865.170	     4.67629e+06	
      3865.365	     4.67698e+06	
      3865.560	     4.67771e+06	
      3865.950	     4.67912e+06	
      3866.730	     4.68198e+06	
      3867.675	     4.68540e+06	
      3868.289	     4.68763e+06	
      3868.903	     4.68986e+06	
      3870.131	     4.69432e+06	
      3871.324	     4.69866e+06	
      3872.586	     4.70325e+06	
      3873.848	     4.70783e+06	
      3876.324	     4.71682e+06	
      3876.368	     4.71698e+06	
      3876.371	     4.71698e+06	
      3876.374	     4.71698e+06	
      3876.424	     4.71716e+06	
      3876.524	     4.71754e+06	
      3876.724	     4.71826e+06	
      3876.947	     4.71905e+06	
      3877.124	     4.71971e+06	
      3877.924	     4.72260e+06	
      3878.900	     4.72612e+06	
      3880.290	     4.73114e+06	
      3880.854	     4.73315e+06	
      3881.418	     4.73520e+06	
      3882.546	     4.73928e+06	
      3884.398	     4.74594e+06	
      3884.801	     4.74739e+06	
      3884.923	     4.74783e+06	
      3885.204	     4.74883e+06	
      3886.010	     4.75172e+06	
      3886.151	     4.75222e+06	
      3887.096	     4.75562e+06	
      3887.568	     4.75731e+06	
      3888.042	     4.75901e+06	
      3888.280	     4.75986e+06	
      3888.516	     4.76068e+06	
      3888.633	     4.76108e+06	
      3888.752	     4.76149e+06	
      3888.844	     4.76181e+06	
      3888.866	     4.76187e+06	
      3888.871	     4.76190e+06	
      3888.898	     4.76199e+06	
      3888.930	     4.76209e+06	
      3888.989	     4.76228e+06	
      3889.048	     4.76250e+06	
      3889.107	     4.76272e+06	
      3889.166	     4.76294e+06	
      3889.225	     4.76316e+06	
      3889.294	     4.76344e+06	
      3889.343	     4.76363e+06	
      3889.394	     4.76382e+06	
      3889.408	     4.76385e+06	
      3889.450	     4.76401e+06	
      3889.494	     4.76416e+06	
      3889.580	     4.76448e+06	
      3889.752	     4.76510e+06	
      3890.054	     4.76620e+06	
      3890.315	     4.76715e+06	
      3890.474	     4.76774e+06	
      3890.657	     4.76840e+06	
      3890.999	     4.76963e+06	
      3891.683	     4.77208e+06	
      3892.892	     4.77641e+06	
      3893.942	     4.78015e+06	
      3894.458	     4.78201e+06	
      3895.309	     4.78505e+06	
      3896.219	     4.78832e+06	
      3896.677	     4.78995e+06	
      3898.895	     4.79784e+06	
      3899.603	     4.80035e+06	
      3901.572	     4.80736e+06	
      3903.894	     4.81562e+06	
      3904.248	     4.81688e+06	
      3908.893	     4.83331e+06	
      3913.891	     4.85096e+06	
      3918.890	     4.87000e+06	
      3923.889	     4.88923e+06	
      3928.216	     4.90579e+06	
      3928.353	     4.90632e+06	
      3928.887	     4.90836e+06	
      3929.559	     4.91094e+06	
      3930.903	     4.91606e+06	
      3933.453	     4.92577e+06	
      3935.810	     4.93472e+06	
      3937.347	     4.94053e+06	
      3938.885	     4.94637e+06	
      3940.036	     4.95071e+06	
      3941.960	     4.95797e+06	
      3943.883	     4.96522e+06	
      3946.579	     4.97537e+06	
      3947.730	     4.97971e+06	
      3948.882	     4.98401e+06	
      3950.653	     4.99064e+06	
      3951.015	     4.99202e+06	
      3951.186	     4.99265e+06	
      3951.718	     4.99463e+06	
      3952.784	     4.99862e+06	
      3954.554	     5.00522e+06	
      3957.306	     5.01549e+06	
      3958.093	     5.01841e+06	
      3958.624	     5.02039e+06	
      3958.880	     5.02133e+06	
      3960.453	     5.02715e+06	
      3962.283	     5.03393e+06	
      3965.737	     5.04669e+06	
      3965.942	     5.04744e+06	
      3966.147	     5.04819e+06	
      3966.557	     5.04970e+06	
      3966.675	     5.05011e+06	
      3967.279	     5.05234e+06	
      3967.376	     5.05269e+06	
      3968.078	     5.05526e+06	
      3968.709	     5.05756e+06	
      3968.877	     5.05818e+06	
      3969.045	     5.05878e+06	
      3969.234	     5.05944e+06	
      3969.287	     5.05966e+06	
      3969.381	     5.05997e+06	
      3969.528	     5.06051e+06	
      3969.648	     5.06092e+06	
      3969.769	     5.06133e+06	
      3969.830	     5.06155e+06	
      3969.890	     5.06170e+06	
      3969.950	     5.06189e+06	
      3970.011	     5.06208e+06	
      3970.071	     5.06230e+06	
      3970.131	     5.06252e+06	
      3970.192	     5.06280e+06	
      3970.252	     5.06305e+06	
      3970.323	     5.06334e+06	
      3970.372	     5.06356e+06	
      3970.423	     5.06374e+06	
      3970.432	     5.06378e+06	
      3970.495	     5.06403e+06	
      3970.523	     5.06415e+06	
      3970.613	     5.06450e+06	
      3970.795	     5.06519e+06	
      3971.096	     5.06632e+06	
      3971.333	     5.06720e+06	
      3971.591	     5.06817e+06	
      3971.698	     5.06855e+06	
      3972.063	     5.06990e+06	
      3972.793	     5.07260e+06	
      3973.995	     5.07703e+06	
      3974.936	     5.08049e+06	
      3976.398	     5.08583e+06	
      3976.845	     5.08746e+06	
      3977.860	     5.09117e+06	
      3978.874	     5.09488e+06	
      3979.577	     5.09745e+06	
      3980.904	     5.10226e+06	
      3982.230	     5.10710e+06	
      3984.180	     5.11417e+06	
      3984.884	     5.11671e+06	
      3985.119	     5.11759e+06	
      3985.588	     5.11929e+06	
      3986.995	     5.12438e+06	
      3988.872	     5.13116e+06	
      3991.379	     5.14018e+06	
      3992.625	     5.14467e+06	
      3993.854	     5.14907e+06	
      3993.870	     5.14913e+06	
      3996.362	     5.15806e+06	
      3998.869	     5.16704e+06	
      4003.868	     5.18482e+06	
      4008.866	     5.20254e+06	
      4013.865	     5.22045e+06	
      4018.864	     5.23870e+06	
      4023.863	     5.25683e+06	
      4025.341	     5.26217e+06	
      4028.861	     5.27486e+06	
      4032.381	     5.28749e+06	
      4032.946	     5.28950e+06	
      4033.860	     5.29277e+06	
      4035.902	     5.30006e+06	
      4038.859	     5.31058e+06	
      4043.857	     5.32830e+06	
      4048.856	     5.34589e+06	
      4053.855	     5.36339e+06	
      4058.853	     5.38076e+06	
      4063.852	     5.39804e+06	
      4068.851	     5.41519e+06	
      4073.849	     5.43222e+06	
      4075.421	     5.43756e+06	
      4078.848	     5.44916e+06	
      4082.275	     5.46068e+06	
      4082.559	     5.46163e+06	
      4084.004	     5.46647e+06	
      4085.702	     5.47215e+06	
      4088.845	     5.48264e+06	
      4089.695	     5.48544e+06	
      4093.687	     5.49867e+06	
      4096.515	     5.50793e+06	
      4097.679	     5.51177e+06	
      4098.010	     5.51284e+06	
      4098.678	     5.51500e+06	
      4098.843	     5.51554e+06	
      4099.676	     5.51824e+06	
      4100.174	     5.51981e+06	
      4100.673	     5.52138e+06	
      4100.922	     5.52217e+06	
      4101.172	     5.52292e+06	
      4101.297	     5.52327e+06	
      4101.422	     5.52361e+06	
      4101.485	     5.52377e+06	
      4101.547	     5.52389e+06	
      4101.609	     5.52399e+06	
      4101.672	     5.52411e+06	
      4101.734	     5.52427e+06	
      4101.797	     5.52452e+06	
      4101.859	     5.52480e+06	
      4101.922	     5.52512e+06	
      4102.047	     5.52565e+06	
      4102.296	     5.52660e+06	
      4102.745	     5.52820e+06	
      4102.794	     5.52835e+06	
      4102.845	     5.52854e+06	
      4102.945	     5.52886e+06	
      4103.145	     5.52955e+06	
      4103.296	     5.53005e+06	
      4103.545	     5.53090e+06	
      4103.794	     5.53175e+06	
      4104.291	     5.53341e+06	
      4104.785	     5.53505e+06	
      4105.287	     5.53671e+06	
      4105.789	     5.53838e+06	
      4106.793	     5.54168e+06	
      4108.680	     5.54786e+06	
      4108.760	     5.54815e+06	
      4108.800	     5.54827e+06	
      4108.840	     5.54840e+06	
      4108.859	     5.54846e+06	
      4109.000	     5.54896e+06	
      4109.320	     5.55009e+06	
      4109.781	     5.55173e+06	
      4110.703	     5.55496e+06	
      4111.319	     5.55713e+06	
      4112.546	     5.56144e+06	
      4113.774	     5.56574e+06	
      4114.693	     5.56894e+06	
      4116.229	     5.57428e+06	
      4116.694	     5.57592e+06	
      4117.766	     5.57963e+06	
      4118.126	     5.58088e+06	
      4118.838	     5.58336e+06	
      4120.981	     5.59078e+06	
      4123.836	     5.60061e+06	
      4126.144	     5.60853e+06	
      4128.835	     5.61773e+06	
      4129.605	     5.62037e+06	
      4131.526	     5.62691e+06	
      4133.834	     5.63473e+06	
      4134.219	     5.63602e+06	
      4138.832	     5.65157e+06	
      4143.831	     5.66825e+06	
      4148.830	     5.68484e+06	
      4153.828	     5.70127e+06	
      4158.827	     5.71754e+06	
      4163.826	     5.73372e+06	
      4168.824	     5.74974e+06	
      4173.823	     5.76561e+06	
      4178.822	     5.78138e+06	
      4183.820	     5.79699e+06	
      4188.819	     5.81248e+06	
      4193.818	     5.82784e+06	
      4198.817	     5.84308e+06	
      4203.815	     5.85816e+06	
      4208.814	     5.87336e+06	
      4213.813	     5.88863e+06	
      4216.525	     5.89686e+06	
      4217.242	     5.89900e+06	
      4218.811	     5.90374e+06	
      4221.098	     5.91062e+06	
      4223.810	     5.91873e+06	
      4224.954	     5.92215e+06	
      4228.809	     5.93356e+06	
      4233.807	     5.94826e+06	
      4238.806	     5.96281e+06	
      4243.805	     5.97719e+06	
      4248.803	     5.99146e+06	
      4253.802	     6.00556e+06	
      4258.801	     6.01951e+06	
      4263.799	     6.03333e+06	
      4268.798	     6.04700e+06	
      4273.797	     6.06051e+06	
      4278.795	     6.07386e+06	
      4283.794	     6.08706e+06	
      4288.793	     6.10009e+06	
      4293.791	     6.11294e+06	
      4298.790	     6.12567e+06	
      4303.789	     6.13814e+06	
      4308.788	     6.15001e+06	
      4313.786	     6.16173e+06	
      4314.073	     6.16239e+06	
      4318.785	     6.17329e+06	
      4320.854	     6.17800e+06	
      4323.497	     6.18404e+06	
      4326.139	     6.18997e+06	
      4326.475	     6.19073e+06	
      4328.782	     6.19591e+06	
      4330.233	     6.19915e+06	
      4331.090	     6.20103e+06	
      4331.149	     6.20116e+06	
      4331.946	     6.20292e+06	
      4333.660	     6.20669e+06	
      4334.060	     6.20757e+06	
      4336.171	     6.21215e+06	
      4337.786	     6.21561e+06	
      4338.220	     6.21652e+06	
      4338.283	     6.21665e+06	
      4338.780	     6.21765e+06	
      4338.812	     6.21771e+06	
      4339.339	     6.21875e+06	
      4339.602	     6.21922e+06	
      4339.867	     6.21963e+06	
      4340.001	     6.21979e+06	
      4340.132	     6.21988e+06	
      4340.197	     6.21991e+06	
      4340.263	     6.21985e+06	
      4340.329	     6.21976e+06	
      4340.395	     6.21966e+06	
      4340.461	     6.21969e+06	
      4340.527	     6.21998e+06	
      4340.593	     6.22035e+06	
      4340.659	     6.22076e+06	
      4340.791	     6.22139e+06	
      4341.005	     6.22218e+06	
      4341.055	     6.22233e+06	
      4341.105	     6.22249e+06	
      4341.205	     6.22277e+06	
      4341.227	     6.22284e+06	
      4341.238	     6.22287e+06	
      4341.405	     6.22334e+06	
      4341.583	     6.22384e+06	
      4341.939	     6.22478e+06	
      4342.640	     6.22654e+06	
      4343.330	     6.22824e+06	
      4343.570	     6.22884e+06	
      4344.041	     6.22997e+06	
      4344.752	     6.23166e+06	
      4346.174	     6.23506e+06	
      4348.578	     6.24071e+06	
      4348.777	     6.24118e+06	
      4348.976	     6.24162e+06	
      4349.374	     6.24256e+06	
      4350.170	     6.24442e+06	
      4350.322	     6.24476e+06	
      4351.761	     6.24813e+06	
      4353.201	     6.25146e+06	
      4354.734	     6.25501e+06	
      4356.077	     6.25808e+06	
      4356.080	     6.25808e+06	
      4357.426	     6.26116e+06	
      4358.774	     6.26424e+06	
      4359.170	     6.26515e+06	
      4361.472	     6.26999e+06	
      4363.773	     6.27517e+06	
      4367.980	     6.28457e+06	
      4368.376	     6.28545e+06	
      4368.524	     6.28576e+06	
      4368.772	     6.28633e+06	
      4369.563	     6.28805e+06	
      4371.147	     6.29154e+06	
      4373.770	     6.29729e+06	
      4378.769	     6.30813e+06	
      4383.768	     6.31881e+06	
      4388.766	     6.32934e+06	
      4393.765	     6.33970e+06	
      4398.764	     6.34994e+06	
      4403.762	     6.35799e+06	
      4408.761	     6.36509e+06	
      4413.760	     6.37209e+06	
      4418.758	     6.37907e+06	
      4423.757	     6.38592e+06	
      4428.756	     6.39273e+06	
      4433.754	     6.39946e+06	
      4438.753	     6.40612e+06	
      4443.752	     6.41271e+06	
      4448.751	     6.41925e+06	
      4453.749	     6.42572e+06	
      4458.748	     6.43213e+06	
      4463.747	     6.43844e+06	
      4468.745	     6.44473e+06	
      4473.744	     6.45095e+06	
      4478.743	     6.45710e+06	
      4483.741	     6.46317e+06	
      4488.740	     6.46920e+06	
      4493.739	     6.47517e+06	
      4498.737	     6.48246e+06	
      4503.736	     6.49304e+06	
      4508.735	     6.50344e+06	
      4513.733	     6.51368e+06	
      4514.118	     6.51447e+06	
      4518.732	     6.52374e+06	
      4523.346	     6.53288e+06	
      4527.190	     6.54039e+06	
      4527.960	     6.54190e+06	
      4528.729	     6.54337e+06	
      4530.269	     6.54633e+06	
      4532.968	     6.55148e+06	
      4533.288	     6.55211e+06	
      4533.348	     6.55220e+06	
      4533.728	     6.55295e+06	
      4534.488	     6.55437e+06	
      4536.007	     6.55723e+06	
      4538.727	     6.56235e+06	
      4543.725	     6.57158e+06	
      4548.724	     6.58066e+06	
      4553.723	     6.58958e+06	
      4558.721	     6.59835e+06	
      4563.720	     6.60696e+06	
      4568.719	     6.61541e+06	
      4573.717	     6.62373e+06	
      4578.716	     6.63187e+06	
      4583.715	     6.63988e+06	
      4588.713	     6.64774e+06	
      4593.712	     6.65546e+06	
      4596.529	     6.65908e+06	
      4596.984	     6.65964e+06	
      4598.711	     6.66187e+06	
      4600.892	     6.66454e+06	
      4603.709	     6.66797e+06	
      4604.800	     6.66929e+06	
      4608.708	     6.67400e+06	
      4613.707	     6.67994e+06	
      4618.705	     6.68575e+06	
      4623.704	     6.69150e+06	
      4628.703	     6.69715e+06	
      4633.701	     6.70268e+06	
      4638.700	     6.70815e+06	
      4643.699	     6.71352e+06	
      4648.697	     6.71880e+06	
      4653.696	     6.72398e+06	
      4658.695	     6.72904e+06	
      4663.694	     6.73407e+06	
      4668.692	     6.73897e+06	
      4673.691	     6.74377e+06	
      4678.690	     6.74849e+06	
      4683.688	     6.75314e+06	
      4688.687	     6.75766e+06	
      4693.686	     6.76190e+06	
      4698.684	     6.76580e+06	
      4703.683	     6.76960e+06	
      4708.682	     6.77334e+06	
      4713.680	     6.77698e+06	
      4715.603	     6.77836e+06	
      4718.679	     6.78053e+06	
      4720.984	     6.78213e+06	
      4721.755	     6.78270e+06	
      4723.678	     6.78402e+06	
      4724.830	     6.78480e+06	
      4728.676	     6.78741e+06	
      4733.675	     6.79071e+06	
      4738.674	     6.79391e+06	
      4743.672	     6.79706e+06	
      4748.671	     6.80007e+06	
      4753.670	     6.80302e+06	
      4758.668	     6.80585e+06	
      4763.667	     6.80859e+06	
      4768.666	     6.81119e+06	
      4773.664	     6.81367e+06	
      4778.663	     6.81606e+06	
      4783.662	     6.81829e+06	
      4788.660	     6.82040e+06	
      4793.659	     6.82225e+06	
      4798.658	     6.82395e+06	
      4803.656	     6.82546e+06	
      4808.655	     6.82681e+06	
      4813.654	     6.82797e+06	
      4818.652	     6.82891e+06	
      4823.651	     6.82967e+06	
      4828.650	     6.83020e+06	
      4833.648	     6.83051e+06	
      4834.972	     6.83054e+06	
      4838.647	     6.83061e+06	
      4839.161	     6.83061e+06	
      4842.322	     6.83064e+06	
      4845.483	     6.83058e+06	
      4845.503	     6.83058e+06	
      4847.054	     6.83051e+06	
      4848.644	     6.83045e+06	
      4851.785	     6.83033e+06	
      4854.393	     6.83023e+06	
      4856.517	     6.83007e+06	
      4858.401	     6.82982e+06	
      4858.642	     6.82976e+06	
      4858.664	     6.82976e+06	
      4858.883	     6.82970e+06	
      4859.364	     6.82951e+06	
      4859.473	     6.82945e+06	
      4860.065	     6.82907e+06	
      4860.361	     6.82875e+06	
      4860.657	     6.82825e+06	
      4860.805	     6.82787e+06	
      4860.953	     6.82728e+06	
      4861.027	     6.82687e+06	
      4861.101	     6.82624e+06	
      4861.175	     6.82546e+06	
      4861.248	     6.82467e+06	
      4861.322	     6.82423e+06	
      4861.396	     6.82473e+06	
      4861.470	     6.82558e+06	
      4861.543	     6.82643e+06	
      4861.641	     6.82725e+06	
      4861.687	     6.82756e+06	
      4861.689	     6.82756e+06	
      4861.691	     6.82759e+06	
      4861.695	     6.82759e+06	
      4861.741	     6.82784e+06	
      4861.841	     6.82828e+06	
      4861.979	     6.82875e+06	
      4861.987	     6.82879e+06	
      4862.279	     6.82951e+06	
      4862.579	     6.83007e+06	
      4862.596	     6.83011e+06	
      4863.178	     6.83095e+06	
      4863.727	     6.83161e+06	
      4863.761	     6.83164e+06	
      4864.927	     6.83284e+06	
      4866.127	     6.83394e+06	
      4868.413	     6.83592e+06	
      4868.526	     6.83604e+06	
      4868.639	     6.83614e+06	
      4868.865	     6.83633e+06	
      4869.317	     6.83670e+06	
      4869.583	     6.83692e+06	
      4870.221	     6.83746e+06	
      4870.858	     6.83802e+06	
      4872.134	     6.83909e+06	
      4874.623	     6.84116e+06	
      4874.685	     6.84123e+06	
      4874.747	     6.84129e+06	
      4874.871	     6.84138e+06	
      4875.119	     6.84160e+06	
      4875.615	     6.84201e+06	
      4876.607	     6.84283e+06	
      4878.452	     6.84437e+06	
      4878.544	     6.84443e+06	
      4878.590	     6.84449e+06	
      4878.636	     6.84453e+06	
      4878.820	     6.84468e+06	
      4879.188	     6.84496e+06	
      4879.526	     6.84525e+06	
      4879.924	     6.84559e+06	
      4880.322	     6.84591e+06	
      4880.941	     6.84641e+06	
      4881.118	     6.84657e+06	
      4882.709	     6.84786e+06	
      4884.478	     6.84927e+06	
      4887.396	     6.85153e+06	
      4888.015	     6.85200e+06	
      4888.634	     6.85247e+06	
      4889.871	     6.85342e+06	
      4891.061	     6.85430e+06	
      4892.347	     6.85524e+06	
      4893.632	     6.85615e+06	
      4893.777	     6.85627e+06	
      4896.204	     6.85797e+06	
      4898.631	     6.85964e+06	
      4903.340	     6.86271e+06	
      4903.485	     6.86281e+06	
      4903.630	     6.86290e+06	
      4903.920	     6.86306e+06	
      4904.499	     6.86344e+06	
      4905.659	     6.86416e+06	
      4907.328	     6.86517e+06	
      4907.977	     6.86554e+06	
      4908.628	     6.86595e+06	
      4909.929	     6.86670e+06	
      4911.434	     6.86755e+06	
      4912.530	     6.86818e+06	
      4913.014	     6.86843e+06	
      4913.627	     6.86878e+06	
      4915.550	     6.86985e+06	
      4915.820	     6.86997e+06	
      4918.240	     6.87126e+06	
      4918.626	     6.87145e+06	
      4921.701	     6.87299e+06	
      4923.624	     6.87393e+06	
      4925.162	     6.87468e+06	
      4928.623	     6.87629e+06	
      4933.622	     6.87845e+06	
      4938.620	     6.88050e+06	
      4943.619	     6.88241e+06	
      4948.618	     6.88423e+06	
      4953.616	     6.88593e+06	
      4958.615	     6.88753e+06	
      4963.614	     6.88901e+06	
      4968.612	     6.89042e+06	
      4973.611	     6.89174e+06	
      4978.610	     6.89300e+06	
      4983.608	     6.89416e+06	
      4988.607	     6.89514e+06	
      4993.606	     6.89602e+06	
      4998.604	     6.89686e+06	
      5003.603	     6.89765e+06	
      5008.602	     6.89837e+06	
      5013.600	     6.89903e+06	
      5018.599	     6.89966e+06	
      5023.598	     6.90023e+06	
      5028.596	     6.90073e+06	
      5033.595	     6.90117e+06	
      5038.594	     6.90158e+06	
      5043.592	     6.90195e+06	
      5048.591	     6.90227e+06	
      5053.590	     6.90255e+06	
      5058.588	     6.90277e+06	
      5063.587	     6.90293e+06	
      5068.586	     6.90308e+06	
      5073.584	     6.90318e+06	
      5078.583	     6.90321e+06	
      5083.582	     6.90302e+06	
      5088.580	     6.90274e+06	
      5093.579	     6.90239e+06	
      5098.578	     6.90202e+06	
      5103.576	     6.90161e+06	
      5108.575	     6.90117e+06	
      5113.574	     6.90070e+06	
      5118.572	     6.90016e+06	
      5123.571	     6.89963e+06	
      5128.570	     6.89906e+06	
      5133.568	     6.89847e+06	
      5138.567	     6.89781e+06	
      5143.566	     6.89715e+06	
      5148.564	     6.89646e+06	
      5153.563	     6.89570e+06	
      5158.562	     6.89495e+06	
      5163.560	     6.89416e+06	
      5168.559	     6.89331e+06	
      5173.558	     6.89247e+06	
      5178.556	     6.89152e+06	
      5183.555	     6.89046e+06	
      5188.554	     6.88936e+06	
      5193.552	     6.88819e+06	
      5198.551	     6.88703e+06	
      5203.550	     6.88584e+06	
      5208.548	     6.88464e+06	
      5213.547	     6.88339e+06	
      5218.546	     6.88210e+06	
      5223.544	     6.88081e+06	
      5228.543	     6.87949e+06	
      5233.542	     6.87814e+06	
      5238.540	     6.87676e+06	
      5243.539	     6.87534e+06	
      5248.537	     6.87393e+06	
      5253.536	     6.87249e+06	
      5258.535	     6.87101e+06	
      5263.533	     6.86950e+06	
      5268.532	     6.86796e+06	
      5273.531	     6.86639e+06	
      5278.529	     6.86551e+06	
      5283.528	     6.86473e+06	
      5288.527	     6.86388e+06	
      5293.525	     6.86300e+06	
      5298.524	     6.86206e+06	
      5303.523	     6.86108e+06	
      5308.521	     6.86004e+06	
      5313.520	     6.85901e+06	
      5318.519	     6.85791e+06	
      5323.517	     6.85678e+06	
      5328.516	     6.85558e+06	
      5333.515	     6.85436e+06	
      5338.513	     6.85313e+06	
      5343.512	     6.85181e+06	
      5348.511	     6.85049e+06	
      5353.509	     6.84911e+06	
      5358.508	     6.84773e+06	
      5363.507	     6.84663e+06	
      5368.505	     6.84512e+06	
      5373.504	     6.84330e+06	
      5378.503	     6.84098e+06	
      5383.501	     6.83865e+06	
      5388.500	     6.83629e+06	
      5393.499	     6.83391e+06	
      5398.497	     6.83152e+06	
      5403.496	     6.82910e+06	
      5408.495	     6.82665e+06	
      5413.493	     6.82420e+06	
      5418.492	     6.82172e+06	
      5423.491	     6.81924e+06	
      5428.489	     6.81669e+06	
      5433.488	     6.81418e+06	
      5438.487	     6.81160e+06	
      5443.485	     6.80903e+06	
      5448.484	     6.80642e+06	
      5453.483	     6.80381e+06	
      5458.481	     6.80117e+06	
      5463.480	     6.79853e+06	
      5468.479	     6.79583e+06	
      5473.477	     6.79363e+06	
      5478.476	     6.79140e+06	
      5483.475	     6.78917e+06	
      5488.473	     6.78691e+06	
      5493.472	     6.78458e+06	
      5498.471	     6.78229e+06	
      5503.469	     6.77993e+06	
      5508.468	     6.77758e+06	
      5513.466	     6.77519e+06	
      5518.465	     6.77277e+06	
      5523.464	     6.77032e+06	
      5528.462	     6.76787e+06	
      5533.461	     6.76539e+06	
      5538.460	     6.76288e+06	
      5543.458	     6.76036e+06	
      5548.457	     6.75782e+06	
      5553.456	     6.75524e+06	
      5558.454	     6.75263e+06	
      5563.453	     6.75003e+06	
      5568.452	     6.74739e+06	
      5573.450	     6.74472e+06	
      5578.449	     6.74201e+06	
      5583.448	     6.73931e+06	
      5588.446	     6.73658e+06	
      5593.445	     6.73382e+06	
      5598.444	     6.73105e+06	
      5603.442	     6.72825e+06	
      5608.441	     6.72543e+06	
      5613.440	     6.72260e+06	
      5618.438	     6.71974e+06	
      5623.437	     6.71698e+06	
      5628.436	     6.71405e+06	
      5633.434	     6.71116e+06	
      5638.433	     6.70821e+06	
      5643.432	     6.70526e+06	
      5648.430	     6.70231e+06	
      5653.429	     6.69932e+06	
      5658.428	     6.69630e+06	
      5663.426	     6.69326e+06	
      5668.425	     6.69043e+06	
      5673.424	     6.68735e+06	
      5673.979	     6.68701e+06	
      5678.422	     6.68427e+06	
      5682.865	     6.68151e+06	
      5686.198	     6.67940e+06	
      5687.309	     6.67871e+06	
      5687.864	     6.67837e+06	
      5688.420	     6.67802e+06	
      5690.641	     6.67664e+06	
      5693.418	     6.67488e+06	
      5698.417	     6.67171e+06	
      5703.415	     6.66853e+06	
      5704.770	     6.66765e+06	
      5708.414	     6.66533e+06	
      5708.882	     6.66501e+06	
      5712.058	     6.66297e+06	
      5713.413	     6.66212e+06	
      5715.234	     6.66093e+06	
      5718.411	     6.65889e+06	
      5723.410	     6.65562e+06	
      5728.409	     6.65235e+06	
      5733.407	     6.64909e+06	
      5738.406	     6.64576e+06	
      5743.405	     6.64246e+06	
      5748.403	     6.63913e+06	
      5753.402	     6.63577e+06	
      5758.401	     6.63240e+06	
      5763.399	     6.62684e+06	
      5768.398	     6.62342e+06	
      5773.397	     6.61996e+06	
      5778.395	     6.61651e+06	
      5783.394	     6.61305e+06	
      5788.393	     6.60957e+06	
      5793.391	     6.60605e+06	
      5798.390	     6.60256e+06	
      5803.389	     6.59901e+06	
      5808.387	     6.59546e+06	
      5813.386	     6.59191e+06	
      5818.385	     6.58833e+06	
      5823.383	     6.58472e+06	
      5828.382	     6.58110e+06	
      5833.381	     6.57749e+06	
      5838.379	     6.57385e+06	
      5843.378	     6.57020e+06	
      5848.377	     6.56653e+06	
      5853.375	     6.56285e+06	
      5858.374	     6.55914e+06	
      5863.372	     6.55547e+06	
      5868.371	     6.55173e+06	
      5873.370	     6.54802e+06	
      5878.368	     6.54428e+06	
      5883.367	     6.54051e+06	
      5888.366	     6.53674e+06	
      5893.364	     6.53294e+06	
      5898.363	     6.52914e+06	
      5903.362	     6.52534e+06	
      5908.360	     6.52151e+06	
      5913.359	     6.51767e+06	
      5918.358	     6.51381e+06	
      5923.356	     6.50995e+06	
      5928.355	     6.50605e+06	
      5933.354	     6.50215e+06	
      5938.352	     6.49826e+06	
      5943.351	     6.49433e+06	
      5948.350	     6.49037e+06	
      5953.348	     6.48645e+06	
      5958.347	     6.48246e+06	
      5963.346	     6.47844e+06	
      5968.344	     6.47441e+06	
      5973.343	     6.47039e+06	
      5978.342	     6.46637e+06	
      5983.340	     6.46232e+06	
      5988.339	     6.45823e+06	
      5993.338	     6.45415e+06	
      5998.336	     6.45007e+06	
      6003.335	     6.44598e+06	
      6008.333	     6.44187e+06	
      6013.332	     6.43772e+06	
      6018.331	     6.43360e+06	
      6023.329	     6.42943e+06	
      6028.328	     6.42528e+06	
      6033.327	     6.42110e+06	
      6038.325	     6.41692e+06	
      6043.324	     6.41271e+06	
      6048.323	     6.40850e+06	
      6053.321	     6.40426e+06	
      6058.320	     6.40002e+06	
      6063.319	     6.39578e+06	
      6068.317	     6.39151e+06	
      6073.316	     6.38723e+06	
      6078.315	     6.38293e+06	
      6083.313	     6.37866e+06	
      6088.312	     6.37432e+06	
      6093.311	     6.37002e+06	
      6098.309	     6.36568e+06	
      6103.308	     6.36132e+06	
      6108.307	     6.35695e+06	
      6113.305	     6.35258e+06	
      6118.304	     6.34822e+06	
      6123.303	     6.34382e+06	
      6128.301	     6.33939e+06	
      6133.300	     6.33496e+06	
      6138.298	     6.33053e+06	
      6143.297	     6.32610e+06	
      6148.296	     6.32164e+06	
      6153.294	     6.31715e+06	
      6158.293	     6.31265e+06	
      6163.292	     6.30813e+06	
      6168.290	     6.30364e+06	
      6173.289	     6.29908e+06	
      6178.288	     6.29456e+06	
      6183.286	     6.29000e+06	
      6188.285	     6.28542e+06	
      6193.284	     6.28083e+06	
      6198.282	     6.27624e+06	
      6203.281	     6.27162e+06	
      6208.280	     6.26697e+06	
      6213.278	     6.26233e+06	
      6218.277	     6.25768e+06	
      6223.276	     6.25299e+06	
      6228.274	     6.24831e+06	
      6233.273	     6.24360e+06	
      6238.272	     6.23889e+06	
      6243.270	     6.23415e+06	
      6244.381	     6.23308e+06	
      6248.269	     6.22937e+06	
      6252.157	     6.22566e+06	
      6253.821	     6.22406e+06	
      6256.044	     6.22196e+06	
      6258.266	     6.21982e+06	
      6262.157	     6.21608e+06	
      6262.711	     6.21555e+06	
      6263.265	     6.21501e+06	
      6264.372	     6.21394e+06	
      6264.912	     6.21341e+06	
      6266.588	     6.21178e+06	
      6268.263	     6.21017e+06	
      6269.967	     6.20851e+06	
      6271.615	     6.20691e+06	
      6273.262	     6.20531e+06	
      6274.854	     6.20377e+06	
      6276.557	     6.20210e+06	
      6278.261	     6.20044e+06	
      6280.076	     6.19868e+06	
      6281.668	     6.19711e+06	
      6283.259	     6.19553e+06	
      6284.627	     6.19422e+06	
      6286.443	     6.19242e+06	
      6288.258	     6.19063e+06	
      6290.521	     6.18840e+06	
      6291.889	     6.18705e+06	
      6293.257	     6.18570e+06	
      6293.729	     6.18523e+06	
      6295.992	     6.18297e+06	
      6298.255	     6.18074e+06	
      6302.310	     6.17669e+06	
      6302.782	     6.17621e+06	
      6303.254	     6.17574e+06	
      6303.918	     6.17508e+06	
      6304.198	     6.17480e+06	
      6306.085	     6.17292e+06	
      6308.253	     6.17072e+06	
      6311.924	     6.16704e+06	
      6312.587	     6.16635e+06	
      6313.251	     6.16569e+06	
      6314.579	     6.16434e+06	
      6316.219	     6.16267e+06	
      6317.234	     6.16164e+06	
      6317.314	     6.16157e+06	
      6318.250	     6.16060e+06	
      6320.281	     6.15856e+06	
      6323.249	     6.15551e+06	
      6328.247	     6.15039e+06	
      6333.246	     6.14521e+06	
      6338.245	     6.14002e+06	
      6343.243	     6.13478e+06	
      6348.242	     6.12953e+06	
      6353.241	     6.12422e+06	
      6358.239	     6.11885e+06	
      6363.238	     6.11345e+06	
      6368.236	     6.10801e+06	
      6373.235	     6.10251e+06	
      6378.234	     6.09698e+06	
      6383.232	     6.09136e+06	
      6388.231	     6.08570e+06	
      6393.230	     6.07999e+06	
      6398.228	     6.07418e+06	
      6403.227	     6.06830e+06	
      6408.226	     6.06236e+06	
      6413.224	     6.05633e+06	
      6418.223	     6.05020e+06	
      6423.222	     6.04398e+06	
      6428.220	     6.03767e+06	
      6433.219	     6.03123e+06	
      6438.218	     6.02470e+06	
      6443.216	     6.01800e+06	
      6448.215	     6.01119e+06	
      6453.214	     6.00424e+06	
      6458.212	     5.99711e+06	
      6463.211	     5.98982e+06	
      6468.210	     5.98235e+06	
      6473.208	     5.97468e+06	
      6478.207	     5.96683e+06	
      6483.205	     5.95872e+06	
      6488.204	     5.95040e+06	
      6493.203	     5.94182e+06	
      6498.201	     5.93296e+06	
      6503.200	     5.92385e+06	
      6508.199	     5.91446e+06	
      6513.197	     5.90478e+06	
      6518.196	     5.89485e+06	
      6523.195	     5.88461e+06	
      6523.719	     5.88354e+06	
      6528.193	     5.87415e+06	
      6532.668	     5.86460e+06	
      6536.095	     5.85719e+06	
      6537.143	     5.85492e+06	
      6537.383	     5.85439e+06	
      6538.191	     5.85263e+06	
      6540.286	     5.84804e+06	
      6543.189	     5.84167e+06	
      6546.457	     5.83447e+06	
      6546.724	     5.83387e+06	
      6548.188	     5.83064e+06	
      6549.918	     5.82677e+06	
      6553.113	     5.81958e+06	
      6554.426	     5.81653e+06	
      6556.306	     5.81201e+06	
      6556.871	     5.81060e+06	
      6557.903	     5.80786e+06	
      6558.185	     5.80708e+06	
      6559.500	     5.80302e+06	
      6560.298	     5.80007e+06	
      6561.096	     5.79624e+06	
      6561.496	     5.79366e+06	
      6561.895	     5.79008e+06	
      6562.094	     5.78754e+06	
      6562.294	     5.78392e+06	
      6562.394	     5.78128e+06	
      6562.494	     5.77770e+06	
      6562.594	     5.77286e+06	
      6562.693	     5.76809e+06	
      6562.793	     5.76555e+06	
      6562.892	     5.76787e+06	
      6562.992	     5.77249e+06	
      6563.092	     5.77717e+06	
      6563.291	     5.78298e+06	
      6563.641	     5.78794e+06	
      6563.687	     5.78838e+06	
      6563.689	     5.78842e+06	
      6563.691	     5.78842e+06	
      6563.741	     5.78889e+06	
      6563.841	     5.78967e+06	
      6564.041	     5.79099e+06	
      6564.294	     5.79231e+06	
      6564.392	     5.79275e+06	
      6564.441	     5.79294e+06	
      6564.490	     5.79313e+06	
      6564.685	     5.79385e+06	
      6565.077	     5.79498e+06	
      6565.636	     5.79624e+06	
      6565.861	     5.79665e+06	
      6566.086	     5.79699e+06	
      6566.536	     5.79765e+06	
      6566.689	     5.79784e+06	
      6567.085	     5.79828e+06	
      6567.436	     5.79866e+06	
      6568.183	     5.79932e+06	
      6569.280	     5.80010e+06	
      6570.478	     5.80079e+06	
      6571.476	     5.80133e+06	
      6572.473	     5.80177e+06	
      6573.270	     5.80211e+06	
      6574.469	     5.80262e+06	
      6575.667	     5.80309e+06	
      6577.950	     5.80394e+06	
      6578.065	     5.80397e+06	
      6578.180	     5.80403e+06	
      6578.410	     5.80409e+06	
      6578.870	     5.80425e+06	
      6579.789	     5.80460e+06	
      6580.079	     5.80469e+06	
      6581.629	     5.80522e+06	
      6583.178	     5.80576e+06	
      6584.378	     5.80613e+06	
      6586.278	     5.80676e+06	
      6587.911	     5.80727e+06	
      6588.177	     5.80736e+06	
      6588.443	     5.80745e+06	
      6588.975	     5.80761e+06	
      6590.039	     5.80793e+06	
      6591.023	     5.80821e+06	
      6592.166	     5.80855e+06	
      6593.014	     5.80877e+06	
      6593.309	     5.80887e+06	
      6595.594	     5.80946e+06	
      6598.174	     5.81006e+06	
      6603.335	     5.81110e+06	
      6613.656	     5.81220e+06	
      6634.299	     5.81060e+06	
      6639.690	     5.80937e+06	
      6675.584	     5.79451e+06	
      6711.477	     5.77151e+06	
      6741.748	     5.74849e+06	
      6783.263	     5.71352e+06	
      6824.779	     5.67617e+06	
      6907.811	     5.59813e+06	
      6990.842	     5.51745e+06	
      7038.601	     5.47039e+06	
      7073.874	     5.43546e+06	
      7109.146	     5.40040e+06	
      7179.691	     5.33059e+06	
      7250.236	     5.26060e+06	
      7320.781	     5.19054e+06	
      7389.137	     5.12369e+06	
      7391.326	     5.12152e+06	
      7393.514	     5.11935e+06	
      7397.891	     5.11502e+06	
      7406.645	     5.10638e+06	
      7424.152	     5.08913e+06	
      7459.167	     5.05463e+06	
      7529.196	     4.98583e+06	
      7599.225	     4.91728e+06	
      7660.626	     4.85744e+06	
      7669.254	     4.84905e+06	
      7677.881	     4.84066e+06	
      7695.137	     4.82407e+06	
      7729.647	     4.79093e+06	
      7798.668	     4.72489e+06	
      7867.690	     4.65930e+06	
      7911.174	     4.61817e+06	
      7936.711	     4.59414e+06	
      7962.248	     4.57014e+06	
      8013.322	     4.52264e+06	
      8046.242	     4.49213e+06	
      8064.396	     4.47539e+06	
      8082.550	     4.45864e+06	
      8118.857	     4.42544e+06	
      8180.092	     4.36974e+06	
      8191.471	     4.35940e+06	
      8200.850	     4.35092e+06	
      8202.850	     4.34913e+06	
      8204.849	     4.34734e+06	
      8208.848	     4.34372e+06	
      8216.846	     4.33653e+06	
      8232.842	     4.32217e+06	
      8264.833	     4.29355e+06	
      8289.715	     4.27137e+06	
      8328.816	     4.23669e+06	
      8343.441	     4.22375e+06	
      8367.916	     4.20216e+06	
      8371.465	     4.19905e+06	
      8388.684	     4.18400e+06	
      8392.391	     4.18077e+06	
      8408.650	     4.16657e+06	
      8413.318	     4.16252e+06	
      8432.024	     4.14624e+06	
      8437.951	     4.14109e+06	
      8467.252	     4.11574e+06	
      8473.978	     4.10993e+06	
      8502.481	     4.08536e+06	
      8516.584	     4.07326e+06	
      8530.983	     4.06092e+06	
      8545.382	     4.04870e+06	
      8549.972	     4.04480e+06	
      8574.180	     4.02432e+06	
      8598.388	     4.00390e+06	
      8628.597	     3.97851e+06	
      8646.805	     3.96328e+06	
      8652.391	     3.95863e+06	
      8665.013	     3.94810e+06	
      8685.587	     3.93098e+06	
      8701.429	     3.91785e+06	
      8750.468	     3.87739e+06	
      8767.917	     3.86306e+06	
      8815.350	     3.82435e+06	
      8862.782	     3.78622e+06	
      8900.383	     3.75625e+06	
      8957.646	     3.71091e+06	
      9014.908	     3.66602e+06	
      9044.624	     3.64293e+06	
      9072.171	     3.62160e+06	
      9099.717	     3.60039e+06	
      9154.810	     3.55861e+06	
      9190.798	     3.53156e+06	
      9209.903	     3.51723e+06	
      9229.009	     3.50300e+06	
      9267.221	     3.47463e+06	
      9303.204	     3.44812e+06	
      9343.644	     3.41852e+06	
      9384.084	     3.38915e+06	
      9464.964	     3.33153e+06	
      9545.723	     3.27486e+06	
      9545.844	     3.27476e+06	
      9545.965	     3.27470e+06	
      9546.207	     3.27451e+06	
      9546.691	     3.27420e+06	
      9546.866	     3.27407e+06	
      9547.658	     3.27351e+06	
      9549.594	     3.27216e+06	
      9553.465	     3.26949e+06	
      9561.207	     3.26411e+06	
      9576.691	     3.25337e+06	
      9607.658	     3.23201e+06	
      9668.451	     3.19041e+06	
      9729.243	     3.14967e+06	
      9790.036	     3.10937e+06	
      9850.828	     3.06956e+06	
      9870.422	     3.05683e+06	
      9911.620	     3.03023e+06	
      9952.819	     3.00385e+06	
     10021.070	     2.96097e+06	
     10035.217	     2.95215e+06	
     10049.364	     2.94335e+06	
     10077.658	     2.92585e+06	
     10134.247	     2.89113e+06	
     10144.484	     2.88489e+06	
     10190.835	     2.85681e+06	
     10237.187	     2.82899e+06	
     10329.890	     2.77522e+06	
     10422.592	     2.72242e+06	
     10515.295	     2.67060e+06	
     10607.998	     2.61975e+06	
     10700.701	     2.56985e+06	
     10793.403	     2.52091e+06	
     10834.127	     2.49971e+06	
     10886.106	     2.47290e+06	
     10938.085	     2.44638e+06	
     10990.064	     2.42018e+06	
     11042.043	     2.39425e+06	
     11094.022	     2.36861e+06	
     11146.000	     2.34325e+06	
     11197.979	     2.31817e+06	
     11239.008	     2.29858e+06	
     11249.958	     2.29338e+06	
     11260.908	     2.28819e+06	
     11282.808	     2.27819e+06	
     11326.608	     2.25832e+06	
     11414.209	     2.21912e+06	
     11501.809	     2.18062e+06	
     11589.411	     2.14280e+06	
     11677.011	     2.10566e+06	
     11764.612	     2.06918e+06	
     11852.212	     2.03337e+06	
     11939.813	     1.99821e+06	
     12027.413	     1.96368e+06	
     12115.014	     1.92980e+06	
     12120.600	     1.92766e+06	
     12202.614	     1.89654e+06	
     12284.629	     1.86595e+06	
     12366.644	     1.83707e+06	
     12448.658	     1.80864e+06	
     12530.673	     1.78067e+06	
     12612.688	     1.75315e+06	
     12694.701	     1.72608e+06	
     12735.367	     1.71281e+06	
     12776.716	     1.69943e+06	
     12818.066	     1.68614e+06	
     12900.764	     1.66002e+06	
     12983.464	     1.63431e+06	
     13066.162	     1.60902e+06	
     13148.861	     1.58415e+06	
     13154.771	     1.58239e+06	
     13231.560	     1.55970e+06	
     13308.350	     1.53735e+06	
     13385.140	     1.51640e+06	
     13461.929	     1.49574e+06	
     13538.719	     1.47537e+06	
     13615.509	     1.45529e+06	
     13692.299	     1.43551e+06	
     13769.088	     1.41600e+06	
     13845.878	     1.39677e+06	
     13922.668	     1.37782e+06	
     13999.458	     1.35914e+06	
     14076.247	     1.34074e+06	
     14153.038	     1.32260e+06	
     14229.828	     1.30473e+06	
     14281.164	     1.29293e+06	
     14306.618	     1.28712e+06	
     14332.071	     1.28133e+06	
     14382.978	     1.27019e+06	
     14410.128	     1.26428e+06	
     14427.096	     1.26061e+06	
     14433.884	     1.25914e+06	
     14457.640	     1.25402e+06	
     14505.152	     1.24392e+06	
     14581.211	     1.22792e+06	
     14583.210	     1.22750e+06	
     14585.210	     1.22708e+06	
     14589.208	     1.22627e+06	
     14597.206	     1.22464e+06	
     14613.202	     1.22139e+06	
     14645.193	     1.21492e+06	
     14709.176	     1.20207e+06	
     14773.158	     1.18936e+06	
     14837.141	     1.17678e+06	
     14901.123	     1.16434e+06	
     14965.106	     1.15203e+06	
     15029.088	     1.13986e+06	
     15093.071	     1.12782e+06	
     15157.054	     1.11590e+06	
     15221.036	     1.10412e+06	
     15285.019	     1.09246e+06	
     15349.001	     1.08093e+06	
     15412.984	     1.06953e+06	
     15471.572	     1.05920e+06	
     15476.966	     1.05825e+06	
     15482.361	     1.05731e+06	
     15493.150	     1.05537e+06	
     15514.728	     1.05151e+06	
     15557.884	     1.04383e+06	
     15644.197	     1.02865e+06	
     15730.509	     1.01370e+06	
     15816.821	     9.98986e+05	
     15903.134	     9.84506e+05	
     15989.446	     9.70256e+05	
     16075.759	     9.56229e+05	
     16162.071	     9.42421e+05	
     16248.384	     9.28834e+05	
     16289.880	     9.22378e+05	
     16334.696	     9.15460e+05	
     16379.512	     9.08602e+05	
     16469.143	     8.93013e+05	
     16558.775	     8.77752e+05	
     16648.406	     8.62804e+05	
     16738.038	     8.48167e+05	
     16827.669	     8.33832e+05	
     16917.301	     8.19789e+05	
     17006.933	     8.06035e+05	
     17096.564	     7.92561e+05	
     17186.196	     7.79363e+05	
     17275.827	     7.66429e+05	
     17327.685	     7.59065e+05	
     17365.459	     7.53759e+05	
     17403.232	     7.48494e+05	
     17478.780	     7.38095e+05	
     17554.327	     7.27869e+05	
     17629.874	     7.17819e+05	
     17705.422	     7.07939e+05	
     17780.969	     6.98222e+05	
     17856.517	     6.88669e+05	
     17932.064	     6.79272e+05	
     18007.611	     6.69630e+05	
     18083.159	     6.60504e+05	
     18158.706	     6.51519e+05	
     18234.253	     6.42676e+05	
     18309.801	     6.33964e+05	
     18343.743	     6.30097e+05	
     18385.348	     6.25387e+05	
     18426.953	     6.20719e+05	
     18510.162	     6.11505e+05	
     18593.371	     6.02451e+05	
     18602.053	     6.01514e+05	
     18676.581	     5.93569e+05	
     18751.108	     5.85744e+05	
     18825.636	     5.78248e+05	
     18900.163	     5.70862e+05	
     18974.691	     5.63599e+05	
     19049.219	     5.56445e+05	
     19123.746	     5.49392e+05	
     19198.274	     5.42437e+05	
     19272.802	     5.35579e+05	
     19347.329	     5.28818e+05	
     19393.041	     5.24721e+05	
     19421.857	     5.22155e+05	
     19450.673	     5.19607e+05	
     19508.305	     5.14549e+05	
     19565.938	     5.09780e+05	
     19623.570	     5.04813e+05	
     19681.202	     4.99909e+05	
     19738.834	     4.95062e+05	
     19796.467	     4.90271e+05	
     19854.099	     4.85536e+05	
     19911.731	     4.80862e+05	
     19969.363	     4.76237e+05	
     20026.996	     4.71672e+05	
     20084.628	     4.67158e+05	
     20142.260	     4.62697e+05	
     20199.892	     4.58289e+05	
     20257.525	     4.53932e+05	
     20315.157	     4.49625e+05	
     20372.789	     4.45368e+05	
     20386.449	     4.44366e+05	
     20430.421	     4.41161e+05	
     20474.393	     4.37985e+05	
     20562.337	     4.31718e+05	
     20650.280	     4.25560e+05	
     20738.224	     4.19509e+05	
     20826.167	     4.13566e+05	
     20914.111	     4.07725e+05	
     21002.055	     4.01986e+05	
     21089.998	     3.96343e+05	
     21177.942	     3.90802e+05	
     21265.885	     3.85351e+05	
     21353.829	     3.79998e+05	
     21441.773	     3.74732e+05	
     21529.716	     3.69558e+05	
     21604.704	     3.65216e+05	
     21617.660	     3.64472e+05	
     21630.617	     3.63730e+05	
     21656.529	     3.62254e+05	
     21708.356	     3.59320e+05	
     21760.182	     3.56414e+05	
     21812.008	     3.53539e+05	
     21863.835	     3.50690e+05	
     21915.661	     3.47872e+05	
     21967.487	     3.45082e+05	
     22019.313	     3.42317e+05	
     22071.139	     3.39581e+05	
     22122.966	     3.36870e+05	
     22174.792	     3.34187e+05	
     22226.619	     3.31532e+05	
     22278.445	     3.28900e+05	
     22330.271	     3.26295e+05	
     22382.097	     3.23716e+05	
     22433.923	     3.21162e+05	
     22485.750	     3.18633e+05	
     22537.576	     3.16126e+05	
     22589.403	     3.13647e+05	
     22641.228	     3.11190e+05	
     22693.054	     3.08757e+05	
     22702.925	     3.08296e+05	
     22744.881	     3.06347e+05	
     22784.838	     3.04505e+05	
     22786.838	     3.04413e+05	
     22788.837	     3.04321e+05	
     22792.836	     3.04138e+05	
     22800.834	     3.03772e+05	
     22816.829	     3.03040e+05	
     22848.821	     3.01585e+05	
     22912.803	     2.98699e+05	
     22976.786	     2.95847e+05	
     23040.768	     2.93029e+05	
     23104.751	     2.90244e+05	
     23168.733	     2.87492e+05	
     23232.716	     2.84771e+05	
     23296.698	     2.82083e+05	
     23360.681	     2.79426e+05	
     23424.663	     2.76799e+05	
     23488.646	     2.74203e+05	
     23552.628	     2.71637e+05	
     23616.611	     2.69101e+05	
     23680.593	     2.66593e+05	
     23744.576	     2.64115e+05	
     23808.558	     2.61665e+05	
     23872.541	     2.59243e+05	
     23936.523	     2.56849e+05	
     24000.506	     2.54482e+05	
     24064.488	     2.52141e+05	
     24128.471	     2.49828e+05	
     24192.453	     2.47541e+05	
     24256.436	     2.45279e+05	
     24320.419	     2.43043e+05	
     24384.401	     2.40832e+05	
     24448.384	     2.38645e+05	
     24512.366	     2.36484e+05	
     24576.349	     2.34346e+05	
     24640.331	     2.32232e+05	
     24704.314	     2.30142e+05	
     24768.296	     2.28076e+05	
     24832.279	     2.26032e+05	
     24896.261	     2.24010e+05	
     24960.244	     2.22011e+05	
     25004.437	     2.20643e+05	
     25024.226	     2.20034e+05	
     25044.016	     2.19427e+05	
     25083.595	     2.18219e+05	
     25162.753	     2.15829e+05	
     25241.912	     2.13471e+05	
     25321.070	     2.11145e+05	
     25400.228	     2.08850e+05	
     25479.387	     2.06585e+05	
     25558.545	     2.04351e+05	
     25637.703	     2.02147e+05	
     25716.862	     1.99972e+05	
     25796.020	     1.97827e+05	
     25875.179	     1.95709e+05	
     25954.337	     1.93620e+05	
     26033.495	     1.91558e+05	
     26112.654	     1.89523e+05	
     26191.812	     1.87515e+05	
     26270.970	     1.85533e+05	
     26350.129	     1.83577e+05	
     26429.287	     1.81646e+05	
     26508.445	     1.79741e+05	
     26587.604	     1.77860e+05	
     26666.762	     1.76003e+05	
     26745.921	     1.74171e+05	
     26825.079	     1.72362e+05	
     26904.237	     1.70576e+05	
     26983.396	     1.68813e+05	
     27062.554	     1.67073e+05	
     27141.712	     1.65355e+05	
     27142.547	     1.65337e+05	
     27220.871	     1.63658e+05	
     27299.194	     1.62001e+05	
     27377.518	     1.60365e+05	
     27455.842	     1.58750e+05	
     27534.165	     1.57155e+05	
     27612.489	     1.55579e+05	
     27690.812	     1.54023e+05	
     27769.136	     1.52486e+05	
     27847.459	     1.50968e+05	
     27925.783	     1.49469e+05	
     28004.107	     1.47988e+05	
     28082.430	     1.46526e+05	
     28160.754	     1.45081e+05	
     28239.077	     1.43654e+05	
     28317.401	     1.42244e+05	
     28395.725	     1.40852e+05	
     28474.048	     1.39476e+05	
     28552.372	     1.38117e+05	
     28630.695	     1.36774e+05	
     28709.019	     1.35448e+05	
     28787.343	     1.34137e+05	
     28865.666	     1.32842e+05	
     28943.990	     1.31562e+05	
     29022.313	     1.30298e+05	
     29100.637	     1.29048e+05	
     29178.961	     1.27814e+05	
     29257.284	     1.26594e+05	
     29335.608	     1.25389e+05	
     29413.931	     1.24198e+05	
     29492.255	     1.23020e+05	
     29570.578	     1.21857e+05	
     29648.902	     1.20707e+05	
     29727.226	     1.19571e+05	
     29805.549	     1.18447e+05	
     29883.873	     1.17337e+05	
     29932.600	     1.16653e+05	
     29962.196	     1.16240e+05	
     29991.792	     1.15829e+05	
#time:0.038040
