# Koester WD models
# teff = 5250 K (value for the effective temperature for the model. Temperatures are given in K)
# logg = 8.5 log(cm/s2) (value for Log(G) for the model.)
#
#   WAVELENGTH	#           FLUX	
#   (ANGSTROM)	#  (ERG/CM2/S/A)	
##############	################	
       899.230	     7.29201e-04	
       900.630	     7.65974e-04	
       902.031	     8.04464e-04	
       902.627	     8.21407e-04	
       903.431	     8.44752e-04	
       904.235	     8.68716e-04	
       905.843	     9.18558e-04	
       907.451	     9.71051e-04	
       908.875	     1.01991e-03	
       909.059	     1.02632e-03	
       909.180	     1.03062e-03	
       909.241	     1.03278e-03	
       909.606	     1.04580e-03	
       909.733	     1.05038e-03	
       910.032	     1.06120e-03	
       910.783	     1.08889e-03	
       910.884	     1.09262e-03	
       912.034	     1.13643e-03	
       913.037	     1.17596e-03	
       913.241	     1.18417e-03	
       913.284	     1.18590e-03	
       913.478	     1.19376e-03	
       913.531	     1.19592e-03	
       913.755	     1.20503e-03	
       913.822	     1.20778e-03	
       914.080	     1.21843e-03	
       914.165	     1.22195e-03	
       914.499	     1.23590e-03	
       914.575	     1.23910e-03	
       915.071	     1.26009e-03	
       915.540	     1.28029e-03	
       915.609	     1.28324e-03	
       915.643	     1.28472e-03	
       915.677	     1.28620e-03	
       915.741	     1.28899e-03	
       915.813	     1.29214e-03	
       916.085	     1.30409e-03	
       916.429	     1.31936e-03	
       916.858	     1.33858e-03	
       917.118	     1.35038e-03	
       917.196	     1.35394e-03	
       917.378	     1.36228e-03	
       917.899	     1.38638e-03	
       917.952	     1.38886e-03	
       918.287	     1.40462e-03	
       918.602	     1.41954e-03	
       919.251	     1.45085e-03	
       920.215	     1.49849e-03	
       921.882	     1.58431e-03	
       921.999	     1.59051e-03	
       922.143	     1.59818e-03	
       922.405	     1.61215e-03	
       922.810	     1.63406e-03	
       923.621	     1.67865e-03	
       925.001	     1.75730e-03	
       925.242	     1.77142e-03	
       925.484	     1.78562e-03	
       925.564	     1.79035e-03	
       925.966	     1.81424e-03	
       926.164	     1.82593e-03	
       926.369	     1.83800e-03	
       927.173	     1.88625e-03	
       927.276	     1.89247e-03	
       928.182	     1.94845e-03	
       928.917	     1.99621e-03	
       928.980	     2.00053e-03	
       929.089	     2.00816e-03	
       929.261	     2.02041e-03	
       929.317	     2.02442e-03	
       929.543	     2.04060e-03	
       929.655	     2.04833e-03	
       929.769	     2.05603e-03	
       929.827	     2.05994e-03	
       929.883	     2.06372e-03	
       929.910	     2.06555e-03	
       929.939	     2.06751e-03	
       929.954	     2.06853e-03	
       929.968	     2.06948e-03	
       929.982	     2.07043e-03	
       929.996	     2.07138e-03	
       930.010	     2.07233e-03	
       930.024	     2.07328e-03	
       930.038	     2.07423e-03	
       930.052	     2.07518e-03	
       930.081	     2.07715e-03	
       930.137	     2.08097e-03	
       930.201	     2.08533e-03	
       930.247	     2.08847e-03	
       930.249	     2.08861e-03	
       930.251	     2.08875e-03	
       930.301	     2.09217e-03	
       930.326	     2.09380e-03	
       930.329	     2.09400e-03	
       930.402	     2.09894e-03	
       930.478	     2.10392e-03	
       930.630	     2.11324e-03	
       930.931	     2.13007e-03	
       931.229	     2.14626e-03	
       931.534	     2.16324e-03	
       931.838	     2.18064e-03	
       932.142	     2.18888e-03	
       932.447	     2.20339e-03	
       932.707	     2.21824e-03	
       932.751	     2.22093e-03	
       933.055	     2.24048e-03	
       933.265	     2.25479e-03	
       933.403	     2.26450e-03	
       933.432	     2.26652e-03	
       933.542	     2.27453e-03	
       933.652	     2.28265e-03	
       933.872	     2.29916e-03	
       933.973	     2.30691e-03	
       934.073	     2.31472e-03	
       934.312	     2.33391e-03	
       934.316	     2.33424e-03	
       934.652	     2.36251e-03	
       934.773	     2.37300e-03	
       935.230	     2.41581e-03	
       935.687	     2.46421e-03	
       936.144	     2.51777e-03	
       936.372	     2.54392e-03	
       936.601	     2.56655e-03	
       936.714	     2.57627e-03	
       936.829	     2.58586e-03	
       936.887	     2.59070e-03	
       936.944	     2.59547e-03	
       936.973	     2.59790e-03	
       937.001	     2.60024e-03	
       937.015	     2.60141e-03	
       937.029	     2.60259e-03	
       937.043	     2.60376e-03	
       937.058	     2.60502e-03	
       937.072	     2.60620e-03	
       937.086	     2.60737e-03	
       937.101	     2.60863e-03	
       937.115	     2.60981e-03	
       937.143	     2.61217e-03	
       937.200	     2.61697e-03	
       937.314	     2.62660e-03	
       937.493	     2.64163e-03	
       937.542	     2.64558e-03	
       937.593	     2.64948e-03	
       937.694	     2.65642e-03	
       937.788	     2.66206e-03	
       937.894	     2.66774e-03	
       938.000	     2.67265e-03	
       938.212	     2.68197e-03	
       938.359	     2.68822e-03	
       938.556	     2.69767e-03	
       938.636	     2.70170e-03	
       938.914	     2.71695e-03	
       939.271	     2.73996e-03	
       939.986	     2.79333e-03	
       940.580	     2.84302e-03	
       940.660	     2.84997e-03	
       940.675	     2.85128e-03	
       940.700	     2.85346e-03	
       940.740	     2.85697e-03	
       940.787	     2.86113e-03	
       940.901	     2.87121e-03	
       941.221	     2.90034e-03	
       941.861	     2.96056e-03	
       941.918	     2.96594e-03	
       943.048	     3.07699e-03	
       943.457	     3.12175e-03	
       944.178	     3.19607e-03	
       944.382	     3.21693e-03	
       945.308	     3.31218e-03	
       945.770	     3.36210e-03	
       946.233	     3.41541e-03	
       946.696	     3.47344e-03	
       947.158	     3.53948e-03	
       947.621	     3.61211e-03	
       948.083	     3.68792e-03	
       948.314	     3.72257e-03	
       948.546	     3.75254e-03	
       948.661	     3.76624e-03	
       948.777	     3.77996e-03	
       948.835	     3.78688e-03	
       948.893	     3.79376e-03	
       948.922	     3.79721e-03	
       948.951	     3.80067e-03	
       948.966	     3.80246e-03	
       948.980	     3.80412e-03	
       948.994	     3.80579e-03	
       949.009	     3.80758e-03	
       949.023	     3.80924e-03	
       949.037	     3.81094e-03	
       949.052	     3.81273e-03	
       949.066	     3.81440e-03	
       949.095	     3.81785e-03	
       949.153	     3.82483e-03	
       949.230	     3.83406e-03	
       949.258	     3.83742e-03	
       949.269	     3.83874e-03	
       949.280	     3.84006e-03	
       949.330	     3.84609e-03	
       949.360	     3.84971e-03	
       949.430	     3.85813e-03	
       949.500	     3.86645e-03	
       949.640	     3.88222e-03	
       949.795	     3.89752e-03	
       949.879	     3.90481e-03	
       949.921	     3.90833e-03	
       949.963	     3.91157e-03	
       950.047	     3.91775e-03	
       950.131	     3.92366e-03	
       950.467	     3.94631e-03	
       950.888	     3.97763e-03	
       951.308	     4.01392e-03	
       951.728	     4.05784e-03	
       952.149	     4.10700e-03	
       952.400	     4.13886e-03	
       952.569	     4.16110e-03	
       952.738	     4.18397e-03	
       953.076	     4.23169e-03	
       953.753	     4.33276e-03	
       954.198	     4.40338e-03	
       954.430	     4.44052e-03	
       955.106	     4.55132e-03	
       956.014	     4.70526e-03	
       956.370	     4.76661e-03	
       957.830	     5.01907e-03	
       958.148	     5.07590e-03	
       959.289	     5.28064e-03	
       960.430	     5.49110e-03	
       961.192	     5.63316e-03	
       962.712	     5.92087e-03	
       963.468	     6.06855e-03	
       964.231	     6.22004e-03	
       965.750	     6.52836e-03	
       966.767	     6.74148e-03	
       968.032	     7.01235e-03	
       968.668	     7.15055e-03	
       968.979	     7.21863e-03	
       969.297	     7.28824e-03	
       969.453	     7.32217e-03	
       969.927	     7.42412e-03	
       970.400	     7.51934e-03	
       970.638	     7.55908e-03	
       970.874	     7.58663e-03	
       970.992	     7.59131e-03	
       971.110	     7.58632e-03	
       971.230	     7.56279e-03	
       971.348	     7.51610e-03	
       971.535	     7.43464e-03	
       971.567	     7.43508e-03	
       971.584	     7.44005e-03	
       971.635	     7.47435e-03	
       971.644	     7.48428e-03	
       971.703	     7.56351e-03	
       971.732	     7.60171e-03	
       971.762	     7.62553e-03	
       971.778	     7.63112e-03	
       971.792	     7.63445e-03	
       971.806	     7.63765e-03	
       971.821	     7.64104e-03	
       971.827	     7.64243e-03	
       971.833	     7.64378e-03	
       971.836	     7.64447e-03	
       971.839	     7.64516e-03	
       971.851	     7.64789e-03	
       971.866	     7.65132e-03	
       971.880	     7.65449e-03	
       971.910	     7.66033e-03	
       971.969	     7.63118e-03	
       972.037	     7.56973e-03	
       972.087	     7.55412e-03	
       972.137	     7.56753e-03	
       972.150	     7.57447e-03	
       972.237	     7.64686e-03	
       972.324	     7.73369e-03	
       972.499	     7.87905e-03	
       972.548	     7.91232e-03	
       972.673	     7.98002e-03	
       972.798	     8.03613e-03	
       972.923	     8.08470e-03	
       973.173	     8.16836e-03	
       973.423	     8.24307e-03	
       973.601	     8.29302e-03	
       973.673	     8.31291e-03	
       973.746	     8.33263e-03	
       973.869	     8.36606e-03	
       973.890	     8.37178e-03	
       974.178	     8.44900e-03	
       974.754	     8.60099e-03	
       975.518	     8.80384e-03	
       975.640	     8.83658e-03	
       977.411	     9.32035e-03	
       979.305	     9.85939e-03	
       981.198	     1.04247e-02	
       982.260	     1.07540e-02	
       983.092	     1.10182e-02	
       983.923	     1.12883e-02	
       984.555	     1.14974e-02	
       985.587	     1.18469e-02	
       986.618	     1.22062e-02	
       988.051	     1.27219e-02	
       988.682	     1.29552e-02	
       989.312	     1.31926e-02	
       990.573	     1.36797e-02	
       992.310	     1.43774e-02	
       992.450	     1.44351e-02	
       993.095	     1.47030e-02	
       993.880	     1.50349e-02	
       993.950	     1.50648e-02	
       995.449	     1.57192e-02	
       996.948	     1.63994e-02	
       997.574	     1.66916e-02	
       997.806	     1.68010e-02	
       998.447	     1.71064e-02	
       999.319	     1.75308e-02	
       999.435	     1.75880e-02	
      1001.064	     1.84079e-02	
      1002.694	     1.92625e-02	
      1004.323	     2.01533e-02	
      1005.836	     2.10146e-02	
      1005.952	     2.10820e-02	
      1007.581	     2.20498e-02	
      1009.326	     2.31318e-02	
      1011.071	     2.42622e-02	
      1011.303	     2.44164e-02	
      1012.816	     2.54431e-02	
      1014.329	     2.65097e-02	
      1015.378	     2.72735e-02	
      1015.842	     2.76185e-02	
      1017.355	     2.87684e-02	
      1017.620	     2.89756e-02	
      1019.046	     3.01058e-02	
      1019.332	     3.03369e-02	
      1021.044	     3.17489e-02	
      1022.044	     3.25846e-02	
      1022.543	     3.29883e-02	
      1023.043	     3.33860e-02	
      1023.292	     3.35767e-02	
      1023.542	     3.37234e-02	
      1023.791	     3.38488e-02	
      1023.991	     3.38833e-02	
      1024.041	     3.38858e-02	
      1024.091	     3.38814e-02	
      1024.191	     3.38541e-02	
      1024.242	     3.38302e-02	
      1024.391	     3.37008e-02	
      1024.540	     3.34564e-02	
      1024.588	     3.33599e-02	
      1024.690	     3.32013e-02	
      1024.791	     3.32377e-02	
      1024.852	     3.34303e-02	
      1024.869	     3.35104e-02	
      1024.892	     3.36286e-02	
      1024.915	     3.37570e-02	
      1024.947	     3.39107e-02	
      1024.978	     3.40021e-02	
      1024.993	     3.40238e-02	
      1025.009	     3.40395e-02	
      1025.025	     3.40539e-02	
      1025.040	     3.40674e-02	
      1025.056	     3.40819e-02	
      1025.072	     3.40963e-02	
      1025.087	     3.41098e-02	
      1025.103	     3.41243e-02	
      1025.134	     3.41519e-02	
      1025.196	     3.40966e-02	
      1025.271	     3.38368e-02	
      1025.320	     3.37307e-02	
      1025.371	     3.37313e-02	
      1025.471	     3.39597e-02	
      1025.521	     3.41394e-02	
      1025.571	     3.43298e-02	
      1025.621	     3.45230e-02	
      1025.721	     3.48742e-02	
      1025.772	     3.50278e-02	
      1025.921	     3.54186e-02	
      1026.070	     3.57372e-02	
      1026.219	     3.60058e-02	
      1026.518	     3.64576e-02	
      1026.563	     3.65166e-02	
      1026.816	     3.68477e-02	
      1027.069	     3.71336e-02	
      1027.575	     3.76834e-02	
      1028.109	     3.82571e-02	
      1028.588	     3.87603e-02	
      1028.796	     3.89774e-02	
      1029.067	     3.92599e-02	
      1029.338	     3.95435e-02	
      1029.881	     4.01147e-02	
      1030.965	     4.12771e-02	
      1033.082	     4.36264e-02	
      1033.135	     4.36857e-02	
      1033.187	     4.37448e-02	
      1033.230	     4.37938e-02	
      1033.291	     4.38635e-02	
      1033.499	     4.41020e-02	
      1033.915	     4.45820e-02	
      1034.747	     4.55562e-02	
      1036.265	     4.73840e-02	
      1037.783	     4.92781e-02	
      1039.172	     5.10713e-02	
      1039.258	     5.11841e-02	
      1039.301	     5.12406e-02	
      1039.344	     5.12975e-02	
      1039.504	     5.15086e-02	
      1039.516	     5.15246e-02	
      1039.860	     5.19817e-02	
      1040.549	     5.29069e-02	
      1041.925	     5.48029e-02	
      1044.347	     5.82891e-02	
      1046.768	     6.19777e-02	
      1049.029	     6.56147e-02	
      1049.189	     6.58795e-02	
      1049.349	     6.61450e-02	
      1049.670	     6.66797e-02	
      1050.310	     6.77607e-02	
      1051.591	     6.99708e-02	
      1053.952	     7.42201e-02	
      1054.152	     7.45908e-02	
      1054.352	     7.49634e-02	
      1054.752	     7.57133e-02	
      1054.952	     7.60909e-02	
      1055.553	     7.72342e-02	
      1057.153	     8.03597e-02	
      1059.355	     8.48472e-02	
      1061.556	     8.95624e-02	
      1063.156	     9.31397e-02	
      1063.757	     9.45139e-02	
      1064.357	     9.59065e-02	
      1065.558	     9.87481e-02	
      1066.558	     1.01174e-01	
      1067.959	     1.04662e-01	
      1069.359	     1.08260e-01	
      1069.960	     1.09838e-01	
      1072.161	     1.15805e-01	
      1074.362	     1.22068e-01	
      1076.563	     1.28638e-01	
      1078.163	     1.33617e-01	
      1078.687	     1.35285e-01	
      1078.764	     1.35530e-01	
      1078.980	     1.36225e-01	
      1079.364	     1.37468e-01	
      1080.565	     1.41415e-01	
      1080.712	     1.41903e-01	
      1082.442	     1.47793e-01	
      1084.173	     1.53902e-01	
      1085.905	     1.60241e-01	
      1087.637	     1.66817e-01	
      1089.318	     1.73441e-01	
      1089.367	     1.73638e-01	
      1089.418	     1.73843e-01	
      1089.518	     1.74246e-01	
      1089.718	     1.75054e-01	
      1090.119	     1.76681e-01	
      1090.669	     1.78940e-01	
      1090.919	     1.79976e-01	
      1092.520	     1.86736e-01	
      1094.370	     1.94839e-01	
      1096.221	     2.03262e-01	
      1096.771	     2.05829e-01	
      1098.072	     2.12015e-01	
      1099.372	     2.18371e-01	
      1099.573	     2.19362e-01	
      1101.974	     2.31585e-01	
      1104.374	     2.44433e-01	
      1106.775	     2.57931e-01	
      1108.976	     2.70898e-01	
      1109.176	     2.72105e-01	
      1109.376	     2.73318e-01	
      1109.777	     2.75764e-01	
      1109.977	     2.76994e-01	
      1110.577	     2.80715e-01	
      1112.177	     2.90862e-01	
      1114.378	     3.05359e-01	
      1116.579	     3.20512e-01	
      1118.180	     3.31956e-01	
      1118.684	     3.35638e-01	
      1118.780	     3.36345e-01	
      1119.380	     3.40784e-01	
      1120.076	     3.45999e-01	
      1121.469	     3.56652e-01	
      1123.778	     3.74974e-01	
      1124.254	     3.78854e-01	
      1124.730	     3.82769e-01	
      1125.682	     3.90701e-01	
      1125.790	     3.91612e-01	
      1127.075	     4.02573e-01	
      1127.587	     4.07022e-01	
      1127.845	     4.09280e-01	
      1129.384	     4.22975e-01	
      1129.769	     4.26465e-01	
      1131.692	     4.44303e-01	
      1133.616	     4.62813e-01	
      1135.540	     4.82027e-01	
      1137.463	     5.01954e-01	
      1139.387	     5.22623e-01	
      1141.310	     5.44055e-01	
      1142.080	     5.52839e-01	
      1143.234	     5.66263e-01	
      1144.004	     5.75380e-01	
      1144.388	     5.79969e-01	
      1146.697	     6.08215e-01	
      1149.390	     6.42547e-01	
      1149.774	     6.47561e-01	
      1152.083	     6.78418e-01	
      1154.391	     7.10427e-01	
      1156.700	     7.43386e-01	
      1158.625	     7.71610e-01	
      1159.001	     7.77164e-01	
      1159.009	     7.77283e-01	
      1159.393	     7.82989e-01	
      1160.161	     7.94455e-01	
      1161.697	     8.17647e-01	
      1164.394	     8.58937e-01	
      1169.395	     9.37288e-01	
      1171.896	     9.77148e-01	
      1174.397	     1.01893e+00	
      1175.647	     1.04152e+00	
      1176.897	     1.06568e+00	
      1177.860	     1.08538e+00	
      1178.148	     1.09142e+00	
      1179.398	     1.11847e+00	
      1180.936	     1.15320e+00	
      1182.858	     1.19854e+00	
      1184.013	     1.22645e+00	
      1185.168	     1.25481e+00	
      1185.558	     1.26447e+00	
      1187.479	     1.31310e+00	
      1189.400	     1.36322e+00	
      1191.322	     1.41503e+00	
      1192.085	     1.43617e+00	
      1193.243	     1.46888e+00	
      1194.034	     1.49155e+00	
      1194.402	     1.50220e+00	
      1196.718	     1.57073e+00	
      1196.902	     1.57627e+00	
      1199.403	     1.65321e+00	
      1201.903	     1.73432e+00	
      1204.404	     1.82107e+00	
      1206.904	     1.91310e+00	
      1208.485	     1.97329e+00	
      1209.405	     2.00897e+00	
      1210.325	     2.04494e+00	
      1211.639	     2.09641e+00	
      1212.165	     2.11693e+00	
      1212.691	     2.13749e+00	
      1213.613	     2.17383e+00	
      1213.744	     2.17905e+00	
      1213.807	     2.18156e+00	
      1213.875	     2.18427e+00	
      1214.137	     2.19475e+00	
      1214.171	     2.19612e+00	
      1214.467	     2.20802e+00	
      1214.615	     2.21399e+00	
      1214.763	     2.21998e+00	
      1214.837	     2.22298e+00	
      1214.911	     2.22598e+00	
      1214.948	     2.22749e+00	
      1214.985	     2.22899e+00	
      1215.004	     2.22976e+00	
      1215.022	     2.23050e+00	
      1215.040	     2.23123e+00	
      1215.059	     2.23200e+00	
      1215.077	     2.23274e+00	
      1215.095	     2.23347e+00	
      1215.114	     2.23424e+00	
      1215.132	     2.23498e+00	
      1215.169	     2.23648e+00	
      1215.243	     2.23950e+00	
      1215.391	     2.24555e+00	
      1215.637	     2.25564e+00	
      1215.687	     2.25770e+00	
      1215.737	     2.25976e+00	
      1215.795	     2.26214e+00	
      1215.837	     2.26388e+00	
      1216.037	     2.27213e+00	
      1216.064	     2.27325e+00	
      1216.279	     2.28217e+00	
      1216.763	     2.30235e+00	
      1217.462	     2.33177e+00	
      1218.315	     2.36801e+00	
      1218.861	     2.39117e+00	
      1218.985	     2.39637e+00	
      1219.407	     2.41398e+00	
      1219.829	     2.43122e+00	
      1220.104	     2.44235e+00	
      1220.673	     2.46507e+00	
      1222.361	     2.53174e+00	
      1224.619	     2.62435e+00	
      1226.876	     2.72375e+00	
      1228.858	     2.81703e+00	
      1229.134	     2.83043e+00	
      1229.409	     2.84381e+00	
      1229.740	     2.86012e+00	
      1229.959	     2.87095e+00	
      1230.178	     2.88177e+00	
      1230.616	     2.90371e+00	
      1231.492	     2.94825e+00	
      1231.694	     2.95865e+00	
      1233.244	     3.03976e+00	
      1234.794	     3.12318e+00	
      1236.380	     3.21080e+00	
      1237.895	     3.29679e+00	
      1239.410	     3.38497e+00	
      1240.470	     3.44784e+00	
      1242.441	     3.56772e+00	
      1244.411	     3.69162e+00	
      1247.291	     3.87990e+00	
      1248.352	     3.95134e+00	
      1248.652	     3.97176e+00	
      1249.412	     4.02394e+00	
      1251.532	     4.17273e+00	
      1251.912	     4.19990e+00	
      1254.413	     4.38277e+00	
      1256.913	     4.57290e+00	
      1259.413	     4.77007e+00	
      1261.914	     4.97619e+00	
      1264.414	     5.19214e+00	
      1266.914	     5.41944e+00	
      1269.415	     5.65782e+00	
      1271.915	     5.90723e+00	
      1274.415	     6.16877e+00	
      1276.915	     6.43844e+00	
      1279.416	     6.71946e+00	
      1281.916	     7.00918e+00	
      1284.416	     7.30863e+00	
      1286.917	     7.61833e+00	
      1289.417	     7.93880e+00	
      1291.917	     8.26704e+00	
      1294.417	     8.60686e+00	
      1296.918	     8.95860e+00	
      1299.418	     9.32299e+00	
      1301.918	     9.70425e+00	
      1304.418	     1.00989e+01	
      1306.919	     1.05057e+01	
      1309.419	     1.09267e+01	
      1311.919	     1.13587e+01	
      1314.419	     1.18050e+01	
      1316.919	     1.22672e+01	
      1319.420	     1.27462e+01	
      1321.920	     1.32418e+01	
      1324.420	     1.37552e+01	
      1326.920	     1.42907e+01	
      1329.420	     1.48444e+01	
      1334.421	     1.59950e+01	
      1339.421	     1.72188e+01	
      1341.921	     1.78593e+01	
      1344.421	     1.85208e+01	
      1346.921	     1.92110e+01	
      1349.421	     1.99248e+01	
      1354.422	     2.14234e+01	
      1359.422	     2.30219e+01	
      1364.422	     2.47051e+01	
      1365.191	     2.49720e+01	
      1369.422	     2.64861e+01	
      1373.653	     2.80849e+01	
      1376.346	     2.91547e+01	
      1377.884	     2.97816e+01	
      1379.422	     3.04207e+01	
      1380.574	     3.09073e+01	
      1382.499	     3.17351e+01	
      1384.423	     3.25837e+01	
      1387.119	     3.38067e+01	
      1388.271	     3.43417e+01	
      1389.031	     3.46986e+01	
      1389.423	     3.48839e+01	
      1391.727	     3.59913e+01	
      1394.423	     3.73205e+01	
      1399.423	     3.98765e+01	
      1404.423	     4.25846e+01	
      1409.423	     4.54579e+01	
      1414.423	     4.85210e+01	
      1419.423	     5.17879e+01	
      1424.423	     5.52320e+01	
      1429.423	     5.88646e+01	
      1434.423	     6.26647e+01	
      1439.423	     6.66596e+01	
      1444.422	     7.08602e+01	
      1449.422	     7.53307e+01	
      1454.422	     8.00936e+01	
      1459.422	     8.51265e+01	
      1464.422	     9.04631e+01	
      1465.960	     9.21696e+01	
      1469.422	     9.61001e+01	
      1472.884	     1.00144e+02	
      1473.268	     1.00594e+02	
      1474.422	     1.01961e+02	
      1476.345	     1.04273e+02	
      1479.421	     1.08042e+02	
      1484.421	     1.14414e+02	
      1489.421	     1.21098e+02	
      1494.421	     1.28060e+02	
      1499.420	     1.35396e+02	
      1504.420	     1.43220e+02	
      1509.420	     1.51506e+02	
      1514.420	     1.60242e+02	
      1519.419	     1.69464e+02	
      1524.419	     1.79240e+02	
      1529.419	     1.89522e+02	
      1534.418	     2.00196e+02	
      1539.418	     2.11187e+02	
      1544.418	     2.22593e+02	
      1549.417	     2.34448e+02	
      1554.417	     2.46635e+02	
      1559.417	     2.59101e+02	
      1564.416	     2.72014e+02	
      1566.724	     2.78225e+02	
      1569.416	     2.85668e+02	
      1570.186	     2.87836e+02	
      1572.107	     2.93339e+02	
      1574.415	     3.00067e+02	
      1574.800	     3.01205e+02	
      1579.415	     3.15193e+02	
      1584.414	     3.30986e+02	
      1589.414	     3.47454e+02	
      1594.413	     3.64667e+02	
      1599.413	     3.82844e+02	
      1604.413	     4.01873e+02	
      1609.412	     4.22126e+02	
      1614.412	     4.43605e+02	
      1619.411	     4.66435e+02	
      1624.410	     4.90736e+02	
      1629.410	     5.16575e+02	
      1634.409	     5.43737e+02	
      1639.409	     5.72235e+02	
      1644.408	     6.01502e+02	
      1649.408	     6.31306e+02	
      1654.407	     6.61550e+02	
      1659.407	     6.92734e+02	
      1664.406	     7.24549e+02	
      1665.560	     7.32057e+02	
      1669.405	     7.57589e+02	
      1670.174	     7.62744e+02	
      1673.251	     7.83651e+02	
      1674.405	     7.91647e+02	
      1676.328	     8.05105e+02	
      1679.404	     8.27194e+02	
      1684.404	     8.64152e+02	
      1689.403	     9.02426e+02	
      1694.402	     9.42355e+02	
      1699.402	     9.84054e+02	
      1704.401	     1.02745e+03	
      1709.400	     1.07250e+03	
      1714.400	     1.11950e+03	
      1719.399	     1.16824e+03	
      1724.398	     1.21885e+03	
      1729.398	     1.27141e+03	
      1734.397	     1.32575e+03	
      1739.396	     1.38169e+03	
      1744.396	     1.43951e+03	
      1749.395	     1.49872e+03	
      1754.394	     1.55998e+03	
      1759.393	     1.62315e+03	
      1764.393	     1.68844e+03	
      1767.084	     1.72450e+03	
      1767.854	     1.73493e+03	
      1769.392	     1.75592e+03	
      1771.700	     1.78789e+03	
      1774.391	     1.82591e+03	
      1775.545	     1.84242e+03	
      1779.391	     1.89836e+03	
      1784.390	     1.97385e+03	
      1789.389	     2.05193e+03	
      1794.388	     2.13204e+03	
      1799.387	     2.21479e+03	
      1809.386	     2.38760e+03	
      1819.384	     2.57157e+03	
      1823.999	     2.66014e+03	
      1829.383	     2.76667e+03	
      1834.767	     2.87671e+03	
      1840.151	     2.98997e+03	
      1845.535	     3.10692e+03	
      1850.919	     3.22805e+03	
      1856.303	     3.35406e+03	
      1863.998	     3.53995e+03	
      1867.072	     3.61619e+03	
      1870.145	     3.69379e+03	
      1876.292	     3.85436e+03	
      1882.439	     4.02074e+03	
      1888.586	     4.19305e+03	
      1894.733	     4.37149e+03	
      1900.880	     4.55619e+03	
      1906.980	     4.74588e+03	
      1907.027	     4.74739e+03	
      1913.174	     4.94518e+03	
      1919.368	     5.15136e+03	
      1925.561	     5.36264e+03	
      1931.755	     5.58204e+03	
      1937.949	     5.81459e+03	
      1944.143	     6.04867e+03	
      1944.472	     6.06126e+03	
      1950.337	     6.29695e+03	
      1956.531	     6.54617e+03	
      1968.590	     7.05423e+03	
      1980.648	     7.59339e+03	
      1992.707	     8.16534e+03	
      2004.766	     8.77183e+03	
      2015.838	     9.36041e+03	
      2016.825	     9.41438e+03	
      2017.811	     9.46860e+03	
      2019.785	     9.57828e+03	
      2023.732	     9.80365e+03	
      2031.627	     1.02640e+04	
      2039.521	     1.07337e+04	
      2047.416	     1.12203e+04	
      2055.310	     1.17245e+04	
      2059.377	     1.19912e+04	
      2063.205	     1.22466e+04	
      2067.032	     1.25063e+04	
      2074.686	     1.30420e+04	
      2082.341	     1.35960e+04	
      2089.995	     1.41684e+04	
      2094.355	     1.45030e+04	
      2097.650	     1.47600e+04	
      2105.304	     1.53708e+04	
      2116.253	     1.62794e+04	
      2127.202	     1.72314e+04	
      2132.725	     1.77328e+04	
      2138.151	     1.82398e+04	
      2149.099	     1.92792e+04	
      2157.287	     2.00846e+04	
      2165.474	     2.09166e+04	
      2173.661	     2.17741e+04	
      2181.848	     2.26589e+04	
      2198.223	     2.45127e+04	
      2214.501	     2.64713e+04	
      2214.598	     2.64833e+04	
      2214.695	     2.64953e+04	
      2214.741	     2.65010e+04	
      2214.888	     2.65193e+04	
      2215.276	     2.65672e+04	
      2216.052	     2.66633e+04	
      2217.604	     2.68562e+04	
      2220.707	     2.72428e+04	
      2226.914	     2.80284e+04	
      2227.034	     2.80437e+04	
      2239.327	     2.96509e+04	
      2251.621	     3.13207e+04	
      2263.914	     3.30668e+04	
      2276.207	     3.49417e+04	
      2288.501	     3.68691e+04	
      2300.794	     3.88709e+04	
      2312.946	     4.09481e+04	
      2313.040	     4.09645e+04	
      2313.087	     4.09727e+04	
      2313.134	     4.09808e+04	
      2313.322	     4.10129e+04	
      2313.697	     4.10770e+04	
      2314.449	     4.12054e+04	
      2315.951	     4.14631e+04	
      2318.955	     4.19820e+04	
      2324.964	     4.30339e+04	
      2336.980	     4.52185e+04	
      2348.996	     4.75103e+04	
      2359.673	     4.96199e+04	
      2361.014	     4.98901e+04	
      2362.354	     5.01668e+04	
      2365.036	     5.07245e+04	
      2370.399	     5.18551e+04	
      2381.125	     5.41790e+04	
      2391.852	     5.65870e+04	
      2395.881	     5.75414e+04	
      2402.577	     5.91672e+04	
      2409.274	     6.08338e+04	
      2415.970	     6.25485e+04	
      2422.667	     6.43150e+04	
      2429.363	     6.61962e+04	
      2436.060	     6.81242e+04	
      2442.710	     7.01056e+04	
      2449.452	     7.21790e+04	
      2451.595	     7.28523e+04	
      2456.194	     7.43298e+04	
      2460.793	     7.59694e+04	
      2465.392	     7.76240e+04	
      2474.590	     8.10763e+04	
      2475.959	     8.16076e+04	
      2483.788	     8.47551e+04	
      2484.472	     8.50391e+04	
      2492.986	     8.87057e+04	
      2494.847	     8.95470e+04	
      2501.499	     9.26619e+04	
      2510.013	     9.68996e+04	
      2510.943	     9.73602e+04	
      2518.992	     1.01391e+05	
      2527.040	     1.05560e+05	
      2535.088	     1.09983e+05	
      2543.136	     1.14641e+05	
      2551.184	     1.19440e+05	
      2555.208	     1.21898e+05	
      2559.232	     1.24395e+05	
      2563.256	     1.27152e+05	
      2567.280	     1.29998e+05	
      2571.304	     1.32933e+05	
      2575.328	     1.35921e+05	
      2579.353	     1.38961e+05	
      2587.401	     1.45203e+05	
      2595.449	     1.51640e+05	
      2603.497	     1.58322e+05	
      2611.545	     1.65243e+05	
      2619.593	     1.72478e+05	
      2627.641	     1.79966e+05	
      2635.689	     1.87648e+05	
      2645.901	     1.97753e+05	
      2651.785	     2.03758e+05	
      2657.670	     2.09897e+05	
      2663.555	     2.15309e+05	
      2669.439	     2.20774e+05	
      2681.208	     2.31858e+05	
      2704.747	     2.54664e+05	
      2728.285	     2.78362e+05	
      2747.538	     2.98383e+05	
      2751.823	     3.02929e+05	
      2756.108	     3.07509e+05	
      2764.678	     3.17210e+05	
      2781.818	     3.37137e+05	
      2798.958	     3.58000e+05	
      2816.098	     3.79627e+05	
      2833.238	     4.01995e+05	
      2846.208	     4.19428e+05	
      2850.377	     4.25123e+05	
      2854.546	     4.30863e+05	
      2862.884	     4.43414e+05	
      2871.222	     4.56203e+05	
      2887.898	     4.82523e+05	
      2889.517	     4.85131e+05	
      2904.574	     5.10019e+05	
      2905.384	     5.11382e+05	
      2921.250	     5.38576e+05	
      2937.117	     5.66684e+05	
      2952.933	     5.95621e+05	
      2952.983	     5.95712e+05	
      2953.033	     5.95800e+05	
      2953.133	     5.95979e+05	
      2953.333	     5.96334e+05	
      2953.733	     5.97044e+05	
      2954.533	     5.98464e+05	
      2956.132	     6.01313e+05	
      2959.332	     6.07034e+05	
      2965.730	     6.18576e+05	
      2978.527	     6.42063e+05	
      3004.120	     6.90597e+05	
      3008.007	     6.98153e+05	
      3029.714	     7.41199e+05	
      3040.567	     7.63313e+05	
      3051.421	     7.85825e+05	
      3062.274	     8.11643e+05	
      3073.127	     8.38183e+05	
      3083.980	     8.65355e+05	
      3105.687	     9.21338e+05	
      3127.394	     9.79492e+05	
      3148.343	     1.03766e+06	
      3149.100	     1.03979e+06	
      3149.857	     1.04193e+06	
      3151.371	     1.04667e+06	
      3154.398	     1.05617e+06	
      3160.452	     1.07533e+06	
      3172.561	     1.11424e+06	
      3196.779	     1.19462e+06	
      3220.997	     1.27889e+06	
      3242.136	     1.35550e+06	
      3245.215	     1.36688e+06	
      3248.294	     1.37830e+06	
      3248.393	     1.37858e+06	
      3254.452	     1.39551e+06	
      3260.611	     1.41281e+06	
      3272.928	     1.44769e+06	
      3297.562	     1.51856e+06	
      3322.145	     1.59070e+06	
      3346.730	     1.66419e+06	
      3371.315	     1.74080e+06	
      3395.798	     1.81841e+06	
      3395.898	     1.81873e+06	
      3420.483	     1.89789e+06	
      3445.167	     1.97854e+06	
      3445.468	     1.97952e+06	
      3494.535	     2.14217e+06	
      3495.922	     2.14681e+06	
      3543.602	     2.30836e+06	
      3591.283	     2.47292e+06	
      3635.884	     2.62911e+06	
      3638.963	     2.63995e+06	
      3642.042	     2.65100e+06	
      3643.122	     2.65488e+06	
      3645.121	     2.66204e+06	
      3645.281	     2.66262e+06	
      3647.121	     2.66922e+06	
      3648.960	     2.67582e+06	
      3651.320	     2.68428e+06	
      3652.639	     2.68901e+06	
      3653.959	     2.69375e+06	
      3654.239	     2.69475e+06	
      3656.598	     2.70321e+06	
      3658.958	     2.71166e+06	
      3663.397	     2.72756e+06	
      3663.676	     2.72856e+06	
      3663.956	     2.72957e+06	
      3664.516	     2.73157e+06	
      3665.636	     2.73557e+06	
      3666.796	     2.73972e+06	
      3667.875	     2.74359e+06	
      3668.275	     2.74502e+06	
      3668.955	     2.74745e+06	
      3671.115	     2.75517e+06	
      3673.954	     2.76533e+06	
      3675.202	     2.76979e+06	
      3678.952	     2.78319e+06	
      3682.583	     2.79615e+06	
      3682.703	     2.79658e+06	
      3682.822	     2.79701e+06	
      3683.062	     2.79786e+06	
      3683.178	     2.79828e+06	
      3683.542	     2.79957e+06	
      3684.502	     2.80299e+06	
      3684.819	     2.80413e+06	
      3685.826	     2.80772e+06	
      3686.832	     2.81130e+06	
      3688.742	     2.81811e+06	
      3688.846	     2.81848e+06	
      3688.939	     2.81881e+06	
      3688.950	     2.81885e+06	
      3689.158	     2.81959e+06	
      3689.377	     2.82037e+06	
      3689.730	     2.82163e+06	
      3689.815	     2.82193e+06	
      3689.900	     2.82224e+06	
      3690.070	     2.82284e+06	
      3690.410	     2.82405e+06	
      3690.624	     2.82482e+06	
      3691.089	     2.82647e+06	
      3691.469	     2.82782e+06	
      3691.554	     2.82813e+06	
      3691.700	     2.82865e+06	
      3692.484	     2.83144e+06	
      3693.499	     2.83505e+06	
      3694.397	     2.83825e+06	
      3695.297	     2.84145e+06	
      3695.808	     2.84327e+06	
      3696.197	     2.84465e+06	
      3696.525	     2.84582e+06	
      3696.586	     2.84604e+06	
      3696.647	     2.84625e+06	
      3696.666	     2.84632e+06	
      3696.759	     2.84665e+06	
      3696.769	     2.84669e+06	
      3696.872	     2.84705e+06	
      3696.929	     2.84726e+06	
      3696.985	     2.84745e+06	
      3697.041	     2.84765e+06	
      3697.097	     2.84785e+06	
      3697.153	     2.84805e+06	
      3697.209	     2.84825e+06	
      3697.265	     2.84845e+06	
      3697.322	     2.84865e+06	
      3697.347	     2.84874e+06	
      3697.405	     2.84895e+06	
      3697.434	     2.84905e+06	
      3697.463	     2.84915e+06	
      3697.499	     2.84928e+06	
      3697.529	     2.84939e+06	
      3697.579	     2.84957e+06	
      3697.659	     2.84985e+06	
      3697.819	     2.85042e+06	
      3698.109	     2.85145e+06	
      3698.429	     2.85259e+06	
      3698.688	     2.85351e+06	
      3698.886	     2.85422e+06	
      3698.947	     2.85443e+06	
      3699.008	     2.85465e+06	
      3699.130	     2.85508e+06	
      3699.374	     2.85595e+06	
      3699.533	     2.85651e+06	
      3699.862	     2.85768e+06	
      3699.879	     2.85774e+06	
      3700.191	     2.85885e+06	
      3700.198	     2.85887e+06	
      3700.503	     2.85996e+06	
      3700.808	     2.86104e+06	
      3700.842	     2.86116e+06	
      3701.092	     2.86205e+06	
      3701.418	     2.86321e+06	
      3701.994	     2.86525e+06	
      3702.444	     2.86685e+06	
      3702.895	     2.86846e+06	
      3703.121	     2.86926e+06	
      3703.346	     2.87006e+06	
      3703.458	     2.87045e+06	
      3703.571	     2.87085e+06	
      3703.628	     2.87106e+06	
      3703.684	     2.87126e+06	
      3703.740	     2.87145e+06	
      3703.797	     2.87165e+06	
      3703.853	     2.87185e+06	
      3703.909	     2.87205e+06	
      3703.966	     2.87225e+06	
      3704.022	     2.87246e+06	
      3704.085	     2.87268e+06	
      3704.134	     2.87285e+06	
      3704.185	     2.87303e+06	
      3704.210	     2.87312e+06	
      3704.222	     2.87317e+06	
      3704.285	     2.87339e+06	
      3704.314	     2.87349e+06	
      3704.360	     2.87366e+06	
      3704.406	     2.87382e+06	
      3704.491	     2.87412e+06	
      3704.567	     2.87439e+06	
      3704.590	     2.87447e+06	
      3704.689	     2.87482e+06	
      3704.811	     2.87525e+06	
      3705.055	     2.87612e+06	
      3705.373	     2.87725e+06	
      3705.543	     2.87785e+06	
      3705.713	     2.87845e+06	
      3706.052	     2.87966e+06	
      3706.073	     2.87973e+06	
      3706.732	     2.88207e+06	
      3707.267	     2.88397e+06	
      3707.391	     2.88441e+06	
      3707.515	     2.88485e+06	
      3707.614	     2.88520e+06	
      3707.763	     2.88573e+06	
      3707.912	     2.88625e+06	
      3708.118	     2.88698e+06	
      3708.210	     2.88731e+06	
      3708.302	     2.88764e+06	
      3708.486	     2.88829e+06	
      3708.763	     2.88927e+06	
      3708.854	     2.88959e+06	
      3708.873	     2.88966e+06	
      3708.945	     2.88991e+06	
      3709.127	     2.89056e+06	
      3709.206	     2.89084e+06	
      3709.491	     2.89185e+06	
      3710.108	     2.89403e+06	
      3710.902	     2.89684e+06	
      3711.011	     2.89722e+06	
      3711.120	     2.89761e+06	
      3711.213	     2.89794e+06	
      3711.323	     2.89833e+06	
      3711.338	     2.89838e+06	
      3711.463	     2.89882e+06	
      3711.517	     2.89901e+06	
      3711.576	     2.89922e+06	
      3711.603	     2.89931e+06	
      3711.689	     2.89962e+06	
      3711.746	     2.89982e+06	
      3711.802	     2.90002e+06	
      3711.858	     2.90021e+06	
      3711.915	     2.90042e+06	
      3711.971	     2.90061e+06	
      3712.027	     2.90081e+06	
      3712.084	     2.90101e+06	
      3712.140	     2.90121e+06	
      3712.203	     2.90143e+06	
      3712.252	     2.90161e+06	
      3712.303	     2.90179e+06	
      3712.327	     2.90187e+06	
      3712.331	     2.90189e+06	
      3712.403	     2.90214e+06	
      3712.479	     2.90241e+06	
      3712.631	     2.90295e+06	
      3712.931	     2.90401e+06	
      3713.228	     2.90506e+06	
      3713.531	     2.90612e+06	
      3713.833	     2.90720e+06	
      3714.242	     2.90864e+06	
      3714.420	     2.90927e+06	
      3714.439	     2.90933e+06	
      3714.636	     2.91003e+06	
      3715.030	     2.91142e+06	
      3715.640	     2.91357e+06	
      3716.765	     2.91754e+06	
      3716.790	     2.91763e+06	
      3716.860	     2.91788e+06	
      3716.955	     2.91821e+06	
      3717.145	     2.91888e+06	
      3717.524	     2.92022e+06	
      3718.189	     2.92257e+06	
      3718.259	     2.92282e+06	
      3718.329	     2.92306e+06	
      3718.469	     2.92355e+06	
      3718.556	     2.92386e+06	
      3718.631	     2.92413e+06	
      3718.734	     2.92449e+06	
      3718.749	     2.92454e+06	
      3718.942	     2.92522e+06	
      3719.253	     2.92632e+06	
      3719.474	     2.92710e+06	
      3719.772	     2.92815e+06	
      3720.070	     2.92920e+06	
      3720.356	     2.93010e+06	
      3720.523	     2.93063e+06	
      3720.666	     2.93108e+06	
      3720.976	     2.93206e+06	
      3721.202	     2.93274e+06	
      3721.428	     2.93342e+06	
      3721.542	     2.93375e+06	
      3721.655	     2.93409e+06	
      3721.711	     2.93426e+06	
      3721.768	     2.93443e+06	
      3721.825	     2.93460e+06	
      3721.881	     2.93476e+06	
      3721.938	     2.93493e+06	
      3721.995	     2.93510e+06	
      3722.051	     2.93527e+06	
      3722.108	     2.93544e+06	
      3722.221	     2.93578e+06	
      3722.398	     2.93631e+06	
      3722.447	     2.93646e+06	
      3722.498	     2.93661e+06	
      3722.598	     2.93691e+06	
      3722.695	     2.93719e+06	
      3722.798	     2.93750e+06	
      3722.901	     2.93781e+06	
      3723.107	     2.93842e+06	
      3723.231	     2.93879e+06	
      3723.519	     2.93965e+06	
      3723.807	     2.94051e+06	
      3724.383	     2.94223e+06	
      3725.451	     2.94542e+06	
      3725.534	     2.94566e+06	
      3725.617	     2.94591e+06	
      3725.751	     2.94631e+06	
      3725.783	     2.94641e+06	
      3725.916	     2.94680e+06	
      3725.931	     2.94685e+06	
      3726.115	     2.94739e+06	
      3726.479	     2.94848e+06	
      3727.042	     2.95016e+06	
      3727.366	     2.95112e+06	
      3728.153	     2.95346e+06	
      3728.639	     2.95491e+06	
      3728.940	     2.95581e+06	
      3729.009	     2.95601e+06	
      3729.240	     2.95670e+06	
      3729.842	     2.95849e+06	
      3730.676	     2.96098e+06	
      3732.194	     2.96549e+06	
      3732.344	     2.96594e+06	
      3732.494	     2.96639e+06	
      3732.794	     2.96728e+06	
      3733.352	     2.96894e+06	
      3733.384	     2.96904e+06	
      3733.393	     2.96906e+06	
      3733.402	     2.96909e+06	
      3733.452	     2.96924e+06	
      3733.552	     2.96954e+06	
      3733.648	     2.96982e+06	
      3733.752	     2.97013e+06	
      3733.856	     2.97044e+06	
      3734.004	     2.97088e+06	
      3734.044	     2.97100e+06	
      3734.064	     2.97106e+06	
      3734.084	     2.97112e+06	
      3734.131	     2.97126e+06	
      3734.140	     2.97128e+06	
      3734.164	     2.97135e+06	
      3734.197	     2.97145e+06	
      3734.254	     2.97162e+06	
      3734.311	     2.97178e+06	
      3734.368	     2.97195e+06	
      3734.425	     2.97212e+06	
      3734.482	     2.97230e+06	
      3734.539	     2.97247e+06	
      3734.652	     2.97280e+06	
      3734.829	     2.97333e+06	
      3734.878	     2.97348e+06	
      3734.929	     2.97363e+06	
      3735.029	     2.97393e+06	
      3735.124	     2.97421e+06	
      3735.173	     2.97436e+06	
      3735.229	     2.97452e+06	
      3735.334	     2.97483e+06	
      3735.391	     2.97500e+06	
      3735.495	     2.97531e+06	
      3735.817	     2.97627e+06	
      3736.000	     2.97681e+06	
      3736.243	     2.97754e+06	
      3736.486	     2.97826e+06	
      3736.971	     2.97970e+06	
      3737.826	     2.98224e+06	
      3737.943	     2.98259e+06	
      3738.060	     2.98294e+06	
      3738.294	     2.98363e+06	
      3738.587	     2.98450e+06	
      3738.762	     2.98502e+06	
      3738.937	     2.98554e+06	
      3739.287	     2.98658e+06	
      3739.498	     2.98721e+06	
      3739.987	     2.98866e+06	
      3740.476	     2.99011e+06	
      3741.212	     2.99230e+06	
      3741.453	     2.99301e+06	
      3741.694	     2.99373e+06	
      3742.092	     2.99491e+06	
      3742.176	     2.99516e+06	
      3742.260	     2.99541e+06	
      3742.428	     2.99591e+06	
      3742.671	     2.99663e+06	
      3742.733	     2.99681e+06	
      3742.764	     2.99690e+06	
      3742.795	     2.99700e+06	
      3742.864	     2.99720e+06	
      3742.919	     2.99737e+06	
      3743.167	     2.99810e+06	
      3743.663	     2.99957e+06	
      3744.620	     3.00241e+06	
      3744.654	     3.00251e+06	
      3746.445	     3.00782e+06	
      3747.605	     3.01126e+06	
      3748.269	     3.01323e+06	
      3748.844	     3.01493e+06	
      3748.904	     3.01511e+06	
      3748.934	     3.01520e+06	
      3748.964	     3.01529e+06	
      3748.986	     3.01535e+06	
      3749.084	     3.01564e+06	
      3749.118	     3.01574e+06	
      3749.182	     3.01593e+06	
      3749.378	     3.01651e+06	
      3749.409	     3.01660e+06	
      3749.638	     3.01728e+06	
      3749.753	     3.01762e+06	
      3749.867	     3.01796e+06	
      3749.924	     3.01812e+06	
      3749.981	     3.01829e+06	
      3750.038	     3.01845e+06	
      3750.095	     3.01862e+06	
      3750.152	     3.01878e+06	
      3750.209	     3.01895e+06	
      3750.266	     3.01913e+06	
      3750.323	     3.01930e+06	
      3750.437	     3.01964e+06	
      3750.616	     3.02018e+06	
      3750.665	     3.02032e+06	
      3750.716	     3.02047e+06	
      3750.816	     3.02077e+06	
      3750.910	     3.02105e+06	
      3751.016	     3.02136e+06	
      3751.122	     3.02167e+06	
      3751.334	     3.02230e+06	
      3751.481	     3.02274e+06	
      3751.758	     3.02356e+06	
      3752.035	     3.02438e+06	
      3752.588	     3.02602e+06	
      3753.533	     3.02881e+06	
      3753.696	     3.02930e+06	
      3753.782	     3.02955e+06	
      3753.859	     3.02978e+06	
      3754.185	     3.03074e+06	
      3754.274	     3.03101e+06	
      3754.837	     3.03267e+06	
      3755.892	     3.03579e+06	
      3756.086	     3.03637e+06	
      3757.473	     3.04046e+06	
      3757.509	     3.04057e+06	
      3757.548	     3.04068e+06	
      3758.932	     3.04477e+06	
      3760.390	     3.04908e+06	
      3761.656	     3.05281e+06	
      3762.717	     3.05595e+06	
      3763.233	     3.05747e+06	
      3764.809	     3.06212e+06	
      3765.066	     3.06287e+06	
      3766.902	     3.06828e+06	
      3768.545	     3.07312e+06	
      3768.737	     3.07369e+06	
      3768.929	     3.07425e+06	
      3768.971	     3.07438e+06	
      3769.196	     3.07504e+06	
      3769.313	     3.07538e+06	
      3769.655	     3.07639e+06	
      3769.885	     3.07706e+06	
      3770.114	     3.07774e+06	
      3770.228	     3.07807e+06	
      3770.343	     3.07840e+06	
      3770.401	     3.07857e+06	
      3770.458	     3.07873e+06	
      3770.515	     3.07889e+06	
      3770.573	     3.07906e+06	
      3770.630	     3.07922e+06	
      3770.687	     3.07939e+06	
      3770.745	     3.07957e+06	
      3770.802	     3.07974e+06	
      3770.867	     3.07994e+06	
      3770.916	     3.08009e+06	
      3770.967	     3.08024e+06	
      3770.988	     3.08030e+06	
      3771.003	     3.08035e+06	
      3771.067	     3.08054e+06	
      3771.146	     3.08077e+06	
      3771.304	     3.08124e+06	
      3771.604	     3.08213e+06	
      3771.890	     3.08297e+06	
      3771.951	     3.08315e+06	
      3772.206	     3.08390e+06	
      3772.522	     3.08483e+06	
      3773.154	     3.08669e+06	
      3774.357	     3.09022e+06	
      3775.497	     3.09357e+06	
      3776.762	     3.09729e+06	
      3777.127	     3.09836e+06	
      3778.027	     3.10100e+06	
      3778.399	     3.10210e+06	
      3778.927	     3.10365e+06	
      3780.726	     3.10892e+06	
      3781.844	     3.11220e+06	
      3783.053	     3.11575e+06	
      3783.159	     3.11606e+06	
      3784.263	     3.11929e+06	
      3785.367	     3.12253e+06	
      3786.225	     3.12504e+06	
      3787.401	     3.12848e+06	
      3787.574	     3.12899e+06	
      3788.924	     3.13294e+06	
      3790.447	     3.13739e+06	
      3792.841	     3.14439e+06	
      3793.492	     3.14627e+06	
      3794.143	     3.14819e+06	
      3794.897	     3.15039e+06	
      3795.066	     3.15089e+06	
      3795.444	     3.15199e+06	
      3795.991	     3.15356e+06	
      3796.454	     3.15491e+06	
      3796.916	     3.15626e+06	
      3797.147	     3.15692e+06	
      3797.378	     3.15761e+06	
      3797.494	     3.15793e+06	
      3797.609	     3.15827e+06	
      3797.666	     3.15843e+06	
      3797.724	     3.15859e+06	
      3797.782	     3.15875e+06	
      3797.840	     3.15890e+06	
      3797.898	     3.15906e+06	
      3797.956	     3.15922e+06	
      3798.014	     3.15941e+06	
      3798.072	     3.15959e+06	
      3798.187	     3.15994e+06	
      3798.367	     3.16047e+06	
      3798.416	     3.16063e+06	
      3798.467	     3.16079e+06	
      3798.567	     3.16107e+06	
      3798.655	     3.16132e+06	
      3798.753	     3.16164e+06	
      3798.767	     3.16167e+06	
      3798.837	     3.16186e+06	
      3798.879	     3.16198e+06	
      3798.921	     3.16211e+06	
      3799.046	     3.16248e+06	
      3799.089	     3.16261e+06	
      3799.425	     3.16358e+06	
      3799.471	     3.16371e+06	
      3799.804	     3.16468e+06	
      3800.562	     3.16688e+06	
      3801.653	     3.17009e+06	
      3802.319	     3.17200e+06	
      3803.834	     3.17643e+06	
      3805.349	     3.18083e+06	
      3807.837	     3.18806e+06	
      3808.378	     3.18963e+06	
      3808.919	     3.19120e+06	
      3810.000	     3.19434e+06	
      3811.586	     3.19893e+06	
      3812.164	     3.20062e+06	
      3812.742	     3.20229e+06	
      3813.897	     3.20562e+06	
      3815.777	     3.21108e+06	
      3816.093	     3.21200e+06	
      3816.209	     3.21234e+06	
      3816.641	     3.21357e+06	
      3817.439	     3.21595e+06	
      3817.504	     3.21614e+06	
      3818.916	     3.22035e+06	
      3820.393	     3.22478e+06	
      3822.566	     3.23135e+06	
      3823.346	     3.23370e+06	
      3823.512	     3.23421e+06	
      3824.126	     3.23606e+06	
      3825.685	     3.24080e+06	
      3826.804	     3.24417e+06	
      3827.859	     3.24737e+06	
      3828.914	     3.25057e+06	
      3830.454	     3.25522e+06	
      3831.023	     3.25692e+06	
      3831.592	     3.25865e+06	
      3832.001	     3.25987e+06	
      3832.525	     3.26148e+06	
      3832.730	     3.26207e+06	
      3833.458	     3.26427e+06	
      3833.925	     3.26569e+06	
      3834.392	     3.26707e+06	
      3834.626	     3.26776e+06	
      3834.859	     3.26845e+06	
      3834.975	     3.26880e+06	
      3835.092	     3.26914e+06	
      3835.151	     3.26930e+06	
      3835.209	     3.26946e+06	
      3835.267	     3.26958e+06	
      3835.326	     3.26974e+06	
      3835.384	     3.26990e+06	
      3835.442	     3.27008e+06	
      3835.501	     3.27030e+06	
      3835.559	     3.27049e+06	
      3835.626	     3.27071e+06	
      3835.675	     3.27087e+06	
      3835.726	     3.27106e+06	
      3835.743	     3.27109e+06	
      3835.774	     3.27121e+06	
      3835.826	     3.27137e+06	
      3835.909	     3.27162e+06	
      3836.075	     3.27213e+06	
      3836.376	     3.27307e+06	
      3836.646	     3.27389e+06	
      3836.977	     3.27489e+06	
      3837.029	     3.27505e+06	
      3837.308	     3.27590e+06	
      3837.970	     3.27787e+06	
      3838.647	     3.27992e+06	
      3838.911	     3.28073e+06	
      3839.175	     3.28152e+06	
      3839.703	     3.28312e+06	
      3840.758	     3.28626e+06	
      3842.753	     3.29226e+06	
      3842.831	     3.29251e+06	
      3842.870	     3.29264e+06	
      3842.909	     3.29273e+06	
      3843.065	     3.29321e+06	
      3843.377	     3.29415e+06	
      3844.001	     3.29603e+06	
      3844.588	     3.29779e+06	
      3845.248	     3.29977e+06	
      3845.547	     3.30065e+06	
      3845.908	     3.30175e+06	
      3847.228	     3.30571e+06	
      3847.442	     3.30634e+06	
      3848.908	     3.31074e+06	
      3850.375	     3.31513e+06	
      3851.976	     3.31991e+06	
      3853.308	     3.32390e+06	
      3854.640	     3.32789e+06	
      3855.701	     3.33106e+06	
      3857.303	     3.33584e+06	
      3858.906	     3.34061e+06	
      3862.006	     3.34985e+06	
      3862.111	     3.35016e+06	
      3862.216	     3.35045e+06	
      3862.426	     3.35107e+06	
      3862.846	     3.35233e+06	
      3863.685	     3.35481e+06	
      3865.170	     3.35924e+06	
      3865.365	     3.35981e+06	
      3865.560	     3.36040e+06	
      3865.950	     3.36157e+06	
      3866.730	     3.36386e+06	
      3867.675	     3.36666e+06	
      3868.289	     3.36848e+06	
      3868.903	     3.37030e+06	
      3870.131	     3.37394e+06	
      3871.324	     3.37746e+06	
      3872.586	     3.38120e+06	
      3873.848	     3.38494e+06	
      3876.324	     3.39226e+06	
      3876.368	     3.39239e+06	
      3876.371	     3.39239e+06	
      3876.374	     3.39239e+06	
      3876.424	     3.39254e+06	
      3876.524	     3.39283e+06	
      3876.724	     3.39342e+06	
      3876.947	     3.39408e+06	
      3877.124	     3.39462e+06	
      3877.924	     3.39697e+06	
      3878.900	     3.39983e+06	
      3880.290	     3.40392e+06	
      3880.854	     3.40558e+06	
      3881.418	     3.40725e+06	
      3882.546	     3.41054e+06	
      3884.398	     3.41598e+06	
      3884.801	     3.41717e+06	
      3884.923	     3.41752e+06	
      3885.204	     3.41834e+06	
      3886.010	     3.42069e+06	
      3886.151	     3.42110e+06	
      3887.096	     3.42386e+06	
      3887.568	     3.42522e+06	
      3888.042	     3.42657e+06	
      3888.280	     3.42726e+06	
      3888.516	     3.42792e+06	
      3888.633	     3.42823e+06	
      3888.752	     3.42855e+06	
      3888.844	     3.42877e+06	
      3888.866	     3.42880e+06	
      3888.871	     3.42883e+06	
      3888.898	     3.42886e+06	
      3888.930	     3.42892e+06	
      3888.989	     3.42905e+06	
      3889.048	     3.42917e+06	
      3889.107	     3.42939e+06	
      3889.166	     3.42961e+06	
      3889.225	     3.42987e+06	
      3889.294	     3.43012e+06	
      3889.343	     3.43027e+06	
      3889.394	     3.43043e+06	
      3889.408	     3.43049e+06	
      3889.450	     3.43062e+06	
      3889.494	     3.43074e+06	
      3889.580	     3.43103e+06	
      3889.752	     3.43156e+06	
      3890.054	     3.43247e+06	
      3890.315	     3.43326e+06	
      3890.474	     3.43373e+06	
      3890.657	     3.43429e+06	
      3890.999	     3.43530e+06	
      3891.683	     3.43731e+06	
      3892.892	     3.44086e+06	
      3893.942	     3.44394e+06	
      3894.458	     3.44548e+06	
      3895.309	     3.44796e+06	
      3896.219	     3.45063e+06	
      3896.677	     3.45195e+06	
      3898.895	     3.45845e+06	
      3899.603	     3.46050e+06	
      3901.572	     3.46624e+06	
      3903.894	     3.47300e+06	
      3904.248	     3.47404e+06	
      3908.893	     3.48751e+06	
      3913.891	     3.50196e+06	
      3918.890	     3.51748e+06	
      3923.889	     3.53313e+06	
      3928.216	     3.54664e+06	
      3928.353	     3.54708e+06	
      3928.887	     3.54874e+06	
      3929.559	     3.55082e+06	
      3930.903	     3.55499e+06	
      3933.453	     3.56294e+06	
      3935.810	     3.57023e+06	
      3937.347	     3.57501e+06	
      3938.885	     3.57975e+06	
      3940.036	     3.58333e+06	
      3941.960	     3.58924e+06	
      3943.883	     3.59518e+06	
      3946.579	     3.60344e+06	
      3947.730	     3.60699e+06	
      3948.882	     3.61051e+06	
      3950.653	     3.61591e+06	
      3951.015	     3.61704e+06	
      3951.186	     3.61754e+06	
      3951.718	     3.61918e+06	
      3952.784	     3.62241e+06	
      3954.554	     3.62782e+06	
      3957.306	     3.63614e+06	
      3958.093	     3.63853e+06	
      3958.624	     3.64013e+06	
      3958.880	     3.64092e+06	
      3960.453	     3.64566e+06	
      3962.283	     3.65116e+06	
      3965.737	     3.66146e+06	
      3965.942	     3.66209e+06	
      3966.147	     3.66269e+06	
      3966.557	     3.66391e+06	
      3966.675	     3.66426e+06	
      3967.279	     3.66605e+06	
      3967.376	     3.66633e+06	
      3968.078	     3.66837e+06	
      3968.709	     3.67023e+06	
      3968.877	     3.67070e+06	
      3969.045	     3.67117e+06	
      3969.234	     3.67170e+06	
      3969.287	     3.67183e+06	
      3969.381	     3.67211e+06	
      3969.528	     3.67249e+06	
      3969.648	     3.67280e+06	
      3969.769	     3.67309e+06	
      3969.830	     3.67321e+06	
      3969.890	     3.67331e+06	
      3969.950	     3.67334e+06	
      3970.011	     3.67340e+06	
      3970.071	     3.67353e+06	
      3970.131	     3.67378e+06	
      3970.192	     3.67406e+06	
      3970.252	     3.67438e+06	
      3970.323	     3.67469e+06	
      3970.372	     3.67491e+06	
      3970.423	     3.67510e+06	
      3970.432	     3.67513e+06	
      3970.495	     3.67535e+06	
      3970.523	     3.67544e+06	
      3970.613	     3.67576e+06	
      3970.795	     3.67639e+06	
      3971.096	     3.67736e+06	
      3971.333	     3.67811e+06	
      3971.591	     3.67893e+06	
      3971.698	     3.67928e+06	
      3972.063	     3.68041e+06	
      3972.793	     3.68267e+06	
      3973.995	     3.68638e+06	
      3974.936	     3.68924e+06	
      3976.398	     3.69370e+06	
      3976.845	     3.69505e+06	
      3977.860	     3.69813e+06	
      3978.874	     3.70120e+06	
      3979.577	     3.70334e+06	
      3980.904	     3.70733e+06	
      3982.230	     3.71132e+06	
      3984.180	     3.71720e+06	
      3984.884	     3.71930e+06	
      3985.119	     3.71999e+06	
      3985.588	     3.72140e+06	
      3986.995	     3.72561e+06	
      3988.872	     3.73121e+06	
      3991.379	     3.73865e+06	
      3992.625	     3.74236e+06	
      3993.854	     3.74600e+06	
      3993.870	     3.74607e+06	
      3996.362	     3.75342e+06	
      3998.869	     3.76080e+06	
      4003.868	     3.77550e+06	
      4008.866	     3.79011e+06	
      4013.865	     3.80488e+06	
      4018.864	     3.81986e+06	
      4023.863	     3.83479e+06	
      4025.341	     3.83918e+06	
      4028.861	     3.84961e+06	
      4032.381	     3.86001e+06	
      4032.946	     3.86168e+06	
      4033.860	     3.86438e+06	
      4035.902	     3.87038e+06	
      4038.859	     3.87902e+06	
      4043.857	     3.89363e+06	
      4048.856	     3.90811e+06	
      4053.855	     3.92250e+06	
      4058.853	     3.93682e+06	
      4063.852	     3.95102e+06	
      4068.851	     3.96510e+06	
      4073.849	     3.97905e+06	
      4075.421	     3.98338e+06	
      4078.848	     3.99281e+06	
      4082.275	     4.00214e+06	
      4082.559	     4.00289e+06	
      4084.004	     4.00679e+06	
      4085.702	     4.01134e+06	
      4088.845	     4.01967e+06	
      4089.695	     4.02190e+06	
      4093.687	     4.03220e+06	
      4096.515	     4.03937e+06	
      4097.679	     4.04226e+06	
      4098.010	     4.04310e+06	
      4098.678	     4.04474e+06	
      4098.843	     4.04515e+06	
      4099.676	     4.04716e+06	
      4100.174	     4.04835e+06	
      4100.673	     4.04951e+06	
      4100.922	     4.05005e+06	
      4101.172	     4.05052e+06	
      4101.297	     4.05074e+06	
      4101.422	     4.05090e+06	
      4101.485	     4.05093e+06	
      4101.547	     4.05090e+06	
      4101.609	     4.05077e+06	
      4101.672	     4.05064e+06	
      4101.734	     4.05068e+06	
      4101.797	     4.05099e+06	
      4101.859	     4.05146e+06	
      4101.922	     4.05190e+06	
      4102.047	     4.05259e+06	
      4102.296	     4.05360e+06	
      4102.745	     4.05510e+06	
      4102.794	     4.05526e+06	
      4102.845	     4.05545e+06	
      4102.945	     4.05576e+06	
      4103.145	     4.05639e+06	
      4103.296	     4.05686e+06	
      4103.545	     4.05762e+06	
      4103.794	     4.05837e+06	
      4104.291	     4.05988e+06	
      4104.785	     4.06139e+06	
      4105.287	     4.06286e+06	
      4105.789	     4.06437e+06	
      4106.793	     4.06733e+06	
      4108.680	     4.07289e+06	
      4108.760	     4.07311e+06	
      4108.800	     4.07323e+06	
      4108.840	     4.07333e+06	
      4108.859	     4.07339e+06	
      4109.000	     4.07383e+06	
      4109.320	     4.07483e+06	
      4109.781	     4.07625e+06	
      4110.703	     4.07908e+06	
      4111.319	     4.08096e+06	
      4112.546	     4.08470e+06	
      4113.774	     4.08844e+06	
      4114.693	     4.09120e+06	
      4116.229	     4.09582e+06	
      4116.694	     4.09720e+06	
      4117.766	     4.10038e+06	
      4118.126	     4.10144e+06	
      4118.838	     4.10355e+06	
      4120.981	     4.10986e+06	
      4123.836	     4.11819e+06	
      4126.144	     4.12485e+06	
      4128.835	     4.13258e+06	
      4129.605	     4.13478e+06	
      4131.526	     4.14024e+06	
      4133.834	     4.14681e+06	
      4134.219	     4.14788e+06	
      4138.832	     4.16085e+06	
      4143.831	     4.17474e+06	
      4148.830	     4.18853e+06	
      4153.828	     4.20219e+06	
      4158.827	     4.21573e+06	
      4163.826	     4.22918e+06	
      4168.824	     4.24250e+06	
      4173.823	     4.25573e+06	
      4178.822	     4.26886e+06	
      4183.820	     4.28187e+06	
      4188.819	     4.29478e+06	
      4193.818	     4.30756e+06	
      4198.817	     4.32029e+06	
      4203.815	     4.33288e+06	
      4208.814	     4.34555e+06	
      4213.813	     4.35827e+06	
      4216.525	     4.36512e+06	
      4217.242	     4.36691e+06	
      4218.811	     4.37087e+06	
      4221.098	     4.37658e+06	
      4223.810	     4.38334e+06	
      4224.954	     4.38620e+06	
      4228.809	     4.39572e+06	
      4233.807	     4.40800e+06	
      4238.806	     4.42016e+06	
      4243.805	     4.43219e+06	
      4248.803	     4.44413e+06	
      4253.802	     4.45591e+06	
      4258.801	     4.46763e+06	
      4263.799	     4.47919e+06	
      4268.798	     4.49062e+06	
      4273.797	     4.50193e+06	
      4278.795	     4.51312e+06	
      4283.794	     4.52414e+06	
      4288.793	     4.53498e+06	
      4293.791	     4.54566e+06	
      4298.790	     4.55613e+06	
      4303.789	     4.56627e+06	
      4308.788	     4.57576e+06	
      4313.786	     4.58481e+06	
      4314.073	     4.58531e+06	
      4318.785	     4.59329e+06	
      4320.854	     4.59656e+06	
      4323.497	     4.60055e+06	
      4326.139	     4.60419e+06	
      4326.475	     4.60463e+06	
      4328.782	     4.60749e+06	
      4330.233	     4.60916e+06	
      4331.090	     4.61007e+06	
      4331.149	     4.61013e+06	
      4331.946	     4.61095e+06	
      4333.660	     4.61261e+06	
      4334.060	     4.61299e+06	
      4336.171	     4.61491e+06	
      4337.786	     4.61629e+06	
      4338.220	     4.61666e+06	
      4338.283	     4.61670e+06	
      4338.780	     4.61707e+06	
      4338.812	     4.61710e+06	
      4339.339	     4.61742e+06	
      4339.602	     4.61751e+06	
      4339.867	     4.61748e+06	
      4340.001	     4.61736e+06	
      4340.132	     4.61710e+06	
      4340.197	     4.61688e+06	
      4340.263	     4.61648e+06	
      4340.329	     4.61585e+06	
      4340.395	     4.61519e+06	
      4340.461	     4.61487e+06	
      4340.527	     4.61544e+06	
      4340.593	     4.61635e+06	
      4340.659	     4.61723e+06	
      4340.791	     4.61839e+06	
      4341.005	     4.61955e+06	
      4341.055	     4.61977e+06	
      4341.105	     4.61999e+06	
      4341.205	     4.62040e+06	
      4341.227	     4.62050e+06	
      4341.238	     4.62053e+06	
      4341.405	     4.62116e+06	
      4341.583	     4.62179e+06	
      4341.939	     4.62295e+06	
      4342.640	     4.62515e+06	
      4343.330	     4.62725e+06	
      4343.570	     4.62797e+06	
      4344.041	     4.62939e+06	
      4344.752	     4.63156e+06	
      4346.174	     4.63580e+06	
      4348.578	     4.64290e+06	
      4348.777	     4.64346e+06	
      4348.976	     4.64403e+06	
      4349.374	     4.64519e+06	
      4350.170	     4.64745e+06	
      4350.322	     4.64786e+06	
      4351.761	     4.65188e+06	
      4353.201	     4.65575e+06	
      4354.734	     4.65977e+06	
      4356.077	     4.66322e+06	
      4356.080	     4.66322e+06	
      4357.426	     4.66658e+06	
      4358.774	     4.66985e+06	
      4359.170	     4.67079e+06	
      4361.472	     4.67607e+06	
      4363.773	     4.68132e+06	
      4367.980	     4.69049e+06	
      4368.376	     4.69134e+06	
      4368.524	     4.69165e+06	
      4368.772	     4.69216e+06	
      4369.563	     4.69382e+06	
      4371.147	     4.69712e+06	
      4373.770	     4.70249e+06	
      4378.769	     4.71245e+06	
      4383.768	     4.72210e+06	
      4388.766	     4.73152e+06	
      4393.765	     4.74076e+06	
      4398.764	     4.74984e+06	
      4403.762	     4.75731e+06	
      4408.761	     4.76413e+06	
      4413.760	     4.77089e+06	
      4418.758	     4.77755e+06	
      4423.757	     4.78414e+06	
      4428.756	     4.79068e+06	
      4433.754	     4.79715e+06	
      4438.753	     4.80356e+06	
      4443.752	     4.80990e+06	
      4448.751	     4.81622e+06	
      4453.749	     4.82247e+06	
      4458.748	     4.82869e+06	
      4463.747	     4.83485e+06	
      4468.745	     4.84094e+06	
      4473.744	     4.84701e+06	
      4478.743	     4.85301e+06	
      4483.741	     4.85898e+06	
      4488.740	     4.86488e+06	
      4493.739	     4.87076e+06	
      4498.737	     4.87751e+06	
      4503.736	     4.88646e+06	
      4508.735	     4.89529e+06	
      4513.733	     4.90399e+06	
      4514.118	     4.90465e+06	
      4518.732	     4.91257e+06	
      4523.346	     4.92036e+06	
      4527.190	     4.92680e+06	
      4527.960	     4.92806e+06	
      4528.729	     4.92935e+06	
      4530.269	     4.93189e+06	
      4532.968	     4.93632e+06	
      4533.288	     4.93686e+06	
      4533.348	     4.93695e+06	
      4533.728	     4.93758e+06	
      4534.488	     4.93880e+06	
      4536.007	     4.94125e+06	
      4538.727	     4.94565e+06	
      4543.725	     4.95366e+06	
      4548.724	     4.96152e+06	
      4553.723	     4.96928e+06	
      4558.721	     4.97691e+06	
      4563.720	     4.98445e+06	
      4568.719	     4.99187e+06	
      4573.717	     4.99918e+06	
      4578.716	     5.00641e+06	
      4583.715	     5.01351e+06	
      4588.713	     5.02048e+06	
      4593.712	     5.02740e+06	
      4596.529	     5.03076e+06	
      4596.984	     5.03129e+06	
      4598.711	     5.03337e+06	
      4600.892	     5.03588e+06	
      4603.709	     5.03915e+06	
      4604.800	     5.04040e+06	
      4608.708	     5.04483e+06	
      4613.707	     5.05049e+06	
      4618.705	     5.05605e+06	
      4623.704	     5.06155e+06	
      4628.703	     5.06695e+06	
      4633.701	     5.07232e+06	
      4638.700	     5.07763e+06	
      4643.699	     5.08285e+06	
      4648.697	     5.08800e+06	
      4653.696	     5.09312e+06	
      4658.695	     5.09815e+06	
      4663.694	     5.10311e+06	
      4668.692	     5.10801e+06	
      4673.691	     5.11285e+06	
      4678.690	     5.11762e+06	
      4683.688	     5.12234e+06	
      4688.687	     5.12698e+06	
      4693.686	     5.13145e+06	
      4698.684	     5.13566e+06	
      4703.683	     5.13980e+06	
      4708.682	     5.14392e+06	
      4713.680	     5.14797e+06	
      4715.603	     5.14951e+06	
      4718.679	     5.15196e+06	
      4720.984	     5.15378e+06	
      4721.755	     5.15438e+06	
      4723.678	     5.15589e+06	
      4724.830	     5.15677e+06	
      4728.676	     5.15975e+06	
      4733.675	     5.16355e+06	
      4738.674	     5.16729e+06	
      4743.672	     5.17097e+06	
      4748.671	     5.17455e+06	
      4753.670	     5.17807e+06	
      4758.668	     5.18152e+06	
      4763.667	     5.18488e+06	
      4768.666	     5.18815e+06	
      4773.664	     5.19132e+06	
      4778.663	     5.19437e+06	
      4783.662	     5.19729e+06	
      4788.660	     5.20006e+06	
      4793.659	     5.20257e+06	
      4798.658	     5.20490e+06	
      4803.656	     5.20694e+06	
      4808.655	     5.20867e+06	
      4813.654	     5.20999e+06	
      4818.652	     5.21074e+06	
      4823.651	     5.21074e+06	
      4828.650	     5.20977e+06	
      4833.648	     5.20738e+06	
      4834.972	     5.20644e+06	
      4838.647	     5.20301e+06	
      4839.161	     5.20241e+06	
      4842.322	     5.19811e+06	
      4845.483	     5.19239e+06	
      4845.503	     5.19236e+06	
      4847.054	     5.18897e+06	
      4848.644	     5.18510e+06	
      4851.785	     5.17615e+06	
      4854.393	     5.16764e+06	
      4856.517	     5.16032e+06	
      4858.401	     5.15388e+06	
      4858.642	     5.15303e+06	
      4858.664	     5.15297e+06	
      4858.883	     5.15221e+06	
      4859.364	     5.15055e+06	
      4859.473	     5.15014e+06	
      4860.065	     5.14785e+06	
      4860.361	     5.14646e+06	
      4860.657	     5.14467e+06	
      4860.805	     5.14348e+06	
      4860.953	     5.14178e+06	
      4861.027	     5.14059e+06	
      4861.101	     5.13877e+06	
      4861.175	     5.13619e+06	
      4861.248	     5.13343e+06	
      4861.322	     5.13182e+06	
      4861.396	     5.13349e+06	
      4861.470	     5.13638e+06	
      4861.543	     5.13902e+06	
      4861.641	     5.14134e+06	
      4861.687	     5.14213e+06	
      4861.689	     5.14216e+06	
      4861.691	     5.14219e+06	
      4861.695	     5.14225e+06	
      4861.741	     5.14291e+06	
      4861.841	     5.14408e+06	
      4861.979	     5.14536e+06	
      4861.987	     5.14543e+06	
      4862.279	     5.14750e+06	
      4862.579	     5.14926e+06	
      4862.596	     5.14935e+06	
      4863.178	     5.15224e+06	
      4863.727	     5.15479e+06	
      4863.761	     5.15495e+06	
      4864.927	     5.16022e+06	
      4866.127	     5.16569e+06	
      4868.413	     5.17609e+06	
      4868.526	     5.17662e+06	
      4868.639	     5.17712e+06	
      4868.865	     5.17813e+06	
      4869.317	     5.18014e+06	
      4869.583	     5.18130e+06	
      4870.221	     5.18407e+06	
      4870.858	     5.18677e+06	
      4872.134	     5.19202e+06	
      4874.623	     5.20144e+06	
      4874.685	     5.20166e+06	
      4874.747	     5.20188e+06	
      4874.871	     5.20232e+06	
      4875.119	     5.20317e+06	
      4875.615	     5.20490e+06	
      4876.607	     5.20816e+06	
      4878.452	     5.21388e+06	
      4878.544	     5.21413e+06	
      4878.590	     5.21426e+06	
      4878.636	     5.21442e+06	
      4878.820	     5.21495e+06	
      4879.188	     5.21599e+06	
      4879.526	     5.21693e+06	
      4879.924	     5.21803e+06	
      4880.322	     5.21910e+06	
      4880.941	     5.22073e+06	
      4881.118	     5.22120e+06	
      4882.709	     5.22510e+06	
      4884.478	     5.22909e+06	
      4887.396	     5.23496e+06	
      4888.015	     5.23609e+06	
      4888.634	     5.23722e+06	
      4889.871	     5.23933e+06	
      4891.061	     5.24128e+06	
      4892.347	     5.24326e+06	
      4893.632	     5.24514e+06	
      4893.777	     5.24536e+06	
      4896.204	     5.24866e+06	
      4898.631	     5.25164e+06	
      4903.340	     5.25683e+06	
      4903.485	     5.25698e+06	
      4903.630	     5.25711e+06	
      4903.920	     5.25742e+06	
      4904.499	     5.25799e+06	
      4905.659	     5.25912e+06	
      4907.328	     5.26066e+06	
      4907.977	     5.26126e+06	
      4908.628	     5.26182e+06	
      4909.929	     5.26295e+06	
      4911.434	     5.26424e+06	
      4912.530	     5.26512e+06	
      4913.014	     5.26550e+06	
      4913.627	     5.26600e+06	
      4915.550	     5.26748e+06	
      4915.820	     5.26770e+06	
      4918.240	     5.26946e+06	
      4918.626	     5.26974e+06	
      4921.701	     5.27188e+06	
      4923.624	     5.27316e+06	
      4925.162	     5.27417e+06	
      4928.623	     5.27630e+06	
      4933.622	     5.27929e+06	
      4938.620	     5.28205e+06	
      4943.619	     5.28472e+06	
      4948.618	     5.28724e+06	
      4953.616	     5.28966e+06	
      4958.615	     5.29198e+06	
      4963.614	     5.29424e+06	
      4968.612	     5.29641e+06	
      4973.611	     5.29852e+06	
      4978.610	     5.30056e+06	
      4983.608	     5.30254e+06	
      4988.607	     5.30439e+06	
      4993.606	     5.30621e+06	
      4998.604	     5.30797e+06	
      5003.603	     5.30967e+06	
      5008.602	     5.31133e+06	
      5013.600	     5.31297e+06	
      5018.599	     5.31457e+06	
      5023.598	     5.31611e+06	
      5028.596	     5.31762e+06	
      5033.595	     5.31909e+06	
      5038.594	     5.32054e+06	
      5043.592	     5.32192e+06	
      5048.591	     5.32330e+06	
      5053.590	     5.32462e+06	
      5058.588	     5.32591e+06	
      5063.587	     5.32720e+06	
      5068.586	     5.32842e+06	
      5073.584	     5.32962e+06	
      5078.583	     5.33078e+06	
      5083.582	     5.33182e+06	
      5088.580	     5.33273e+06	
      5093.579	     5.33364e+06	
      5098.578	     5.33452e+06	
      5103.576	     5.33537e+06	
      5108.575	     5.33618e+06	
      5113.574	     5.33697e+06	
      5118.572	     5.33775e+06	
      5123.571	     5.33848e+06	
      5128.570	     5.33920e+06	
      5133.568	     5.33989e+06	
      5138.567	     5.34055e+06	
      5143.566	     5.34121e+06	
      5148.564	     5.34181e+06	
      5153.563	     5.34240e+06	
      5158.562	     5.34294e+06	
      5163.560	     5.34347e+06	
      5168.559	     5.34401e+06	
      5173.558	     5.34448e+06	
      5178.556	     5.34489e+06	
      5183.555	     5.34520e+06	
      5188.554	     5.34545e+06	
      5193.552	     5.34570e+06	
      5198.551	     5.34592e+06	
      5203.550	     5.34614e+06	
      5208.548	     5.34630e+06	
      5213.547	     5.34646e+06	
      5218.546	     5.34661e+06	
      5223.544	     5.34671e+06	
      5228.543	     5.34680e+06	
      5233.542	     5.34687e+06	
      5238.540	     5.34690e+06	
      5243.539	     5.34693e+06	
      5248.537	     5.34693e+06	
      5253.536	     5.34690e+06	
      5258.535	     5.34687e+06	
      5263.533	     5.34680e+06	
      5268.532	     5.34671e+06	
      5273.531	     5.34661e+06	
      5278.529	     5.34699e+06	
      5283.528	     5.34740e+06	
      5288.527	     5.34781e+06	
      5293.525	     5.34815e+06	
      5298.524	     5.34847e+06	
      5303.523	     5.34878e+06	
      5308.521	     5.34903e+06	
      5313.520	     5.34925e+06	
      5318.519	     5.34944e+06	
      5323.517	     5.34960e+06	
      5328.516	     5.34972e+06	
      5333.515	     5.34982e+06	
      5338.513	     5.34988e+06	
      5343.512	     5.34991e+06	
      5348.511	     5.34991e+06	
      5353.509	     5.34988e+06	
      5358.508	     5.34985e+06	
      5363.507	     5.34985e+06	
      5368.505	     5.34972e+06	
      5373.504	     5.34935e+06	
      5378.503	     5.34866e+06	
      5383.501	     5.34790e+06	
      5388.500	     5.34718e+06	
      5393.499	     5.34639e+06	
      5398.497	     5.34561e+06	
      5403.496	     5.34479e+06	
      5408.495	     5.34397e+06	
      5413.493	     5.34313e+06	
      5418.492	     5.34228e+06	
      5423.491	     5.34140e+06	
      5428.489	     5.34049e+06	
      5433.488	     5.33958e+06	
      5438.487	     5.33863e+06	
      5443.485	     5.33769e+06	
      5448.484	     5.33672e+06	
      5453.483	     5.33571e+06	
      5458.481	     5.33471e+06	
      5463.480	     5.33367e+06	
      5468.479	     5.33263e+06	
      5473.477	     5.33194e+06	
      5478.476	     5.33122e+06	
      5483.475	     5.33047e+06	
      5488.473	     5.32971e+06	
      5493.472	     5.32893e+06	
      5498.471	     5.32811e+06	
      5503.469	     5.32726e+06	
      5508.468	     5.32641e+06	
      5513.466	     5.32557e+06	
      5518.465	     5.32465e+06	
      5523.464	     5.32374e+06	
      5528.462	     5.32283e+06	
      5533.461	     5.32189e+06	
      5538.460	     5.32092e+06	
      5543.458	     5.31991e+06	
      5548.457	     5.31890e+06	
      5553.456	     5.31787e+06	
      5558.454	     5.31683e+06	
      5563.453	     5.31576e+06	
      5568.452	     5.31466e+06	
      5573.450	     5.31356e+06	
      5578.449	     5.31243e+06	
      5583.448	     5.31127e+06	
      5588.446	     5.31011e+06	
      5593.445	     5.30891e+06	
      5598.444	     5.30769e+06	
      5603.442	     5.30646e+06	
      5608.441	     5.30524e+06	
      5613.440	     5.30398e+06	
      5618.438	     5.30269e+06	
      5623.437	     5.30141e+06	
      5628.436	     5.30009e+06	
      5633.434	     5.29874e+06	
      5638.433	     5.29738e+06	
      5643.432	     5.29603e+06	
      5648.430	     5.29465e+06	
      5653.429	     5.29324e+06	
      5658.428	     5.29182e+06	
      5663.426	     5.29038e+06	
      5668.425	     5.28903e+06	
      5673.424	     5.28755e+06	
      5673.979	     5.28736e+06	
      5678.422	     5.28604e+06	
      5682.865	     5.28469e+06	
      5686.198	     5.28369e+06	
      5687.309	     5.28334e+06	
      5687.864	     5.28318e+06	
      5688.420	     5.28300e+06	
      5690.641	     5.28234e+06	
      5693.418	     5.28146e+06	
      5698.417	     5.27992e+06	
      5703.415	     5.27835e+06	
      5704.770	     5.27791e+06	
      5708.414	     5.27674e+06	
      5708.882	     5.27659e+06	
      5712.058	     5.27558e+06	
      5713.413	     5.27514e+06	
      5715.234	     5.27455e+06	
      5718.411	     5.27351e+06	
      5723.410	     5.27188e+06	
      5728.409	     5.27024e+06	
      5733.407	     5.26855e+06	
      5738.406	     5.26688e+06	
      5743.405	     5.26518e+06	
      5748.403	     5.26346e+06	
      5753.402	     5.26173e+06	
      5758.401	     5.26000e+06	
      5763.399	     5.25761e+06	
      5768.398	     5.25585e+06	
      5773.397	     5.25406e+06	
      5778.395	     5.25224e+06	
      5783.394	     5.25042e+06	
      5788.393	     5.24856e+06	
      5793.391	     5.24671e+06	
      5798.390	     5.24486e+06	
      5803.389	     5.24297e+06	
      5808.387	     5.24106e+06	
      5813.386	     5.23914e+06	
      5818.385	     5.23722e+06	
      5823.383	     5.23528e+06	
      5828.382	     5.23333e+06	
      5833.381	     5.23138e+06	
      5838.379	     5.22937e+06	
      5843.378	     5.22739e+06	
      5848.377	     5.22538e+06	
      5853.375	     5.22337e+06	
      5858.374	     5.22133e+06	
      5863.372	     5.21928e+06	
      5868.371	     5.21721e+06	
      5873.370	     5.21517e+06	
      5878.368	     5.21306e+06	
      5883.367	     5.21099e+06	
      5888.366	     5.20885e+06	
      5893.364	     5.20675e+06	
      5898.363	     5.20461e+06	
      5903.362	     5.20245e+06	
      5908.360	     5.20031e+06	
      5913.359	     5.19811e+06	
      5918.358	     5.19594e+06	
      5923.356	     5.19374e+06	
      5928.355	     5.19151e+06	
      5933.354	     5.18928e+06	
      5938.352	     5.18705e+06	
      5943.351	     5.18482e+06	
      5948.350	     5.18253e+06	
      5953.348	     5.18027e+06	
      5958.347	     5.17797e+06	
      5963.346	     5.17565e+06	
      5968.344	     5.17332e+06	
      5973.343	     5.17100e+06	
      5978.342	     5.16864e+06	
      5983.340	     5.16629e+06	
      5988.339	     5.16390e+06	
      5993.338	     5.16151e+06	
      5998.336	     5.15912e+06	
      6003.335	     5.15670e+06	
      6008.333	     5.15429e+06	
      6013.332	     5.15187e+06	
      6018.331	     5.14942e+06	
      6023.329	     5.14697e+06	
      6028.328	     5.14448e+06	
      6033.327	     5.14200e+06	
      6038.325	     5.13952e+06	
      6043.324	     5.13704e+06	
      6048.323	     5.13452e+06	
      6053.321	     5.13198e+06	
      6058.320	     5.12947e+06	
      6063.319	     5.12692e+06	
      6068.317	     5.12435e+06	
      6073.316	     5.12180e+06	
      6078.315	     5.11923e+06	
      6083.313	     5.11662e+06	
      6088.312	     5.11404e+06	
      6093.311	     5.11140e+06	
      6098.309	     5.10880e+06	
      6103.308	     5.10616e+06	
      6108.307	     5.10352e+06	
      6113.305	     5.10088e+06	
      6118.304	     5.09821e+06	
      6123.303	     5.09554e+06	
      6128.301	     5.09284e+06	
      6133.300	     5.09017e+06	
      6138.298	     5.08746e+06	
      6143.297	     5.08473e+06	
      6148.296	     5.08200e+06	
      6153.294	     5.07926e+06	
      6158.293	     5.07650e+06	
      6163.292	     5.07373e+06	
      6168.290	     5.07097e+06	
      6173.289	     5.06817e+06	
      6178.288	     5.06541e+06	
      6183.286	     5.06258e+06	
      6188.285	     5.05979e+06	
      6193.284	     5.05696e+06	
      6198.282	     5.05410e+06	
      6203.281	     5.05127e+06	
      6208.280	     5.04841e+06	
      6213.278	     5.04552e+06	
      6218.277	     5.04266e+06	
      6223.276	     5.03974e+06	
      6228.274	     5.03685e+06	
      6233.273	     5.03393e+06	
      6238.272	     5.03101e+06	
      6243.270	     5.02809e+06	
      6244.381	     5.02743e+06	
      6248.269	     5.02513e+06	
      6252.157	     5.02281e+06	
      6253.821	     5.02184e+06	
      6256.044	     5.02052e+06	
      6258.266	     5.01920e+06	
      6262.157	     5.01687e+06	
      6262.711	     5.01653e+06	
      6263.265	     5.01621e+06	
      6264.372	     5.01552e+06	
      6264.912	     5.01521e+06	
      6266.588	     5.01420e+06	
      6268.263	     5.01320e+06	
      6269.967	     5.01216e+06	
      6271.615	     5.01119e+06	
      6273.262	     5.01018e+06	
      6274.854	     5.00921e+06	
      6276.557	     5.00820e+06	
      6278.261	     5.00716e+06	
      6280.076	     5.00607e+06	
      6281.668	     5.00509e+06	
      6283.259	     5.00412e+06	
      6284.627	     5.00327e+06	
      6286.443	     5.00217e+06	
      6288.258	     5.00107e+06	
      6290.521	     4.99969e+06	
      6291.889	     4.99884e+06	
      6293.257	     4.99799e+06	
      6293.729	     4.99771e+06	
      6295.992	     4.99629e+06	
      6298.255	     4.99491e+06	
      6302.310	     4.99240e+06	
      6302.782	     4.99212e+06	
      6303.254	     4.99180e+06	
      6303.918	     4.99139e+06	
      6304.198	     4.99124e+06	
      6306.085	     4.99004e+06	
      6308.253	     4.98869e+06	
      6311.924	     4.98640e+06	
      6312.587	     4.98599e+06	
      6313.251	     4.98555e+06	
      6314.579	     4.98473e+06	
      6316.219	     4.98370e+06	
      6317.234	     4.98307e+06	
      6317.314	     4.98301e+06	
      6318.250	     4.98241e+06	
      6320.281	     4.98112e+06	
      6323.249	     4.97924e+06	
      6328.247	     4.97606e+06	
      6333.246	     4.97286e+06	
      6338.245	     4.96962e+06	
      6343.243	     4.96639e+06	
      6348.242	     4.96309e+06	
      6353.241	     4.95979e+06	
      6358.239	     4.95649e+06	
      6363.238	     4.95313e+06	
      6368.236	     4.94974e+06	
      6373.235	     4.94631e+06	
      6378.234	     4.94289e+06	
      6383.232	     4.93940e+06	
      6388.231	     4.93585e+06	
      6393.230	     4.93227e+06	
      6398.228	     4.92866e+06	
      6403.227	     4.92498e+06	
      6408.226	     4.92124e+06	
      6413.224	     4.91744e+06	
      6418.223	     4.91355e+06	
      6423.222	     4.90959e+06	
      6428.220	     4.90553e+06	
      6433.219	     4.90139e+06	
      6438.218	     4.89711e+06	
      6443.216	     4.89268e+06	
      6448.215	     4.88813e+06	
      6453.214	     4.88339e+06	
      6458.212	     4.87842e+06	
      6463.211	     4.87324e+06	
      6468.210	     4.86777e+06	
      6473.208	     4.86199e+06	
      6478.207	     4.85580e+06	
      6483.205	     4.84917e+06	
      6488.204	     4.84198e+06	
      6493.203	     4.83413e+06	
      6498.201	     4.82545e+06	
      6503.200	     4.81581e+06	
      6508.199	     4.80494e+06	
      6513.197	     4.79259e+06	
      6518.196	     4.77836e+06	
      6523.195	     4.76177e+06	
      6523.719	     4.75989e+06	
      6528.193	     4.74230e+06	
      6532.668	     4.72181e+06	
      6536.095	     4.70378e+06	
      6537.143	     4.69781e+06	
      6537.383	     4.69640e+06	
      6538.191	     4.69162e+06	
      6540.286	     4.67852e+06	
      6543.189	     4.65876e+06	
      6546.457	     4.63404e+06	
      6546.724	     4.63190e+06	
      6548.188	     4.61990e+06	
      6549.918	     4.60507e+06	
      6553.113	     4.57604e+06	
      6554.426	     4.56357e+06	
      6556.306	     4.54526e+06	
      6556.871	     4.53960e+06	
      6557.903	     4.52911e+06	
      6558.185	     4.52616e+06	
      6559.500	     4.51167e+06	
      6560.298	     4.50165e+06	
      6561.096	     4.48965e+06	
      6561.496	     4.48249e+06	
      6561.895	     4.47523e+06	
      6562.094	     4.47049e+06	
      6562.294	     4.46386e+06	
      6562.394	     4.45899e+06	
      6562.494	     4.45198e+06	
      6562.594	     4.44146e+06	
      6562.693	     4.43024e+06	
      6562.793	     4.42430e+06	
      6562.892	     4.43002e+06	
      6562.992	     4.44124e+06	
      6563.092	     4.45167e+06	
      6563.289	     4.46320e+06	
      6563.291	     4.46326e+06	
      6563.490	     4.46967e+06	
      6563.691	     4.47429e+06	
      6563.696	     4.47438e+06	
      6564.093	     4.48114e+06	
      6564.481	     4.48767e+06	
      6564.490	     4.48780e+06	
      6565.283	     4.49889e+06	
      6566.086	     4.50806e+06	
      6567.201	     4.51921e+06	
      6567.692	     4.52380e+06	
      6568.183	     4.52829e+06	
      6569.048	     4.53602e+06	
      6569.164	     4.53703e+06	
      6569.280	     4.53806e+06	
      6569.334	     4.53853e+06	
      6569.512	     4.54007e+06	
      6569.976	     4.54413e+06	
      6570.904	     4.55204e+06	
      6572.473	     4.56517e+06	
      6575.558	     4.58955e+06	
      6575.613	     4.58996e+06	
      6575.667	     4.59040e+06	
      6575.777	     4.59122e+06	
      6575.997	     4.59288e+06	
      6576.437	     4.59615e+06	
      6576.454	     4.59628e+06	
      6576.632	     4.59756e+06	
      6577.317	     4.60256e+06	
      6578.180	     4.60865e+06	
      6579.905	     4.62028e+06	
      6583.178	     4.64032e+06	
      6587.911	     4.66473e+06	
      6588.177	     4.66596e+06	
      6588.443	     4.66715e+06	
      6588.975	     4.66954e+06	
      6590.039	     4.67409e+06	
      6591.023	     4.67815e+06	
      6592.166	     4.68258e+06	
      6593.014	     4.68575e+06	
      6593.309	     4.68678e+06	
      6595.594	     4.69454e+06	
      6598.174	     4.70230e+06	
      6603.335	     4.71506e+06	
      6613.656	     4.73218e+06	
      6623.977	     4.74164e+06	
      6634.299	     4.74619e+06	
      6654.941	     4.74670e+06	
      6675.584	     4.74091e+06	
      6680.975	     4.73881e+06	
      6696.226	     4.73196e+06	
      6711.477	     4.72411e+06	
      6741.979	     4.70667e+06	
      6781.185	     4.68223e+06	
      6802.982	     4.66806e+06	
      6824.779	     4.65358e+06	
      6868.373	     4.62427e+06	
      6955.562	     4.56398e+06	
      6976.354	     4.54937e+06	
      7042.750	     4.50225e+06	
      7109.146	     4.45459e+06	
      7175.542	     4.40696e+06	
      7241.938	     4.35899e+06	
      7308.334	     4.31070e+06	
      7355.946	     4.27596e+06	
      7374.730	     4.26251e+06	
      7393.514	     4.24875e+06	
      7431.082	     4.22145e+06	
      7506.218	     4.16676e+06	
      7581.353	     4.11203e+06	
      7635.097	     4.07282e+06	
      7656.489	     4.05724e+06	
      7677.881	     4.04163e+06	
      7720.666	     4.01075e+06	
      7806.234	     3.94904e+06	
      7821.358	     3.93814e+06	
      7891.803	     3.88750e+06	
      7962.248	     3.83702e+06	
      7982.837	     3.82238e+06	
      8032.693	     3.78703e+06	
      8082.550	     3.75178e+06	
      8161.675	     3.69630e+06	
      8182.262	     3.68192e+06	
      8200.850	     3.66894e+06	
      8202.850	     3.66756e+06	
      8204.849	     3.66618e+06	
      8208.848	     3.66338e+06	
      8216.846	     3.65785e+06	
      8232.842	     3.64676e+06	
      8264.833	     3.62468e+06	
      8289.715	     3.60752e+06	
      8328.816	     3.58063e+06	
      8343.441	     3.57058e+06	
      8367.916	     3.55383e+06	
      8371.465	     3.55141e+06	
      8388.684	     3.53973e+06	
      8392.391	     3.53721e+06	
      8408.650	     3.52619e+06	
      8413.318	     3.52301e+06	
      8432.024	     3.51035e+06	
      8437.951	     3.50636e+06	
      8467.252	     3.48657e+06	
      8473.978	     3.48205e+06	
      8502.481	     3.46288e+06	
      8516.584	     3.45343e+06	
      8530.983	     3.44378e+06	
      8545.382	     3.43423e+06	
      8549.972	     3.43118e+06	
      8574.180	     3.41516e+06	
      8598.388	     3.39917e+06	
      8628.597	     3.37929e+06	
      8646.805	     3.36732e+06	
      8652.391	     3.36367e+06	
      8665.013	     3.35541e+06	
      8685.587	     3.34196e+06	
      8701.429	     3.33163e+06	
      8750.468	     3.29974e+06	
      8767.917	     3.28846e+06	
      8815.350	     3.25789e+06	
      8862.782	     3.22780e+06	
      8900.383	     3.20405e+06	
      8957.646	     3.16811e+06	
      9014.908	     3.13247e+06	
      9044.624	     3.11409e+06	
      9072.171	     3.09711e+06	
      9099.717	     3.08020e+06	
      9154.810	     3.04689e+06	
      9190.798	     3.02527e+06	
      9209.903	     3.01384e+06	
      9229.009	     3.00244e+06	
      9267.221	     2.97974e+06	
      9303.204	     2.95848e+06	
      9343.644	     2.93473e+06	
      9384.084	     2.91113e+06	
      9464.964	     2.86479e+06	
      9545.723	     2.81910e+06	
      9545.844	     2.81903e+06	
      9545.965	     2.81896e+06	
      9546.207	     2.81883e+06	
      9546.691	     2.81856e+06	
      9546.866	     2.81846e+06	
      9547.658	     2.81801e+06	
      9549.594	     2.81693e+06	
      9553.465	     2.81476e+06	
      9561.207	     2.81042e+06	
      9576.691	     2.80174e+06	
      9607.658	     2.78447e+06	
      9668.451	     2.75082e+06	
      9729.243	     2.71780e+06	
      9790.036	     2.68512e+06	
      9850.828	     2.65277e+06	
      9870.422	     2.64242e+06	
      9911.620	     2.62076e+06	
      9952.819	     2.59925e+06	
     10021.070	     2.56428e+06	
     10035.217	     2.55708e+06	
     10049.364	     2.54988e+06	
     10077.658	     2.53560e+06	
     10134.247	     2.50721e+06	
     10144.484	     2.50211e+06	
     10190.835	     2.47910e+06	
     10237.187	     2.45629e+06	
     10329.890	     2.41226e+06	
     10422.592	     2.36892e+06	
     10515.295	     2.32629e+06	
     10607.998	     2.28436e+06	
     10700.701	     2.24313e+06	
     10793.403	     2.20259e+06	
     10834.127	     2.18499e+06	
     10886.106	     2.16271e+06	
     10938.085	     2.14060e+06	
     10990.064	     2.11888e+06	
     11042.043	     2.09731e+06	
     11094.022	     2.07595e+06	
     11146.000	     2.05479e+06	
     11197.979	     2.03384e+06	
     11239.008	     2.01746e+06	
     11249.958	     2.01311e+06	
     11260.908	     2.00877e+06	
     11282.808	     2.00044e+06	
     11326.608	     1.98390e+06	
     11414.209	     1.95121e+06	
     11501.809	     1.91904e+06	
     11589.411	     1.88738e+06	
     11677.011	     1.85624e+06	
     11764.612	     1.82560e+06	
     11852.212	     1.79548e+06	
     11939.813	     1.76585e+06	
     12027.413	     1.73672e+06	
     12115.014	     1.70808e+06	
     12120.600	     1.70627e+06	
     12202.614	     1.67993e+06	
     12284.629	     1.65400e+06	
     12366.644	     1.62967e+06	
     12448.658	     1.60569e+06	
     12530.673	     1.58205e+06	
     12612.688	     1.55874e+06	
     12694.701	     1.53572e+06	
     12735.367	     1.52438e+06	
     12776.716	     1.51288e+06	
     12818.066	     1.50140e+06	
     12900.764	     1.47952e+06	
     12983.464	     1.45777e+06	
     13066.162	     1.43625e+06	
     13148.861	     1.41504e+06	
     13154.771	     1.41353e+06	
     13231.560	     1.39414e+06	
     13308.350	     1.37502e+06	
     13385.140	     1.35727e+06	
     13461.929	     1.33976e+06	
     13538.719	     1.32247e+06	
     13615.509	     1.30539e+06	
     13692.299	     1.28854e+06	
     13769.088	     1.27191e+06	
     13845.878	     1.25549e+06	
     13922.668	     1.23928e+06	
     13999.458	     1.22329e+06	
     14076.247	     1.20752e+06	
     14153.038	     1.19195e+06	
     14229.828	     1.17659e+06	
     14281.164	     1.16644e+06	
     14306.618	     1.16143e+06	
     14332.071	     1.15646e+06	
     14382.978	     1.14694e+06	
     14410.128	     1.14190e+06	
     14427.096	     1.13876e+06	
     14433.884	     1.13750e+06	
     14457.640	     1.13312e+06	
     14505.152	     1.12449e+06	
     14581.211	     1.11081e+06	
     14583.210	     1.11045e+06	
     14585.210	     1.11010e+06	
     14589.208	     1.10941e+06	
     14597.206	     1.10803e+06	
     14613.202	     1.10528e+06	
     14645.193	     1.09980e+06	
     14709.176	     1.08891e+06	
     14773.158	     1.07813e+06	
     14837.141	     1.06743e+06	
     14901.123	     1.05683e+06	
     14965.106	     1.04634e+06	
     15029.088	     1.03594e+06	
     15093.071	     1.02564e+06	
     15157.054	     1.01544e+06	
     15221.036	     1.00533e+06	
     15285.019	     9.95319e+05	
     15349.001	     9.85408e+05	
     15412.984	     9.75593e+05	
     15471.572	     9.66690e+05	
     15476.966	     9.65876e+05	
     15482.361	     9.65060e+05	
     15493.150	     9.63395e+05	
     15514.728	     9.60074e+05	
     15557.884	     9.53464e+05	
     15644.197	     9.40376e+05	
     15730.509	     9.27467e+05	
     15816.821	     9.14738e+05	
     15903.134	     9.02190e+05	
     15989.446	     8.89815e+05	
     16075.759	     8.77610e+05	
     16162.071	     8.65581e+05	
     16248.384	     8.53728e+05	
     16289.880	     8.48089e+05	
     16334.696	     8.42044e+05	
     16379.512	     8.36044e+05	
     16469.143	     8.21872e+05	
     16558.775	     8.07996e+05	
     16648.406	     7.94399e+05	
     16738.038	     7.81082e+05	
     16827.669	     7.68035e+05	
     16917.301	     7.55251e+05	
     17006.933	     7.42729e+05	
     17096.564	     7.30455e+05	
     17186.196	     7.18429e+05	
     17275.827	     7.06642e+05	
     17327.685	     6.99931e+05	
     17365.459	     6.95090e+05	
     17403.232	     6.90293e+05	
     17478.780	     6.80805e+05	
     17554.327	     6.71478e+05	
     17629.874	     6.62304e+05	
     17705.422	     6.53285e+05	
     17780.969	     6.44416e+05	
     17856.517	     6.35692e+05	
     17932.064	     6.27112e+05	
     18007.611	     6.18388e+05	
     18083.159	     6.10038e+05	
     18158.706	     6.01803e+05	
     18234.253	     5.93676e+05	
     18309.801	     5.85643e+05	
     18343.743	     5.82055e+05	
     18385.348	     5.77676e+05	
     18426.953	     5.73303e+05	
     18510.162	     5.64544e+05	
     18593.371	     5.55653e+05	
     18602.053	     5.54714e+05	
     18676.581	     5.46521e+05	
     18751.108	     5.38500e+05	
     18825.636	     5.32588e+05	
     18900.163	     5.26770e+05	
     18974.691	     5.20694e+05	
     19049.219	     5.14458e+05	
     19123.746	     5.08171e+05	
     19198.274	     5.01898e+05	
     19272.802	     4.95665e+05	
     19347.329	     4.89495e+05	
     19393.041	     4.85747e+05	
     19421.857	     4.83400e+05	
     19450.673	     4.81063e+05	
     19508.305	     4.76429e+05	
     19565.938	     4.71993e+05	
     19623.570	     4.67438e+05	
     19681.202	     4.62939e+05	
     19738.834	     4.58490e+05	
     19796.467	     4.54095e+05	
     19854.099	     4.49754e+05	
     19911.731	     4.45459e+05	
     19969.363	     4.41218e+05	
     20026.996	     4.37024e+05	
     20084.628	     4.32880e+05	
     20142.260	     4.28787e+05	
     20199.892	     4.24737e+05	
     20257.525	     4.20735e+05	
     20315.157	     4.16779e+05	
     20372.789	     4.12871e+05	
     20386.449	     4.11951e+05	
     20430.421	     4.09007e+05	
     20474.393	     4.06089e+05	
     20562.337	     4.00327e+05	
     20650.280	     3.94669e+05	
     20738.224	     3.89108e+05	
     20826.167	     3.83642e+05	
     20914.111	     3.78270e+05	
     21002.055	     3.72992e+05	
     21089.998	     3.67802e+05	
     21177.942	     3.62703e+05	
     21265.885	     3.57689e+05	
     21353.829	     3.52760e+05	
     21441.773	     3.47913e+05	
     21529.716	     3.43150e+05	
     21604.704	     3.39151e+05	
     21617.660	     3.38466e+05	
     21630.617	     3.37784e+05	
     21656.529	     3.36421e+05	
     21708.356	     3.33719e+05	
     21760.182	     3.31045e+05	
     21812.008	     3.28394e+05	
     21863.835	     3.25771e+05	
     21915.661	     3.23176e+05	
     21967.487	     3.20603e+05	
     22019.313	     3.18055e+05	
     22071.139	     3.15535e+05	
     22122.966	     3.13037e+05	
     22174.792	     3.10564e+05	
     22226.619	     3.08115e+05	
     22278.445	     3.05690e+05	
     22330.271	     3.03288e+05	
     22382.097	     3.00909e+05	
     22433.923	     2.98554e+05	
     22485.750	     2.96221e+05	
     22537.576	     2.93910e+05	
     22589.403	     2.91622e+05	
     22641.228	     2.89355e+05	
     22693.054	     2.87111e+05	
     22702.925	     2.86686e+05	
     22744.881	     2.84888e+05	
     22784.838	     2.83188e+05	
     22786.838	     2.83103e+05	
     22788.837	     2.83019e+05	
     22792.836	     2.82850e+05	
     22800.834	     2.82511e+05	
     22816.829	     2.81837e+05	
     22848.821	     2.80493e+05	
     22912.803	     2.77830e+05	
     22976.786	     2.75198e+05	
     23040.768	     2.72597e+05	
     23104.751	     2.70026e+05	
     23168.733	     2.67485e+05	
     23232.716	     2.64973e+05	
     23296.698	     2.62491e+05	
     23360.681	     2.60037e+05	
     23424.663	     2.57611e+05	
     23488.646	     2.55213e+05	
     23552.628	     2.52842e+05	
     23616.611	     2.50499e+05	
     23680.593	     2.48182e+05	
     23744.576	     2.45892e+05	
     23808.558	     2.43628e+05	
     23872.541	     2.41389e+05	
     23936.523	     2.39176e+05	
     24000.506	     2.36988e+05	
     24064.488	     2.34825e+05	
     24128.471	     2.32685e+05	
     24192.453	     2.30570e+05	
     24256.436	     2.28479e+05	
     24320.419	     2.26410e+05	
     24384.401	     2.24366e+05	
     24448.384	     2.22343e+05	
     24512.366	     2.20344e+05	
     24576.349	     2.18366e+05	
     24640.331	     2.16410e+05	
     24704.314	     2.14477e+05	
     24768.296	     2.12564e+05	
     24832.279	     2.10672e+05	
     24896.261	     2.08801e+05	
     24960.244	     2.06951e+05	
     25004.437	     2.05684e+05	
     25024.226	     2.05120e+05	
     25044.016	     2.04558e+05	
     25083.595	     2.03440e+05	
     25162.753	     2.01227e+05	
     25241.912	     1.99044e+05	
     25321.070	     1.96889e+05	
     25400.228	     1.94764e+05	
     25479.387	     1.92667e+05	
     25558.545	     1.90597e+05	
     25637.703	     1.88556e+05	
     25716.862	     1.86541e+05	
     25796.020	     1.84552e+05	
     25875.179	     1.82590e+05	
     25954.337	     1.80653e+05	
     26033.495	     1.78742e+05	
     26112.654	     1.76856e+05	
     26191.812	     1.74994e+05	
     26270.970	     1.73157e+05	
     26350.129	     1.71343e+05	
     26429.287	     1.69553e+05	
     26508.445	     1.67786e+05	
     26587.604	     1.66041e+05	
     26666.762	     1.64319e+05	
     26745.921	     1.62619e+05	
     26825.079	     1.60941e+05	
     26904.237	     1.59284e+05	
     26983.396	     1.57648e+05	
     27062.554	     1.56033e+05	
     27141.712	     1.54438e+05	
     27142.547	     1.54422e+05	
     27220.871	     1.52864e+05	
     27299.194	     1.51325e+05	
     27377.518	     1.49807e+05	
     27455.842	     1.48307e+05	
     27534.165	     1.46825e+05	
     27612.489	     1.45363e+05	
     27690.812	     1.43918e+05	
     27769.136	     1.42490e+05	
     27847.459	     1.41081e+05	
     27925.783	     1.39688e+05	
     28004.107	     1.38313e+05	
     28082.430	     1.36954e+05	
     28160.754	     1.35612e+05	
     28239.077	     1.34286e+05	
     28317.401	     1.32976e+05	
     28395.725	     1.31681e+05	
     28474.048	     1.30403e+05	
     28552.372	     1.29140e+05	
     28630.695	     1.27891e+05	
     28709.019	     1.26658e+05	
     28787.343	     1.25440e+05	
     28865.666	     1.24236e+05	
     28943.990	     1.23046e+05	
     29022.313	     1.21870e+05	
     29100.637	     1.20708e+05	
     29178.961	     1.19560e+05	
     29257.284	     1.18426e+05	
     29335.608	     1.17304e+05	
     29413.931	     1.16196e+05	
     29492.255	     1.15101e+05	
     29570.578	     1.14018e+05	
     29648.902	     1.12949e+05	
     29727.226	     1.11891e+05	
     29805.549	     1.10846e+05	
     29883.873	     1.09813e+05	
     29932.600	     1.09176e+05	
     29962.196	     1.08792e+05	
     29991.792	     1.08409e+05	
#time:0.038819
