# Koester WD models
# teff = 5000 K (value for the effective temperature for the model. Temperatures are given in K)
# logg = 8.75 log(cm/s2) (value for Log(G) for the model.)
#
#   WAVELENGTH	#           FLUX	
#   (ANGSTROM)	#  (ERG/CM2/S/A)	
##############	################	
       899.230	     1.10669e-04	
       900.218	     1.14819e-04	
       901.207	     1.19113e-04	
       902.133	     1.23272e-04	
       902.195	     1.23558e-04	
       903.184	     1.28158e-04	
       904.235	     1.33223e-04	
       905.286	     1.38476e-04	
       906.338	     1.43923e-04	
       907.389	     1.49569e-04	
       907.639	     1.50943e-04	
       908.440	     1.55421e-04	
       908.450	     1.55478e-04	
       909.241	     1.60024e-04	
       910.032	     1.64693e-04	
       911.193	     1.71781e-04	
       911.613	     1.74417e-04	
       912.034	     1.77090e-04	
       912.465	     1.79874e-04	
       912.875	     1.82553e-04	
       913.037	     1.83625e-04	
       913.241	     1.84982e-04	
       913.284	     1.85269e-04	
       913.478	     1.86571e-04	
       913.531	     1.86928e-04	
       913.755	     1.88438e-04	
       913.822	     1.88894e-04	
       914.080	     1.90658e-04	
       914.165	     1.91243e-04	
       914.499	     1.93557e-04	
       914.575	     1.94087e-04	
       915.071	     1.97573e-04	
       915.540	     2.00930e-04	
       915.609	     2.01421e-04	
       915.643	     2.01668e-04	
       915.677	     2.01914e-04	
       915.741	     2.02378e-04	
       915.813	     2.02902e-04	
       916.085	     2.04891e-04	
       916.429	     2.07433e-04	
       916.858	     2.10637e-04	
       917.118	     2.12606e-04	
       917.196	     2.13200e-04	
       917.378	     2.14592e-04	
       917.899	     2.18617e-04	
       917.952	     2.19031e-04	
       918.287	     2.21665e-04	
       918.602	     2.24161e-04	
       919.251	     2.29404e-04	
       920.215	     2.37394e-04	
       921.882	     2.51827e-04	
       921.999	     2.52871e-04	
       922.143	     2.54162e-04	
       922.405	     2.56518e-04	
       922.810	     2.60213e-04	
       923.621	     2.67754e-04	
       925.001	     2.81063e-04	
       925.242	     2.83451e-04	
       925.484	     2.85858e-04	
       925.564	     2.86662e-04	
       925.966	     2.90731e-04	
       926.164	     2.92754e-04	
       926.369	     2.94853e-04	
       927.173	     3.03262e-04	
       927.276	     3.04345e-04	
       928.182	     3.14122e-04	
       928.917	     3.22258e-04	
       928.980	     3.22965e-04	
       929.089	     3.24190e-04	
       929.261	     3.26138e-04	
       929.317	     3.26760e-04	
       929.543	     3.29339e-04	
       929.655	     3.30621e-04	
       929.769	     3.31934e-04	
       929.827	     3.32604e-04	
       929.883	     3.33251e-04	
       929.910	     3.33565e-04	
       929.939	     3.33901e-04	
       929.954	     3.34074e-04	
       929.968	     3.34237e-04	
       929.982	     3.34401e-04	
       929.996	     3.34561e-04	
       930.010	     3.34724e-04	
       930.024	     3.34887e-04	
       930.038	     3.35051e-04	
       930.052	     3.35211e-04	
       930.081	     3.35550e-04	
       930.137	     3.36204e-04	
       930.201	     3.36952e-04	
       930.247	     3.37489e-04	
       930.249	     3.37511e-04	
       930.251	     3.37536e-04	
       930.301	     3.38120e-04	
       930.326	     3.38403e-04	
       930.329	     3.38437e-04	
       930.402	     3.39295e-04	
       930.478	     3.40194e-04	
       930.630	     3.41991e-04	
       930.931	     3.45575e-04	
       931.229	     3.49160e-04	
       931.490	     3.52311e-04	
       931.534	     3.52848e-04	
       931.838	     3.56574e-04	
       932.447	     3.64133e-04	
       933.265	     3.74538e-04	
       933.403	     3.76319e-04	
       933.432	     3.76680e-04	
       933.542	     3.78106e-04	
       933.652	     3.79539e-04	
       933.872	     3.82417e-04	
       933.973	     3.83746e-04	
       934.073	     3.85068e-04	
       934.312	     3.88241e-04	
       934.316	     3.88295e-04	
       934.652	     3.92787e-04	
       935.230	     4.00666e-04	
       935.688	     4.07018e-04	
       936.144	     4.13449e-04	
       936.372	     4.16691e-04	
       936.601	     4.19956e-04	
       936.714	     4.21580e-04	
       936.829	     4.23242e-04	
       936.887	     4.24080e-04	
       936.944	     4.24907e-04	
       936.973	     4.25328e-04	
       937.001	     4.25736e-04	
       937.015	     4.25937e-04	
       937.029	     4.26141e-04	
       937.043	     4.26346e-04	
       937.058	     4.26565e-04	
       937.072	     4.26770e-04	
       937.086	     4.26974e-04	
       937.101	     4.27191e-04	
       937.115	     4.27395e-04	
       937.143	     4.27803e-04	
       937.200	     4.28639e-04	
       937.314	     4.30310e-04	
       937.493	     4.32946e-04	
       937.542	     4.33672e-04	
       937.593	     4.34426e-04	
       937.694	     4.35912e-04	
       937.788	     4.37310e-04	
       937.894	     4.38890e-04	
       938.000	     4.40473e-04	
       938.212	     4.43643e-04	
       938.359	     4.45839e-04	
       938.556	     4.48783e-04	
       938.636	     4.49980e-04	
       938.914	     4.54142e-04	
       939.231	     4.58924e-04	
       939.271	     4.59530e-04	
       939.986	     4.70472e-04	
       940.740	     4.82278e-04	
       941.452	     4.93582e-04	
       942.250	     5.06594e-04	
       943.048	     5.20022e-04	
       943.978	     5.35629e-04	
       944.643	     5.47897e-04	
       945.308	     5.60686e-04	
       946.115	     5.76881e-04	
       946.233	     5.79313e-04	
       946.637	     5.87748e-04	
       947.158	     5.98935e-04	
       947.621	     6.08819e-04	
       948.083	     6.18485e-04	
       948.314	     6.23270e-04	
       948.546	     6.28080e-04	
       948.661	     6.30489e-04	
       948.777	     6.32924e-04	
       948.835	     6.34146e-04	
       948.893	     6.35371e-04	
       948.922	     6.35984e-04	
       948.951	     6.36597e-04	
       948.966	     6.36914e-04	
       948.980	     6.37212e-04	
       948.994	     6.37508e-04	
       949.009	     6.37825e-04	
       949.023	     6.38123e-04	
       949.037	     6.38419e-04	
       949.052	     6.38739e-04	
       949.066	     6.39035e-04	
       949.095	     6.39650e-04	
       949.153	     6.40885e-04	
       949.230	     6.42528e-04	
       949.258	     6.43125e-04	
       949.269	     6.43360e-04	
       949.280	     6.43596e-04	
       949.330	     6.44664e-04	
       949.360	     6.45308e-04	
       949.430	     6.46810e-04	
       949.500	     6.48315e-04	
       949.640	     6.51334e-04	
       949.795	     6.54670e-04	
       949.879	     6.56495e-04	
       949.921	     6.57407e-04	
       949.963	     6.58318e-04	
       950.047	     6.60140e-04	
       950.131	     6.61959e-04	
       950.467	     6.69128e-04	
       950.718	     6.74355e-04	
       950.888	     6.77865e-04	
       951.728	     6.95351e-04	
       952.738	     7.17753e-04	
       953.502	     7.35802e-04	
       953.748	     7.41812e-04	
       954.758	     7.67274e-04	
       956.014	     8.00261e-04	
       957.270	     8.34489e-04	
       957.764	     8.48095e-04	
       958.148	     8.58830e-04	
       958.526	     8.69605e-04	
       959.289	     8.91678e-04	
       960.430	     9.25051e-04	
       961.192	     9.47011e-04	
       962.712	     9.93051e-04	
       963.468	     1.01696e-03	
       964.231	     1.04165e-03	
       965.750	     1.09234e-03	
       966.767	     1.12747e-03	
       968.032	     1.17261e-03	
       968.668	     1.19588e-03	
       968.979	     1.20742e-03	
       969.297	     1.21932e-03	
       969.927	     1.24326e-03	
       970.401	     1.26197e-03	
       970.874	     1.28207e-03	
       971.110	     1.29330e-03	
       971.348	     1.30695e-03	
       971.467	     1.31410e-03	
       971.585	     1.31894e-03	
       971.644	     1.32093e-03	
       971.703	     1.32601e-03	
       971.732	     1.32943e-03	
       971.762	     1.33209e-03	
       971.778	     1.33291e-03	
       971.792	     1.33351e-03	
       971.806	     1.33409e-03	
       971.821	     1.33473e-03	
       971.827	     1.33498e-03	
       971.833	     1.33523e-03	
       971.836	     1.33536e-03	
       971.839	     1.33548e-03	
       971.851	     1.33599e-03	
       971.866	     1.33663e-03	
       971.880	     1.33722e-03	
       971.910	     1.33841e-03	
       971.969	     1.33760e-03	
       972.037	     1.33738e-03	
       972.087	     1.33987e-03	
       972.137	     1.34250e-03	
       972.150	     1.34304e-03	
       972.199	     1.34503e-03	
       972.237	     1.34589e-03	
       972.324	     1.34765e-03	
       972.499	     1.35085e-03	
       972.798	     1.35905e-03	
       973.047	     1.36743e-03	
       973.097	     1.36925e-03	
       973.248	     1.37495e-03	
       973.396	     1.38068e-03	
       973.746	     1.39471e-03	
       974.444	     1.42380e-03	
       975.640	     1.47601e-03	
       976.759	     1.52691e-03	
       976.836	     1.53047e-03	
       978.032	     1.58685e-03	
       979.305	     1.64902e-03	
       979.778	     1.67266e-03	
       980.578	     1.71337e-03	
       981.851	     1.78018e-03	
       983.923	     1.89440e-03	
       985.373	     1.97843e-03	
       985.996	     2.01560e-03	
       986.414	     2.04096e-03	
       986.618	     2.05345e-03	
       987.863	     2.13091e-03	
       989.312	     2.22478e-03	
       990.541	     2.30766e-03	
       990.761	     2.32283e-03	
       992.210	     2.42515e-03	
       993.880	     2.54841e-03	
       995.549	     2.67767e-03	
       995.989	     2.71280e-03	
       997.218	     2.81320e-03	
       997.574	     2.84296e-03	
       997.806	     2.86252e-03	
       998.447	     2.91714e-03	
       999.319	     2.99317e-03	
       999.435	     3.00341e-03	
      1001.064	     3.15067e-03	
      1002.694	     3.30477e-03	
      1004.323	     3.46602e-03	
      1005.836	     3.62251e-03	
      1005.952	     3.63476e-03	
      1007.581	     3.81122e-03	
      1009.326	     4.00917e-03	
      1011.071	     4.21737e-03	
      1011.303	     4.24580e-03	
      1012.816	     4.43571e-03	
      1014.329	     4.63360e-03	
      1015.378	     4.77560e-03	
      1015.842	     4.83965e-03	
      1017.355	     5.05429e-03	
      1017.620	     5.09221e-03	
      1019.332	     5.34737e-03	
      1021.044	     5.61616e-03	
      1022.470	     5.85508e-03	
      1022.756	     5.90635e-03	
      1023.043	     5.96023e-03	
      1023.189	     5.98885e-03	
      1023.615	     6.08275e-03	
      1023.828	     6.13584e-03	
      1024.041	     6.19770e-03	
      1024.254	     6.26770e-03	
      1024.394	     6.31891e-03	
      1024.467	     6.34771e-03	
      1024.540	     6.37467e-03	
      1024.582	     6.39082e-03	
      1024.687	     6.42402e-03	
      1024.791	     6.44092e-03	
      1024.852	     6.45095e-03	
      1024.875	     6.45742e-03	
      1024.895	     6.46555e-03	
      1024.915	     6.47482e-03	
      1024.947	     6.49072e-03	
      1024.978	     6.50219e-03	
      1024.993	     6.50561e-03	
      1025.009	     6.50863e-03	
      1025.025	     6.51155e-03	
      1025.040	     6.51431e-03	
      1025.056	     6.51723e-03	
      1025.072	     6.52016e-03	
      1025.087	     6.52292e-03	
      1025.103	     6.52584e-03	
      1025.134	     6.53153e-03	
      1025.196	     6.53313e-03	
      1025.271	     6.52839e-03	
      1025.320	     6.53586e-03	
      1025.371	     6.54786e-03	
      1025.471	     6.56401e-03	
      1025.571	     6.56618e-03	
      1025.671	     6.56442e-03	
      1025.871	     6.56021e-03	
      1026.070	     6.56436e-03	
      1026.469	     6.59559e-03	
      1026.665	     6.61924e-03	
      1026.867	     6.64573e-03	
      1027.069	     6.67683e-03	
      1027.473	     6.74384e-03	
      1027.496	     6.74780e-03	
      1028.282	     6.88951e-03	
      1028.796	     6.98678e-03	
      1029.067	     7.03896e-03	
      1029.338	     7.09158e-03	
      1029.881	     7.19846e-03	
      1030.965	     7.41758e-03	
      1033.082	     7.86548e-03	
      1033.135	     7.87682e-03	
      1033.187	     7.88816e-03	
      1033.230	     7.89756e-03	
      1033.291	     7.91091e-03	
      1033.499	     7.95659e-03	
      1033.915	     8.04870e-03	
      1034.747	     8.23597e-03	
      1036.265	     8.58779e-03	
      1037.783	     8.95366e-03	
      1039.172	     9.30119e-03	
      1039.258	     9.32312e-03	
      1039.301	     9.33411e-03	
      1039.344	     9.34511e-03	
      1039.504	     9.38632e-03	
      1039.516	     9.38940e-03	
      1039.860	     9.47862e-03	
      1040.549	     9.65939e-03	
      1041.925	     1.00306e-02	
      1044.347	     1.07159e-02	
      1046.768	     1.14444e-02	
      1049.029	     1.21659e-02	
      1049.189	     1.22186e-02	
      1049.349	     1.22715e-02	
      1049.670	     1.23774e-02	
      1050.310	     1.25919e-02	
      1051.591	     1.30311e-02	
      1053.952	     1.38784e-02	
      1054.152	     1.39525e-02	
      1054.352	     1.40270e-02	
      1054.752	     1.41770e-02	
      1054.952	     1.42526e-02	
      1055.553	     1.44815e-02	
      1057.153	     1.51088e-02	
      1059.355	     1.60124e-02	
      1061.556	     1.69699e-02	
      1063.156	     1.76992e-02	
      1063.757	     1.79801e-02	
      1064.357	     1.82651e-02	
      1065.558	     1.88476e-02	
      1066.558	     1.93461e-02	
      1067.959	     2.00645e-02	
      1069.359	     2.08075e-02	
      1069.960	     2.11317e-02	
      1072.161	     2.23605e-02	
      1074.362	     2.36550e-02	
      1076.563	     2.50182e-02	
      1078.163	     2.60546e-02	
      1078.687	     2.64022e-02	
      1078.764	     2.64534e-02	
      1078.980	     2.65984e-02	
      1079.364	     2.68579e-02	
      1080.565	     2.76889e-02	
      1080.712	     2.77918e-02	
      1082.442	     2.90352e-02	
      1084.173	     3.03294e-02	
      1085.905	     3.16770e-02	
      1087.637	     3.30803e-02	
      1089.318	     3.44975e-02	
      1089.367	     3.45399e-02	
      1089.418	     3.45836e-02	
      1089.518	     3.46694e-02	
      1089.718	     3.48415e-02	
      1090.119	     3.51880e-02	
      1090.669	     3.56700e-02	
      1090.919	     3.58911e-02	
      1092.520	     3.73359e-02	
      1094.370	     3.90729e-02	
      1096.221	     4.08841e-02	
      1096.771	     4.14373e-02	
      1098.072	     4.27722e-02	
      1099.372	     4.41466e-02	
      1099.573	     4.43624e-02	
      1101.974	     4.70322e-02	
      1104.374	     4.98483e-02	
      1106.775	     5.28187e-02	
      1108.976	     5.56825e-02	
      1109.176	     5.59496e-02	
      1109.376	     5.62182e-02	
      1109.777	     5.67529e-02	
      1109.977	     5.70221e-02	
      1110.577	     5.78367e-02	
      1112.177	     6.00610e-02	
      1114.378	     6.32478e-02	
      1116.579	     6.65889e-02	
      1118.180	     6.91194e-02	
      1118.684	     6.99344e-02	
      1118.780	     7.00908e-02	
      1119.380	     7.10748e-02	
      1120.076	     7.22318e-02	
      1121.469	     7.45984e-02	
      1123.778	     7.86787e-02	
      1124.254	     7.95492e-02	
      1124.730	     8.04326e-02	
      1125.682	     8.22262e-02	
      1125.790	     8.24319e-02	
      1127.075	     8.49151e-02	
      1127.587	     8.59238e-02	
      1129.384	     8.95505e-02	
      1131.692	     9.44149e-02	
      1132.463	     9.60900e-02	
      1134.001	     9.95191e-02	
      1135.540	     1.03060e-01	
      1137.846	     1.08590e-01	
      1138.617	     1.10497e-01	
      1139.387	     1.12436e-01	
      1140.927	     1.16410e-01	
      1143.628	     1.23707e-01	
      1143.948	     1.24600e-01	
      1144.008	     1.24768e-01	
      1144.388	     1.25838e-01	
      1145.149	     1.28003e-01	
      1146.669	     1.32448e-01	
      1149.390	     1.40781e-01	
      1149.830	     1.42183e-01	
      1152.111	     1.49667e-01	
      1154.391	     1.57563e-01	
      1156.672	     1.65860e-01	
      1158.513	     1.72830e-01	
      1158.953	     1.74536e-01	
      1159.393	     1.76252e-01	
      1159.673	     1.77349e-01	
      1160.273	     1.79729e-01	
      1162.034	     1.86839e-01	
      1164.394	     1.96726e-01	
      1166.755	     2.06973e-01	
      1168.835	     2.16303e-01	
      1169.115	     2.17588e-01	
      1169.395	     2.18871e-01	
      1169.956	     2.21440e-01	
      1171.076	     2.26633e-01	
      1172.236	     2.32140e-01	
      1173.317	     2.37390e-01	
      1174.397	     2.42740e-01	
      1176.557	     2.53975e-01	
      1178.038	     2.62032e-01	
      1178.718	     2.65822e-01	
      1179.398	     2.69690e-01	
      1180.580	     2.76501e-01	
      1180.758	     2.77538e-01	
      1180.936	     2.78582e-01	
      1181.293	     2.80680e-01	
      1181.690	     2.83021e-01	
      1182.005	     2.84892e-01	
      1183.429	     2.93486e-01	
      1185.168	     3.04258e-01	
      1187.894	     3.21781e-01	
      1188.647	     3.26773e-01	
      1189.400	     3.31831e-01	
      1190.907	     3.42163e-01	
      1193.437	     3.60190e-01	
      1193.919	     3.63721e-01	
      1194.402	     3.67280e-01	
      1195.186	     3.73143e-01	
      1195.366	     3.74500e-01	
      1197.294	     3.89300e-01	
      1199.403	     4.06079e-01	
      1201.511	     4.23528e-01	
      1202.835	     4.34844e-01	
      1203.620	     4.41677e-01	
      1204.404	     4.48607e-01	
      1205.972	     4.62741e-01	
      1208.813	     4.89334e-01	
      1209.109	     4.92181e-01	
      1209.405	     4.95046e-01	
      1209.669	     4.97613e-01	
      1209.997	     5.00817e-01	
      1210.325	     5.04040e-01	
      1210.981	     5.10543e-01	
      1211.894	     5.19726e-01	
      1212.293	     5.23776e-01	
      1212.691	     5.27854e-01	
      1213.102	     5.32082e-01	
      1213.283	     5.33961e-01	
      1213.489	     5.36097e-01	
      1213.875	     5.40140e-01	
      1214.171	     5.43254e-01	
      1214.467	     5.46386e-01	
      1214.615	     5.47957e-01	
      1214.763	     5.49534e-01	
      1214.837	     5.50322e-01	
      1214.911	     5.51111e-01	
      1214.948	     5.51507e-01	
      1214.985	     5.51902e-01	
      1215.004	     5.52107e-01	
      1215.022	     5.52298e-01	
      1215.040	     5.52493e-01	
      1215.059	     5.52694e-01	
      1215.077	     5.52889e-01	
      1215.095	     5.53081e-01	
      1215.114	     5.53285e-01	
      1215.132	     5.53480e-01	
      1215.169	     5.53875e-01	
      1215.243	     5.54670e-01	
      1215.391	     5.56263e-01	
      1215.637	     5.58921e-01	
      1215.687	     5.59461e-01	
      1215.737	     5.60005e-01	
      1215.795	     5.60633e-01	
      1215.837	     5.61088e-01	
      1216.037	     5.63266e-01	
      1216.064	     5.63561e-01	
      1216.279	     5.65908e-01	
      1216.763	     5.71230e-01	
      1217.462	     5.78992e-01	
      1218.315	     5.88587e-01	
      1218.861	     5.94810e-01	
      1218.985	     5.96230e-01	
      1219.407	     6.01090e-01	
      1219.829	     6.05988e-01	
      1220.104	     6.09199e-01	
      1220.673	     6.15887e-01	
      1222.361	     6.36088e-01	
      1224.619	     6.63844e-01	
      1226.876	     6.92545e-01	
      1228.858	     7.18630e-01	
      1229.134	     7.22318e-01	
      1229.409	     7.26025e-01	
      1229.740	     7.30524e-01	
      1229.959	     7.33518e-01	
      1230.178	     7.36518e-01	
      1230.616	     7.42569e-01	
      1231.492	     7.54827e-01	
      1231.694	     7.57683e-01	
      1233.244	     7.79935e-01	
      1234.794	     8.02752e-01	
      1236.380	     8.26760e-01	
      1237.895	     8.50316e-01	
      1239.410	     8.74459e-01	
      1240.470	     8.91716e-01	
      1242.441	     9.24627e-01	
      1244.411	     9.58660e-01	
      1247.291	     1.01058e+00	
      1248.352	     1.03033e+00	
      1248.652	     1.03598e+00	
      1249.412	     1.05044e+00	
      1251.532	     1.09173e+00	
      1254.413	     1.15016e+00	
      1255.173	     1.16604e+00	
      1257.293	     1.21133e+00	
      1259.413	     1.25813e+00	
      1261.534	     1.30659e+00	
      1262.894	     1.33851e+00	
      1263.654	     1.35663e+00	
      1264.414	     1.37497e+00	
      1265.934	     1.41235e+00	
      1268.534	     1.47867e+00	
      1268.975	     1.49015e+00	
      1269.415	     1.50171e+00	
      1269.695	     1.50911e+00	
      1270.295	     1.52516e+00	
      1272.055	     1.57318e+00	
      1274.415	     1.63980e+00	
      1276.775	     1.70874e+00	
      1278.856	     1.77175e+00	
      1279.136	     1.78038e+00	
      1279.416	     1.78904e+00	
      1279.976	     1.80650e+00	
      1281.096	     1.84193e+00	
      1282.256	     1.87925e+00	
      1283.336	     1.91429e+00	
      1283.736	     1.92752e+00	
      1284.416	     1.95024e+00	
      1286.577	     2.02401e+00	
      1286.917	     2.03582e+00	
      1289.417	     2.12457e+00	
      1291.917	     2.21671e+00	
      1294.417	     2.31240e+00	
      1296.918	     2.41175e+00	
      1299.418	     2.51491e+00	
      1301.918	     2.62192e+00	
      1304.418	     2.73290e+00	
      1306.919	     2.84806e+00	
      1309.419	     2.96757e+00	
      1311.919	     3.09160e+00	
      1314.419	     3.22032e+00	
      1316.919	     3.35393e+00	
      1319.420	     3.49245e+00	
      1321.920	     3.63605e+00	
      1324.420	     3.78487e+00	
      1326.920	     3.93918e+00	
      1329.420	     4.09893e+00	
      1331.920	     4.26440e+00	
      1334.421	     4.43580e+00	
      1336.921	     4.61337e+00	
      1339.421	     4.79737e+00	
      1341.921	     4.98791e+00	
      1344.421	     5.18514e+00	
      1346.921	     5.38915e+00	
      1349.421	     5.60030e+00	
      1351.921	     5.81870e+00	
      1354.422	     6.04461e+00	
      1356.922	     6.27828e+00	
      1359.422	     6.52025e+00	
      1361.922	     6.77073e+00	
      1364.422	     7.02969e+00	
      1365.191	     7.11109e+00	
      1369.422	     7.57425e+00	
      1373.653	     8.06397e+00	
      1376.346	     8.39003e+00	
      1377.884	     8.58142e+00	
      1379.422	     8.77651e+00	
      1380.574	     8.92523e+00	
      1382.499	     9.17857e+00	
      1384.423	     9.43813e+00	
      1387.119	     9.81308e+00	
      1388.271	     9.97729e+00	
      1389.031	     1.00870e+01	
      1389.423	     1.01439e+01	
      1391.727	     1.04843e+01	
      1394.423	     1.08961e+01	
      1399.423	     1.16997e+01	
      1404.423	     1.25547e+01	
      1409.423	     1.34640e+01	
      1414.423	     1.44306e+01	
      1419.423	     1.54559e+01	
      1424.423	     1.65453e+01	
      1429.423	     1.77030e+01	
      1434.423	     1.89356e+01	
      1439.423	     2.02445e+01	
      1444.422	     2.16314e+01	
      1449.422	     2.30999e+01	
      1454.422	     2.46529e+01	
      1459.422	     2.62966e+01	
      1464.422	     2.80347e+01	
      1465.960	     2.85884e+01	
      1469.422	     2.98689e+01	
      1472.884	     3.12016e+01	
      1473.268	     3.13532e+01	
      1474.422	     3.18127e+01	
      1476.345	     3.25915e+01	
      1479.421	     3.38752e+01	
      1484.421	     3.60576e+01	
      1489.421	     3.83566e+01	
      1494.421	     4.07842e+01	
      1499.420	     4.33380e+01	
      1504.420	     4.60294e+01	
      1509.420	     4.88675e+01	
      1514.420	     5.18583e+01	
      1519.419	     5.50077e+01	
      1524.419	     5.83183e+01	
      1529.419	     6.17932e+01	
      1534.418	     6.54523e+01	
      1539.418	     6.93067e+01	
      1544.418	     7.33590e+01	
      1549.417	     7.76193e+01	
      1554.417	     8.20992e+01	
      1559.417	     8.67868e+01	
      1564.416	     9.17109e+01	
      1566.724	     9.40521e+01	
      1569.416	     9.68500e+01	
      1570.186	     9.76630e+01	
      1572.107	     9.97138e+01	
      1574.415	     1.02232e+02	
      1574.800	     1.02658e+02	
      1579.415	     1.07881e+02	
      1584.414	     1.13806e+02	
      1589.414	     1.20007e+02	
      1594.413	     1.26499e+02	
      1599.413	     1.33295e+02	
      1604.413	     1.40411e+02	
      1609.412	     1.47867e+02	
      1614.412	     1.55665e+02	
      1619.411	     1.63834e+02	
      1624.410	     1.72399e+02	
      1629.410	     1.81291e+02	
      1634.409	     1.90514e+02	
      1639.409	     1.99935e+02	
      1644.408	     2.09446e+02	
      1649.408	     2.18985e+02	
      1654.407	     2.28680e+02	
      1659.407	     2.38523e+02	
      1664.406	     2.48509e+02	
      1665.560	     2.50829e+02	
      1669.405	     2.58723e+02	
      1670.174	     2.60328e+02	
      1673.251	     2.66877e+02	
      1674.405	     2.69353e+02	
      1676.328	     2.73539e+02	
      1679.404	     2.80460e+02	
      1684.404	     2.91995e+02	
      1689.403	     3.03909e+02	
      1694.402	     3.16362e+02	
      1699.402	     3.29493e+02	
      1704.401	     3.43483e+02	
      1709.400	     3.58233e+02	
      1714.400	     3.73771e+02	
      1719.399	     3.90120e+02	
      1724.398	     4.07191e+02	
      1729.398	     4.24963e+02	
      1734.397	     4.43502e+02	
      1739.396	     4.62860e+02	
      1744.396	     4.83029e+02	
      1749.395	     5.04043e+02	
      1754.394	     5.25893e+02	
      1759.393	     5.48550e+02	
      1764.393	     5.72009e+02	
      1767.084	     5.84990e+02	
      1767.854	     5.88750e+02	
      1769.392	     5.96318e+02	
      1771.700	     6.07816e+02	
      1774.391	     6.21438e+02	
      1775.545	     6.27357e+02	
      1779.391	     6.47441e+02	
      1784.390	     6.74349e+02	
      1789.389	     7.02256e+02	
      1794.388	     7.31215e+02	
      1799.387	     7.61189e+02	
      1804.387	     7.92184e+02	
      1809.386	     8.24231e+02	
      1814.385	     8.57378e+02	
      1819.384	     8.91656e+02	
      1823.999	     9.24301e+02	
      1824.384	     9.27068e+02	
      1829.383	     9.63662e+02	
      1834.767	     1.00443e+03	
      1840.151	     1.04664e+03	
      1845.535	     1.09030e+03	
      1850.919	     1.13551e+03	
      1856.303	     1.18231e+03	
      1861.687	     1.23073e+03	
      1863.998	     1.25201e+03	
      1867.072	     1.28080e+03	
      1870.145	     1.31014e+03	
      1876.292	     1.37064e+03	
      1882.439	     1.43350e+03	
      1888.586	     1.49878e+03	
      1894.733	     1.56658e+03	
      1900.880	     1.63696e+03	
      1906.980	     1.70943e+03	
      1907.027	     1.71000e+03	
      1913.174	     1.78572e+03	
      1919.368	     1.86497e+03	
      1925.561	     1.94687e+03	
      1931.755	     2.03192e+03	
      1937.949	     2.12131e+03	
      1944.143	     2.21260e+03	
      1944.472	     2.21754e+03	
      1950.337	     2.30894e+03	
      1956.531	     2.40677e+03	
      1962.560	     2.50518e+03	
      1968.590	     2.60694e+03	
      1974.620	     2.71207e+03	
      1980.648	     2.82062e+03	
      1992.707	     3.04833e+03	
      2004.766	     3.29098e+03	
      2015.838	     3.52757e+03	
      2016.825	     3.54934e+03	
      2017.811	     3.57117e+03	
      2019.785	     3.61528e+03	
      2023.732	     3.70548e+03	
      2031.627	     3.89089e+03	
      2039.521	     4.08219e+03	
      2047.416	     4.28105e+03	
      2055.310	     4.48780e+03	
      2059.377	     4.59741e+03	
      2063.205	     4.70256e+03	
      2067.032	     4.80962e+03	
      2074.686	     5.03026e+03	
      2082.341	     5.25903e+03	
      2089.995	     5.49612e+03	
      2094.355	     5.63495e+03	
      2097.650	     5.74154e+03	
      2105.304	     5.99542e+03	
      2116.253	     6.37432e+03	
      2127.202	     6.77233e+03	
      2138.151	     7.19299e+03	
      2149.099	     7.63090e+03	
      2154.622	     7.85935e+03	
      2160.048	     8.08916e+03	
      2165.474	     8.32437e+03	
      2176.326	     8.81154e+03	
      2181.364	     9.04534e+03	
      2187.177	     9.32126e+03	
      2189.697	     9.44287e+03	
      2198.029	     9.85411e+03	
      2206.362	     1.02796e+04	
      2214.695	     1.07194e+04	
      2231.360	     1.16336e+04	
      2232.137	     1.16776e+04	
      2248.025	     1.26035e+04	
      2255.970	     1.30824e+04	
      2263.914	     1.35783e+04	
      2271.858	     1.40960e+04	
      2279.803	     1.46222e+04	
      2295.691	     1.57171e+04	
      2310.025	     1.67641e+04	
      2311.580	     1.68815e+04	
      2313.134	     1.69996e+04	
      2316.244	     1.72352e+04	
      2322.462	     1.77139e+04	
      2334.899	     1.87089e+04	
      2347.337	     1.97648e+04	
      2357.193	     2.06344e+04	
      2359.774	     2.08668e+04	
      2362.354	     2.11042e+04	
      2367.515	     2.15928e+04	
      2377.837	     2.25979e+04	
      2387.688	     2.35922e+04	
      2388.159	     2.36406e+04	
      2398.481	     2.47463e+04	
      2409.274	     2.59652e+04	
      2420.066	     2.72372e+04	
      2427.111	     2.81166e+04	
      2430.860	     2.86036e+04	
      2441.652	     3.00414e+04	
      2451.595	     3.14232e+04	
      2456.194	     3.20813e+04	
      2460.793	     3.27904e+04	
      2469.991	     3.42452e+04	
      2479.189	     3.57592e+04	
      2488.387	     3.73356e+04	
      2497.585	     3.90035e+04	
      2503.552	     4.01247e+04	
      2506.782	     4.07421e+04	
      2510.013	     4.13647e+04	
      2516.473	     4.26157e+04	
      2529.394	     4.51375e+04	
      2542.315	     4.78490e+04	
      2551.240	     4.97946e+04	
      2555.236	     5.06861e+04	
      2559.232	     5.15906e+04	
      2567.224	     5.34982e+04	
      2575.216	     5.54752e+04	
      2583.209	     5.75244e+04	
      2591.201	     5.96538e+04	
      2599.193	     6.18702e+04	
      2607.185	     6.41900e+04	
      2615.177	     6.66043e+04	
      2623.169	     6.91213e+04	
      2631.161	     7.17669e+04	
      2636.621	     7.36377e+04	
      2639.153	     7.45236e+04	
      2647.145	     7.74032e+04	
      2657.670	     8.14540e+04	
      2668.194	     8.54099e+04	
      2678.719	     8.95542e+04	
      2689.243	     9.38730e+04	
      2699.768	     9.83460e+04	
      2710.292	     1.02955e+05	
      2720.817	     1.07718e+05	
      2731.341	     1.12683e+05	
      2741.866	     1.17808e+05	
      2748.672	     1.21188e+05	
      2752.390	     1.23056e+05	
      2756.108	     1.24940e+05	
      2763.545	     1.28868e+05	
      2778.417	     1.36979e+05	
      2793.289	     1.45421e+05	
      2808.162	     1.54142e+05	
      2821.266	     1.62091e+05	
      2823.034	     1.63185e+05	
      2837.906	     1.72560e+05	
      2846.226	     1.77942e+05	
      2854.546	     1.83414e+05	
      2862.866	     1.89346e+05	
      2871.186	     1.95465e+05	
      2879.506	     2.01743e+05	
      2887.826	     2.08157e+05	
      2904.466	     2.21429e+05	
      2921.106	     2.35278e+05	
      2922.509	     2.36472e+05	
      2937.746	     2.49717e+05	
      2952.983	     2.63567e+05	
      2968.220	     2.77372e+05	
      2983.458	     2.91593e+05	
      2998.695	     3.06278e+05	
      3006.918	     3.14398e+05	
      3013.932	     3.21438e+05	
      3029.169	     3.37131e+05	
      3040.294	     3.48930e+05	
      3051.421	     3.61004e+05	
      3062.547	     3.74827e+05	
      3073.672	     3.89074e+05	
      3095.923	     4.18884e+05	
      3118.175	     4.50219e+05	
      3130.996	     4.69033e+05	
      3140.426	     4.83212e+05	
      3149.857	     4.97688e+05	
      3159.288	     5.14049e+05	
      3168.718	     5.30904e+05	
      3187.579	     5.65681e+05	
      3202.310	     5.93796e+05	
      3206.441	     6.01829e+05	
      3225.302	     6.39339e+05	
      3236.798	     6.62948e+05	
      3242.546	     6.74968e+05	
      3248.294	     6.87170e+05	
      3254.043	     6.96648e+05	
      3259.790	     7.06205e+05	
      3265.539	     7.15837e+05	
      3271.286	     7.25541e+05	
      3276.315	     7.34093e+05	
      3277.035	     7.35321e+05	
      3288.531	     7.55104e+05	
      3311.523	     7.95608e+05	
      3329.126	     8.27552e+05	
      3346.730	     8.60127e+05	
      3364.334	     8.94433e+05	
      3381.937	     9.29406e+05	
      3389.123	     9.43851e+05	
      3417.145	     1.00122e+06	
      3445.167	     1.06027e+06	
      3458.819	     1.08990e+06	
      3473.189	     1.12154e+06	
      3501.210	     1.18446e+06	
      3543.602	     1.28298e+06	
      3580.705	     1.37300e+06	
      3585.995	     1.38603e+06	
      3591.283	     1.39909e+06	
      3601.861	     1.42560e+06	
      3607.071	     1.43872e+06	
      3623.017	     1.47915e+06	
      3635.884	     1.51205e+06	
      3638.963	     1.51996e+06	
      3642.042	     1.52807e+06	
      3643.122	     1.53092e+06	
      3645.121	     1.53620e+06	
      3645.281	     1.53662e+06	
      3647.121	     1.54148e+06	
      3648.960	     1.54635e+06	
      3651.320	     1.55259e+06	
      3652.639	     1.55608e+06	
      3653.959	     1.55958e+06	
      3654.239	     1.56033e+06	
      3656.598	     1.56658e+06	
      3658.958	     1.57285e+06	
      3663.397	     1.58465e+06	
      3663.676	     1.58539e+06	
      3663.956	     1.58614e+06	
      3664.516	     1.58763e+06	
      3665.636	     1.59060e+06	
      3666.796	     1.59369e+06	
      3667.875	     1.59657e+06	
      3668.275	     1.59764e+06	
      3668.955	     1.59945e+06	
      3671.115	     1.60521e+06	
      3673.954	     1.61279e+06	
      3675.202	     1.61613e+06	
      3678.952	     1.62615e+06	
      3682.583	     1.63588e+06	
      3682.703	     1.63620e+06	
      3682.822	     1.63652e+06	
      3683.062	     1.63716e+06	
      3683.178	     1.63747e+06	
      3683.542	     1.63845e+06	
      3684.502	     1.64102e+06	
      3684.819	     1.64187e+06	
      3685.826	     1.64457e+06	
      3686.832	     1.64727e+06	
      3688.742	     1.65239e+06	
      3688.846	     1.65267e+06	
      3688.939	     1.65292e+06	
      3688.950	     1.65295e+06	
      3689.158	     1.65351e+06	
      3689.377	     1.65409e+06	
      3689.730	     1.65504e+06	
      3689.815	     1.65527e+06	
      3689.900	     1.65550e+06	
      3690.070	     1.65595e+06	
      3690.410	     1.65687e+06	
      3690.624	     1.65744e+06	
      3691.089	     1.65869e+06	
      3691.469	     1.65971e+06	
      3691.554	     1.65994e+06	
      3691.700	     1.66033e+06	
      3692.484	     1.66244e+06	
      3693.499	     1.66516e+06	
      3694.397	     1.66758e+06	
      3695.297	     1.67000e+06	
      3695.808	     1.67137e+06	
      3696.197	     1.67242e+06	
      3696.525	     1.67330e+06	
      3696.586	     1.67347e+06	
      3696.647	     1.67363e+06	
      3696.666	     1.67368e+06	
      3696.759	     1.67393e+06	
      3696.769	     1.67396e+06	
      3696.872	     1.67423e+06	
      3696.929	     1.67439e+06	
      3696.985	     1.67454e+06	
      3697.041	     1.67469e+06	
      3697.097	     1.67484e+06	
      3697.153	     1.67499e+06	
      3697.209	     1.67514e+06	
      3697.265	     1.67529e+06	
      3697.322	     1.67545e+06	
      3697.347	     1.67551e+06	
      3697.405	     1.67567e+06	
      3697.434	     1.67575e+06	
      3697.463	     1.67582e+06	
      3697.499	     1.67592e+06	
      3697.529	     1.67600e+06	
      3697.579	     1.67614e+06	
      3697.659	     1.67635e+06	
      3697.819	     1.67678e+06	
      3698.109	     1.67756e+06	
      3698.429	     1.67842e+06	
      3698.688	     1.67912e+06	
      3698.886	     1.67966e+06	
      3698.947	     1.67982e+06	
      3699.008	     1.67998e+06	
      3699.130	     1.68031e+06	
      3699.374	     1.68097e+06	
      3699.533	     1.68140e+06	
      3699.862	     1.68228e+06	
      3699.879	     1.68233e+06	
      3700.191	     1.68317e+06	
      3700.198	     1.68319e+06	
      3700.503	     1.68401e+06	
      3700.808	     1.68483e+06	
      3700.842	     1.68492e+06	
      3701.092	     1.68559e+06	
      3701.418	     1.68647e+06	
      3701.994	     1.68802e+06	
      3702.444	     1.68924e+06	
      3702.895	     1.69045e+06	
      3703.121	     1.69106e+06	
      3703.346	     1.69167e+06	
      3703.458	     1.69197e+06	
      3703.571	     1.69227e+06	
      3703.628	     1.69243e+06	
      3703.684	     1.69258e+06	
      3703.740	     1.69273e+06	
      3703.797	     1.69288e+06	
      3703.853	     1.69303e+06	
      3703.909	     1.69318e+06	
      3703.966	     1.69334e+06	
      3704.022	     1.69349e+06	
      3704.085	     1.69366e+06	
      3704.134	     1.69379e+06	
      3704.185	     1.69393e+06	
      3704.210	     1.69399e+06	
      3704.222	     1.69403e+06	
      3704.285	     1.69419e+06	
      3704.314	     1.69427e+06	
      3704.360	     1.69440e+06	
      3704.406	     1.69452e+06	
      3704.491	     1.69475e+06	
      3704.567	     1.69496e+06	
      3704.590	     1.69502e+06	
      3704.689	     1.69529e+06	
      3704.811	     1.69561e+06	
      3705.055	     1.69627e+06	
      3705.373	     1.69713e+06	
      3705.543	     1.69759e+06	
      3705.713	     1.69805e+06	
      3706.052	     1.69896e+06	
      3706.073	     1.69902e+06	
      3706.732	     1.70080e+06	
      3707.267	     1.70224e+06	
      3707.391	     1.70257e+06	
      3707.515	     1.70291e+06	
      3707.614	     1.70318e+06	
      3707.763	     1.70358e+06	
      3707.912	     1.70398e+06	
      3708.118	     1.70454e+06	
      3708.210	     1.70479e+06	
      3708.302	     1.70503e+06	
      3708.486	     1.70553e+06	
      3708.763	     1.70628e+06	
      3708.854	     1.70652e+06	
      3708.873	     1.70657e+06	
      3708.945	     1.70677e+06	
      3709.127	     1.70726e+06	
      3709.206	     1.70747e+06	
      3709.491	     1.70824e+06	
      3710.108	     1.70991e+06	
      3710.902	     1.71205e+06	
      3711.011	     1.71235e+06	
      3711.120	     1.71264e+06	
      3711.213	     1.71289e+06	
      3711.323	     1.71319e+06	
      3711.338	     1.71323e+06	
      3711.463	     1.71357e+06	
      3711.517	     1.71371e+06	
      3711.576	     1.71387e+06	
      3711.603	     1.71395e+06	
      3711.689	     1.71418e+06	
      3711.746	     1.71433e+06	
      3711.802	     1.71448e+06	
      3711.858	     1.71463e+06	
      3711.915	     1.71479e+06	
      3711.971	     1.71494e+06	
      3712.027	     1.71509e+06	
      3712.084	     1.71525e+06	
      3712.140	     1.71540e+06	
      3712.203	     1.71557e+06	
      3712.252	     1.71570e+06	
      3712.303	     1.71584e+06	
      3712.327	     1.71590e+06	
      3712.331	     1.71591e+06	
      3712.403	     1.71611e+06	
      3712.479	     1.71631e+06	
      3712.631	     1.71672e+06	
      3712.931	     1.71753e+06	
      3713.228	     1.71833e+06	
      3713.531	     1.71915e+06	
      3713.833	     1.71997e+06	
      3714.242	     1.72108e+06	
      3714.420	     1.72156e+06	
      3714.439	     1.72161e+06	
      3714.636	     1.72215e+06	
      3715.030	     1.72321e+06	
      3715.640	     1.72486e+06	
      3716.765	     1.72790e+06	
      3716.790	     1.72797e+06	
      3716.860	     1.72816e+06	
      3716.955	     1.72841e+06	
      3717.145	     1.72893e+06	
      3717.524	     1.72995e+06	
      3718.189	     1.73175e+06	
      3718.259	     1.73194e+06	
      3718.329	     1.73213e+06	
      3718.469	     1.73251e+06	
      3718.556	     1.73274e+06	
      3718.631	     1.73294e+06	
      3718.734	     1.73322e+06	
      3718.749	     1.73326e+06	
      3718.942	     1.73379e+06	
      3719.253	     1.73463e+06	
      3719.474	     1.73522e+06	
      3719.772	     1.73603e+06	
      3720.070	     1.73684e+06	
      3720.356	     1.73753e+06	
      3720.523	     1.73793e+06	
      3720.666	     1.73828e+06	
      3720.976	     1.73903e+06	
      3721.202	     1.73954e+06	
      3721.428	     1.74006e+06	
      3721.542	     1.74032e+06	
      3721.655	     1.74058e+06	
      3721.711	     1.74071e+06	
      3721.768	     1.74084e+06	
      3721.825	     1.74096e+06	
      3721.881	     1.74109e+06	
      3721.938	     1.74122e+06	
      3721.995	     1.74135e+06	
      3722.051	     1.74148e+06	
      3722.108	     1.74161e+06	
      3722.221	     1.74187e+06	
      3722.398	     1.74227e+06	
      3722.447	     1.74238e+06	
      3722.498	     1.74250e+06	
      3722.598	     1.74273e+06	
      3722.695	     1.74295e+06	
      3722.798	     1.74318e+06	
      3722.901	     1.74342e+06	
      3723.107	     1.74389e+06	
      3723.231	     1.74417e+06	
      3723.519	     1.74483e+06	
      3723.807	     1.74548e+06	
      3724.383	     1.74680e+06	
      3725.451	     1.74923e+06	
      3725.534	     1.74942e+06	
      3725.617	     1.74961e+06	
      3725.751	     1.74992e+06	
      3725.783	     1.74999e+06	
      3725.916	     1.75029e+06	
      3725.931	     1.75033e+06	
      3726.115	     1.75075e+06	
      3726.479	     1.75158e+06	
      3727.042	     1.75286e+06	
      3727.366	     1.75360e+06	
      3728.153	     1.75540e+06	
      3728.639	     1.75651e+06	
      3728.940	     1.75719e+06	
      3729.009	     1.75735e+06	
      3729.240	     1.75788e+06	
      3729.842	     1.75925e+06	
      3730.676	     1.76116e+06	
      3732.194	     1.76462e+06	
      3732.344	     1.76497e+06	
      3732.494	     1.76531e+06	
      3732.794	     1.76599e+06	
      3733.352	     1.76727e+06	
      3733.384	     1.76734e+06	
      3733.393	     1.76736e+06	
      3733.402	     1.76738e+06	
      3733.452	     1.76750e+06	
      3733.552	     1.76773e+06	
      3733.648	     1.76795e+06	
      3733.752	     1.76818e+06	
      3733.856	     1.76842e+06	
      3734.004	     1.76876e+06	
      3734.044	     1.76885e+06	
      3734.064	     1.76890e+06	
      3734.084	     1.76894e+06	
      3734.131	     1.76905e+06	
      3734.140	     1.76907e+06	
      3734.164	     1.76913e+06	
      3734.197	     1.76920e+06	
      3734.254	     1.76933e+06	
      3734.311	     1.76946e+06	
      3734.368	     1.76959e+06	
      3734.425	     1.76972e+06	
      3734.482	     1.76985e+06	
      3734.539	     1.76998e+06	
      3734.652	     1.77024e+06	
      3734.829	     1.77064e+06	
      3734.878	     1.77076e+06	
      3734.929	     1.77087e+06	
      3735.029	     1.77110e+06	
      3735.124	     1.77132e+06	
      3735.173	     1.77143e+06	
      3735.229	     1.77156e+06	
      3735.334	     1.77180e+06	
      3735.391	     1.77193e+06	
      3735.495	     1.77216e+06	
      3735.817	     1.77290e+06	
      3736.000	     1.77332e+06	
      3736.243	     1.77387e+06	
      3736.486	     1.77443e+06	
      3736.971	     1.77554e+06	
      3737.826	     1.77749e+06	
      3737.943	     1.77776e+06	
      3738.060	     1.77803e+06	
      3738.294	     1.77856e+06	
      3738.587	     1.77923e+06	
      3738.762	     1.77963e+06	
      3738.937	     1.78003e+06	
      3739.287	     1.78083e+06	
      3739.498	     1.78131e+06	
      3739.987	     1.78243e+06	
      3740.476	     1.78355e+06	
      3741.212	     1.78524e+06	
      3741.453	     1.78578e+06	
      3741.694	     1.78634e+06	
      3742.092	     1.78725e+06	
      3742.176	     1.78744e+06	
      3742.260	     1.78763e+06	
      3742.428	     1.78802e+06	
      3742.671	     1.78857e+06	
      3742.733	     1.78871e+06	
      3742.764	     1.78878e+06	
      3742.795	     1.78885e+06	
      3742.864	     1.78901e+06	
      3742.919	     1.78914e+06	
      3743.167	     1.78971e+06	
      3743.663	     1.79084e+06	
      3744.620	     1.79303e+06	
      3744.654	     1.79311e+06	
      3746.445	     1.79720e+06	
      3747.605	     1.79986e+06	
      3748.269	     1.80138e+06	
      3748.844	     1.80270e+06	
      3748.904	     1.80283e+06	
      3748.934	     1.80290e+06	
      3748.964	     1.80297e+06	
      3748.986	     1.80302e+06	
      3749.084	     1.80325e+06	
      3749.118	     1.80332e+06	
      3749.182	     1.80347e+06	
      3749.378	     1.80392e+06	
      3749.409	     1.80399e+06	
      3749.638	     1.80451e+06	
      3749.753	     1.80478e+06	
      3749.867	     1.80504e+06	
      3749.924	     1.80517e+06	
      3749.981	     1.80530e+06	
      3750.038	     1.80543e+06	
      3750.095	     1.80556e+06	
      3750.152	     1.80569e+06	
      3750.209	     1.80582e+06	
      3750.266	     1.80595e+06	
      3750.323	     1.80608e+06	
      3750.437	     1.80634e+06	
      3750.616	     1.80675e+06	
      3750.665	     1.80686e+06	
      3750.716	     1.80698e+06	
      3750.816	     1.80721e+06	
      3750.910	     1.80742e+06	
      3751.016	     1.80767e+06	
      3751.122	     1.80791e+06	
      3751.334	     1.80839e+06	
      3751.481	     1.80873e+06	
      3751.758	     1.80937e+06	
      3752.035	     1.81000e+06	
      3752.588	     1.81127e+06	
      3753.533	     1.81343e+06	
      3753.696	     1.81380e+06	
      3753.782	     1.81400e+06	
      3753.859	     1.81418e+06	
      3754.185	     1.81492e+06	
      3754.274	     1.81512e+06	
      3754.837	     1.81642e+06	
      3755.892	     1.81883e+06	
      3756.086	     1.81928e+06	
      3757.473	     1.82245e+06	
      3757.509	     1.82254e+06	
      3757.548	     1.82262e+06	
      3758.932	     1.82579e+06	
      3760.390	     1.82914e+06	
      3761.656	     1.83204e+06	
      3762.717	     1.83447e+06	
      3763.233	     1.83565e+06	
      3764.809	     1.83926e+06	
      3765.066	     1.83985e+06	
      3766.902	     1.84406e+06	
      3768.545	     1.84783e+06	
      3768.737	     1.84827e+06	
      3768.929	     1.84871e+06	
      3768.971	     1.84881e+06	
      3769.196	     1.84932e+06	
      3769.313	     1.84959e+06	
      3769.655	     1.85038e+06	
      3769.885	     1.85090e+06	
      3770.114	     1.85143e+06	
      3770.228	     1.85169e+06	
      3770.343	     1.85195e+06	
      3770.401	     1.85209e+06	
      3770.458	     1.85221e+06	
      3770.515	     1.85235e+06	
      3770.573	     1.85248e+06	
      3770.630	     1.85261e+06	
      3770.687	     1.85274e+06	
      3770.745	     1.85287e+06	
      3770.802	     1.85300e+06	
      3770.867	     1.85315e+06	
      3770.916	     1.85327e+06	
      3770.967	     1.85338e+06	
      3770.988	     1.85343e+06	
      3771.003	     1.85346e+06	
      3771.067	     1.85361e+06	
      3771.146	     1.85379e+06	
      3771.304	     1.85416e+06	
      3771.604	     1.85485e+06	
      3771.890	     1.85550e+06	
      3771.951	     1.85564e+06	
      3772.206	     1.85623e+06	
      3772.522	     1.85695e+06	
      3773.154	     1.85840e+06	
      3774.357	     1.86116e+06	
      3775.497	     1.86378e+06	
      3776.762	     1.86668e+06	
      3777.127	     1.86752e+06	
      3778.027	     1.86958e+06	
      3778.399	     1.87044e+06	
      3778.927	     1.87165e+06	
      3780.726	     1.87578e+06	
      3781.844	     1.87835e+06	
      3783.053	     1.88112e+06	
      3783.159	     1.88136e+06	
      3784.263	     1.88390e+06	
      3785.367	     1.88644e+06	
      3786.225	     1.88841e+06	
      3787.401	     1.89111e+06	
      3787.574	     1.89150e+06	
      3788.924	     1.89460e+06	
      3790.447	     1.89810e+06	
      3792.841	     1.90360e+06	
      3793.492	     1.90510e+06	
      3794.143	     1.90659e+06	
      3794.897	     1.90832e+06	
      3795.066	     1.90871e+06	
      3795.444	     1.90958e+06	
      3795.991	     1.91084e+06	
      3796.454	     1.91190e+06	
      3796.916	     1.91296e+06	
      3797.147	     1.91349e+06	
      3797.378	     1.91402e+06	
      3797.494	     1.91429e+06	
      3797.609	     1.91455e+06	
      3797.666	     1.91468e+06	
      3797.724	     1.91481e+06	
      3797.782	     1.91495e+06	
      3797.840	     1.91508e+06	
      3797.898	     1.91521e+06	
      3797.956	     1.91535e+06	
      3798.014	     1.91548e+06	
      3798.072	     1.91561e+06	
      3798.187	     1.91588e+06	
      3798.367	     1.91630e+06	
      3798.416	     1.91641e+06	
      3798.467	     1.91653e+06	
      3798.567	     1.91675e+06	
      3798.655	     1.91696e+06	
      3798.753	     1.91718e+06	
      3798.767	     1.91721e+06	
      3798.837	     1.91738e+06	
      3798.879	     1.91747e+06	
      3798.921	     1.91757e+06	
      3799.046	     1.91785e+06	
      3799.089	     1.91795e+06	
      3799.425	     1.91873e+06	
      3799.471	     1.91883e+06	
      3799.804	     1.91960e+06	
      3800.562	     1.92134e+06	
      3801.653	     1.92384e+06	
      3802.319	     1.92538e+06	
      3803.834	     1.92885e+06	
      3805.349	     1.93233e+06	
      3807.837	     1.93805e+06	
      3808.378	     1.93929e+06	
      3808.919	     1.94053e+06	
      3810.000	     1.94302e+06	
      3811.586	     1.94666e+06	
      3812.164	     1.94799e+06	
      3812.742	     1.94932e+06	
      3813.897	     1.95197e+06	
      3815.777	     1.95629e+06	
      3816.093	     1.95701e+06	
      3816.209	     1.95728e+06	
      3816.641	     1.95827e+06	
      3817.439	     1.96017e+06	
      3817.504	     1.96032e+06	
      3818.916	     1.96366e+06	
      3820.393	     1.96722e+06	
      3822.566	     1.97245e+06	
      3823.346	     1.97432e+06	
      3823.512	     1.97472e+06	
      3824.126	     1.97620e+06	
      3825.685	     1.97996e+06	
      3826.804	     1.98265e+06	
      3827.859	     1.98519e+06	
      3828.914	     1.98773e+06	
      3830.454	     1.99144e+06	
      3831.023	     1.99281e+06	
      3831.592	     1.99418e+06	
      3832.001	     1.99516e+06	
      3832.525	     1.99642e+06	
      3832.730	     1.99691e+06	
      3833.458	     1.99867e+06	
      3833.925	     1.99979e+06	
      3834.392	     2.00091e+06	
      3834.626	     2.00148e+06	
      3834.859	     2.00204e+06	
      3834.975	     2.00232e+06	
      3835.092	     2.00260e+06	
      3835.151	     2.00274e+06	
      3835.209	     2.00288e+06	
      3835.267	     2.00301e+06	
      3835.326	     2.00315e+06	
      3835.384	     2.00329e+06	
      3835.442	     2.00343e+06	
      3835.501	     2.00358e+06	
      3835.559	     2.00372e+06	
      3835.626	     2.00388e+06	
      3835.675	     2.00400e+06	
      3835.726	     2.00412e+06	
      3835.743	     2.00416e+06	
      3835.774	     2.00424e+06	
      3835.826	     2.00436e+06	
      3835.909	     2.00456e+06	
      3836.075	     2.00496e+06	
      3836.376	     2.00569e+06	
      3836.646	     2.00634e+06	
      3836.977	     2.00714e+06	
      3837.029	     2.00726e+06	
      3837.308	     2.00793e+06	
      3837.970	     2.00953e+06	
      3838.647	     2.01116e+06	
      3838.911	     2.01179e+06	
      3839.175	     2.01243e+06	
      3839.703	     2.01369e+06	
      3840.758	     2.01623e+06	
      3842.753	     2.02103e+06	
      3842.831	     2.02122e+06	
      3842.870	     2.02131e+06	
      3842.909	     2.02141e+06	
      3843.065	     2.02178e+06	
      3843.377	     2.02253e+06	
      3844.001	     2.02403e+06	
      3844.588	     2.02545e+06	
      3845.248	     2.02703e+06	
      3845.547	     2.02775e+06	
      3845.908	     2.02862e+06	
      3847.228	     2.03180e+06	
      3847.442	     2.03231e+06	
      3848.908	     2.03584e+06	
      3850.375	     2.03936e+06	
      3851.976	     2.04322e+06	
      3853.308	     2.04642e+06	
      3854.640	     2.04962e+06	
      3855.701	     2.05217e+06	
      3857.303	     2.05602e+06	
      3858.906	     2.05988e+06	
      3862.006	     2.06733e+06	
      3862.111	     2.06758e+06	
      3862.216	     2.06783e+06	
      3862.426	     2.06834e+06	
      3862.846	     2.06935e+06	
      3863.685	     2.07136e+06	
      3865.170	     2.07493e+06	
      3865.365	     2.07540e+06	
      3865.560	     2.07586e+06	
      3865.950	     2.07680e+06	
      3866.730	     2.07868e+06	
      3867.675	     2.08095e+06	
      3868.289	     2.08242e+06	
      3868.903	     2.08389e+06	
      3870.131	     2.08684e+06	
      3871.324	     2.08971e+06	
      3872.586	     2.09274e+06	
      3873.848	     2.09577e+06	
      3876.324	     2.10171e+06	
      3876.368	     2.10181e+06	
      3876.371	     2.10182e+06	
      3876.374	     2.10183e+06	
      3876.424	     2.10195e+06	
      3876.524	     2.10219e+06	
      3876.724	     2.10267e+06	
      3876.947	     2.10320e+06	
      3877.124	     2.10363e+06	
      3877.924	     2.10555e+06	
      3878.900	     2.10789e+06	
      3880.290	     2.11122e+06	
      3880.854	     2.11257e+06	
      3881.418	     2.11392e+06	
      3882.546	     2.11663e+06	
      3884.398	     2.12107e+06	
      3884.801	     2.12203e+06	
      3884.923	     2.12232e+06	
      3885.204	     2.12300e+06	
      3886.010	     2.12493e+06	
      3886.151	     2.12527e+06	
      3887.096	     2.12753e+06	
      3887.568	     2.12866e+06	
      3888.042	     2.12979e+06	
      3888.280	     2.13036e+06	
      3888.516	     2.13092e+06	
      3888.633	     2.13120e+06	
      3888.752	     2.13148e+06	
      3888.844	     2.13170e+06	
      3888.866	     2.13175e+06	
      3888.871	     2.13177e+06	
      3888.898	     2.13183e+06	
      3888.930	     2.13190e+06	
      3888.989	     2.13204e+06	
      3889.048	     2.13218e+06	
      3889.107	     2.13232e+06	
      3889.166	     2.13247e+06	
      3889.225	     2.13261e+06	
      3889.294	     2.13278e+06	
      3889.343	     2.13290e+06	
      3889.394	     2.13302e+06	
      3889.408	     2.13306e+06	
      3889.450	     2.13316e+06	
      3889.494	     2.13326e+06	
      3889.580	     2.13347e+06	
      3889.752	     2.13388e+06	
      3890.054	     2.13461e+06	
      3890.315	     2.13523e+06	
      3890.474	     2.13562e+06	
      3890.657	     2.13605e+06	
      3890.999	     2.13687e+06	
      3891.683	     2.13851e+06	
      3892.892	     2.14140e+06	
      3893.942	     2.14392e+06	
      3894.458	     2.14515e+06	
      3895.309	     2.14719e+06	
      3896.219	     2.14936e+06	
      3896.677	     2.15046e+06	
      3898.895	     2.15576e+06	
      3899.603	     2.15746e+06	
      3901.572	     2.16216e+06	
      3903.894	     2.16771e+06	
      3904.248	     2.16856e+06	
      3908.893	     2.17964e+06	
      3913.891	     2.19157e+06	
      3918.890	     2.20441e+06	
      3923.889	     2.21741e+06	
      3928.216	     2.22864e+06	
      3928.353	     2.22899e+06	
      3928.887	     2.23038e+06	
      3929.559	     2.23212e+06	
      3930.903	     2.23561e+06	
      3933.453	     2.24222e+06	
      3935.810	     2.24832e+06	
      3937.347	     2.25230e+06	
      3938.885	     2.25628e+06	
      3940.036	     2.25926e+06	
      3941.960	     2.26423e+06	
      3943.883	     2.26921e+06	
      3946.579	     2.27617e+06	
      3947.730	     2.27914e+06	
      3948.882	     2.28212e+06	
      3950.653	     2.28669e+06	
      3951.015	     2.28762e+06	
      3951.186	     2.28806e+06	
      3951.718	     2.28944e+06	
      3952.784	     2.29218e+06	
      3954.554	     2.29674e+06	
      3957.306	     2.30383e+06	
      3958.093	     2.30585e+06	
      3958.624	     2.30722e+06	
      3958.880	     2.30788e+06	
      3960.453	     2.31192e+06	
      3962.283	     2.31662e+06	
      3965.737	     2.32548e+06	
      3965.942	     2.32601e+06	
      3966.147	     2.32653e+06	
      3966.557	     2.32758e+06	
      3966.675	     2.32789e+06	
      3967.279	     2.32943e+06	
      3967.376	     2.32968e+06	
      3968.078	     2.33148e+06	
      3968.709	     2.33309e+06	
      3968.877	     2.33352e+06	
      3969.045	     2.33395e+06	
      3969.234	     2.33443e+06	
      3969.287	     2.33457e+06	
      3969.381	     2.33481e+06	
      3969.528	     2.33518e+06	
      3969.648	     2.33549e+06	
      3969.769	     2.33579e+06	
      3969.830	     2.33594e+06	
      3969.890	     2.33609e+06	
      3969.950	     2.33624e+06	
      3970.011	     2.33639e+06	
      3970.071	     2.33654e+06	
      3970.131	     2.33670e+06	
      3970.192	     2.33686e+06	
      3970.252	     2.33702e+06	
      3970.323	     2.33721e+06	
      3970.372	     2.33734e+06	
      3970.423	     2.33747e+06	
      3970.432	     2.33749e+06	
      3970.495	     2.33766e+06	
      3970.523	     2.33773e+06	
      3970.613	     2.33796e+06	
      3970.795	     2.33843e+06	
      3971.096	     2.33920e+06	
      3971.333	     2.33981e+06	
      3971.591	     2.34048e+06	
      3971.698	     2.34075e+06	
      3972.063	     2.34169e+06	
      3972.793	     2.34356e+06	
      3973.995	     2.34663e+06	
      3974.936	     2.34904e+06	
      3976.398	     2.35278e+06	
      3976.845	     2.35392e+06	
      3977.860	     2.35651e+06	
      3978.874	     2.35911e+06	
      3979.577	     2.36090e+06	
      3980.904	     2.36429e+06	
      3982.230	     2.36767e+06	
      3984.180	     2.37264e+06	
      3984.884	     2.37443e+06	
      3985.119	     2.37503e+06	
      3985.588	     2.37622e+06	
      3986.995	     2.37980e+06	
      3988.872	     2.38457e+06	
      3991.379	     2.39093e+06	
      3992.625	     2.39409e+06	
      3993.854	     2.39722e+06	
      3993.870	     2.39726e+06	
      3996.362	     2.40357e+06	
      3998.869	     2.40992e+06	
      4003.868	     2.42256e+06	
      4008.866	     2.43518e+06	
      4013.865	     2.44798e+06	
      4018.864	     2.46103e+06	
      4023.863	     2.47405e+06	
      4025.341	     2.47790e+06	
      4028.861	     2.48704e+06	
      4032.381	     2.49617e+06	
      4032.946	     2.49764e+06	
      4033.860	     2.50000e+06	
      4035.902	     2.50529e+06	
      4038.859	     2.51293e+06	
      4043.857	     2.52583e+06	
      4048.856	     2.53869e+06	
      4053.855	     2.55151e+06	
      4058.853	     2.56430e+06	
      4063.852	     2.57708e+06	
      4068.851	     2.58984e+06	
      4073.849	     2.60257e+06	
      4075.421	     2.60656e+06	
      4078.848	     2.61526e+06	
      4082.275	     2.62393e+06	
      4082.559	     2.62465e+06	
      4084.004	     2.62830e+06	
      4085.702	     2.63259e+06	
      4088.845	     2.64052e+06	
      4089.695	     2.64266e+06	
      4093.687	     2.65269e+06	
      4096.515	     2.65979e+06	
      4097.679	     2.66270e+06	
      4098.010	     2.66353e+06	
      4098.678	     2.66520e+06	
      4098.843	     2.66561e+06	
      4099.676	     2.66768e+06	
      4100.174	     2.66893e+06	
      4100.673	     2.67017e+06	
      4100.922	     2.67078e+06	
      4101.172	     2.67139e+06	
      4101.297	     2.67170e+06	
      4101.422	     2.67200e+06	
      4101.485	     2.67214e+06	
      4101.547	     2.67229e+06	
      4101.609	     2.67242e+06	
      4101.672	     2.67256e+06	
      4101.734	     2.67271e+06	
      4101.797	     2.67288e+06	
      4101.859	     2.67305e+06	
      4101.922	     2.67323e+06	
      4102.047	     2.67356e+06	
      4102.296	     2.67421e+06	
      4102.745	     2.67535e+06	
      4102.794	     2.67547e+06	
      4102.845	     2.67560e+06	
      4102.945	     2.67585e+06	
      4103.145	     2.67636e+06	
      4103.296	     2.67674e+06	
      4103.545	     2.67736e+06	
      4103.794	     2.67799e+06	
      4104.291	     2.67924e+06	
      4104.785	     2.68048e+06	
      4105.287	     2.68174e+06	
      4105.789	     2.68300e+06	
      4106.793	     2.68551e+06	
      4108.680	     2.69022e+06	
      4108.760	     2.69043e+06	
      4108.800	     2.69053e+06	
      4108.840	     2.69063e+06	
      4108.859	     2.69068e+06	
      4109.000	     2.69105e+06	
      4109.320	     2.69190e+06	
      4109.781	     2.69313e+06	
      4110.703	     2.69558e+06	
      4111.319	     2.69722e+06	
      4112.546	     2.70048e+06	
      4113.774	     2.70375e+06	
      4114.693	     2.70618e+06	
      4116.229	     2.71025e+06	
      4116.694	     2.71148e+06	
      4117.766	     2.71432e+06	
      4118.126	     2.71527e+06	
      4118.838	     2.71715e+06	
      4120.981	     2.72281e+06	
      4123.836	     2.73034e+06	
      4126.144	     2.73640e+06	
      4128.835	     2.74347e+06	
      4129.605	     2.74549e+06	
      4131.526	     2.75052e+06	
      4133.834	     2.75655e+06	
      4134.219	     2.75756e+06	
      4138.832	     2.76959e+06	
      4143.831	     2.78264e+06	
      4148.830	     2.79564e+06	
      4153.828	     2.80858e+06	
      4158.827	     2.82145e+06	
      4163.826	     2.83427e+06	
      4168.824	     2.84702e+06	
      4173.823	     2.85971e+06	
      4178.822	     2.87233e+06	
      4183.820	     2.88489e+06	
      4188.819	     2.89739e+06	
      4193.818	     2.90982e+06	
      4198.817	     2.92218e+06	
      4203.815	     2.93447e+06	
      4208.814	     2.94687e+06	
      4213.813	     2.95934e+06	
      4216.525	     2.96606e+06	
      4217.242	     2.96783e+06	
      4218.811	     2.97172e+06	
      4221.098	     2.97736e+06	
      4223.810	     2.98403e+06	
      4224.954	     2.98683e+06	
      4228.809	     2.99626e+06	
      4233.807	     3.00842e+06	
      4238.806	     3.02050e+06	
      4243.805	     3.03250e+06	
      4248.803	     3.04443e+06	
      4253.802	     3.05628e+06	
      4258.801	     3.06804e+06	
      4263.799	     3.07973e+06	
      4268.798	     3.09134e+06	
      4273.797	     3.10287e+06	
      4278.795	     3.11431e+06	
      4283.794	     3.12568e+06	
      4288.793	     3.13696e+06	
      4293.791	     3.14816e+06	
      4298.790	     3.15925e+06	
      4303.789	     3.17021e+06	
      4308.788	     3.18071e+06	
      4313.786	     3.19110e+06	
      4314.073	     3.19170e+06	
      4318.785	     3.20144e+06	
      4320.854	     3.20568e+06	
      4323.497	     3.21112e+06	
      4326.139	     3.21649e+06	
      4326.475	     3.21718e+06	
      4328.782	     3.22186e+06	
      4330.233	     3.22481e+06	
      4331.090	     3.22654e+06	
      4331.149	     3.22664e+06	
      4331.946	     3.22827e+06	
      4333.660	     3.23169e+06	
      4334.060	     3.23251e+06	
      4336.171	     3.23675e+06	
      4337.786	     3.23996e+06	
      4338.220	     3.24080e+06	
      4338.283	     3.24093e+06	
      4338.780	     3.24190e+06	
      4338.812	     3.24197e+06	
      4339.339	     3.24300e+06	
      4339.602	     3.24351e+06	
      4339.867	     3.24401e+06	
      4340.001	     3.24423e+06	
      4340.132	     3.24445e+06	
      4340.197	     3.24457e+06	
      4340.263	     3.24467e+06	
      4340.329	     3.24473e+06	
      4340.395	     3.24479e+06	
      4340.461	     3.24489e+06	
      4340.527	     3.24508e+06	
      4340.593	     3.24527e+06	
      4340.659	     3.24545e+06	
      4340.791	     3.24580e+06	
      4341.005	     3.24627e+06	
      4341.055	     3.24640e+06	
      4341.105	     3.24649e+06	
      4341.205	     3.24671e+06	
      4341.227	     3.24677e+06	
      4341.238	     3.24680e+06	
      4341.405	     3.24715e+06	
      4341.583	     3.24753e+06	
      4341.939	     3.24828e+06	
      4342.640	     3.24973e+06	
      4343.330	     3.25114e+06	
      4343.570	     3.25164e+06	
      4344.041	     3.25262e+06	
      4344.752	     3.25406e+06	
      4346.174	     3.25695e+06	
      4348.578	     3.26182e+06	
      4348.777	     3.26223e+06	
      4348.976	     3.26264e+06	
      4349.374	     3.26346e+06	
      4350.170	     3.26506e+06	
      4350.322	     3.26534e+06	
      4351.761	     3.26826e+06	
      4353.201	     3.27115e+06	
      4354.734	     3.27423e+06	
      4356.077	     3.27693e+06	
      4356.080	     3.27693e+06	
      4357.426	     3.27960e+06	
      4358.774	     3.28230e+06	
      4359.170	     3.28309e+06	
      4361.472	     3.28758e+06	
      4363.773	     3.29214e+06	
      4367.980	     3.30043e+06	
      4368.376	     3.30119e+06	
      4368.524	     3.30150e+06	
      4368.772	     3.30197e+06	
      4369.563	     3.30351e+06	
      4371.147	     3.30662e+06	
      4373.770	     3.31174e+06	
      4378.769	     3.32139e+06	
      4383.768	     3.33100e+06	
      4388.766	     3.34049e+06	
      4393.765	     3.34994e+06	
      4398.764	     3.35927e+06	
      4403.762	     3.36697e+06	
      4408.761	     3.37401e+06	
      4413.760	     3.38095e+06	
      4418.758	     3.38789e+06	
      4423.757	     3.39477e+06	
      4428.756	     3.40165e+06	
      4433.754	     3.40844e+06	
      4438.753	     3.41523e+06	
      4443.752	     3.42198e+06	
      4448.751	     3.42867e+06	
      4453.749	     3.43533e+06	
      4458.748	     3.44196e+06	
      4463.747	     3.44856e+06	
      4468.745	     3.45509e+06	
      4473.744	     3.46163e+06	
      4478.743	     3.46810e+06	
      4483.741	     3.47454e+06	
      4488.740	     3.48095e+06	
      4493.739	     3.48732e+06	
      4498.737	     3.49468e+06	
      4503.736	     3.50445e+06	
      4508.735	     3.51409e+06	
      4513.733	     3.52364e+06	
      4514.118	     3.52436e+06	
      4518.732	     3.53310e+06	
      4523.346	     3.54171e+06	
      4527.190	     3.54881e+06	
      4527.960	     3.55022e+06	
      4528.729	     3.55163e+06	
      4530.269	     3.55446e+06	
      4532.968	     3.55939e+06	
      4533.288	     3.55996e+06	
      4533.348	     3.56008e+06	
      4533.728	     3.56078e+06	
      4534.488	     3.56213e+06	
      4536.007	     3.56489e+06	
      4538.727	     3.56979e+06	
      4543.725	     3.57868e+06	
      4548.724	     3.58751e+06	
      4553.723	     3.59618e+06	
      4558.721	     3.60479e+06	
      4563.720	     3.61330e+06	
      4568.719	     3.62169e+06	
      4573.717	     3.62998e+06	
      4578.716	     3.63818e+06	
      4583.715	     3.64626e+06	
      4588.713	     3.65427e+06	
      4593.712	     3.66215e+06	
      4596.529	     3.66599e+06	
      4596.984	     3.66662e+06	
      4598.711	     3.66897e+06	
      4600.892	     3.67186e+06	
      4603.709	     3.67557e+06	
      4604.800	     3.67698e+06	
      4608.708	     3.68210e+06	
      4613.707	     3.68858e+06	
      4618.705	     3.69498e+06	
      4623.704	     3.70133e+06	
      4628.703	     3.70761e+06	
      4633.701	     3.71383e+06	
      4638.700	     3.71999e+06	
      4643.699	     3.72612e+06	
      4648.697	     3.73215e+06	
      4653.696	     3.73815e+06	
      4658.695	     3.74409e+06	
      4663.694	     3.74996e+06	
      4668.692	     3.75577e+06	
      4673.691	     3.76152e+06	
      4678.690	     3.76721e+06	
      4683.688	     3.77286e+06	
      4688.687	     3.77846e+06	
      4693.686	     3.78383e+06	
      4698.684	     3.78895e+06	
      4703.683	     3.79404e+06	
      4708.682	     3.79907e+06	
      4713.680	     3.80406e+06	
      4715.603	     3.80595e+06	
      4718.679	     3.80899e+06	
      4720.984	     3.81125e+06	
      4721.755	     3.81201e+06	
      4723.678	     3.81386e+06	
      4724.830	     3.81499e+06	
      4728.676	     3.81870e+06	
      4733.675	     3.82348e+06	
      4738.674	     3.82822e+06	
      4743.672	     3.83290e+06	
      4748.671	     3.83752e+06	
      4753.670	     3.84210e+06	
      4758.668	     3.84660e+06	
      4763.667	     3.85106e+06	
      4768.666	     3.85546e+06	
      4773.664	     3.85982e+06	
      4778.663	     3.86410e+06	
      4783.662	     3.86831e+06	
      4788.660	     3.87245e+06	
      4793.659	     3.87644e+06	
      4798.658	     3.88037e+06	
      4803.656	     3.88420e+06	
      4808.655	     3.88797e+06	
      4813.654	     3.89165e+06	
      4818.652	     3.89526e+06	
      4823.651	     3.89878e+06	
      4828.650	     3.90220e+06	
      4833.648	     3.90553e+06	
      4834.972	     3.90641e+06	
      4838.647	     3.90880e+06	
      4839.161	     3.90912e+06	
      4842.322	     3.91116e+06	
      4845.483	     3.91317e+06	
      4845.503	     3.91317e+06	
      4847.054	     3.91414e+06	
      4848.644	     3.91515e+06	
      4851.785	     3.91709e+06	
      4854.393	     3.91873e+06	
      4856.517	     3.92005e+06	
      4858.401	     3.92118e+06	
      4858.642	     3.92130e+06	
      4858.664	     3.92134e+06	
      4858.883	     3.92146e+06	
      4859.364	     3.92171e+06	
      4859.473	     3.92178e+06	
      4860.065	     3.92206e+06	
      4860.361	     3.92218e+06	
      4860.657	     3.92228e+06	
      4860.805	     3.92228e+06	
      4860.953	     3.92225e+06	
      4861.027	     3.92218e+06	
      4861.101	     3.92209e+06	
      4861.175	     3.92193e+06	
      4861.248	     3.92181e+06	
      4861.322	     3.92174e+06	
      4861.396	     3.92190e+06	
      4861.470	     3.92218e+06	
      4861.543	     3.92244e+06	
      4861.641	     3.92269e+06	
      4861.687	     3.92278e+06	
      4861.689	     3.92278e+06	
      4861.691	     3.92278e+06	
      4861.695	     3.92281e+06	
      4861.741	     3.92288e+06	
      4861.841	     3.92306e+06	
      4861.979	     3.92325e+06	
      4861.987	     3.92325e+06	
      4862.279	     3.92363e+06	
      4862.579	     3.92394e+06	
      4862.596	     3.92394e+06	
      4863.178	     3.92454e+06	
      4863.727	     3.92504e+06	
      4863.761	     3.92507e+06	
      4864.927	     3.92614e+06	
      4866.127	     3.92718e+06	
      4868.413	     3.92919e+06	
      4868.526	     3.92928e+06	
      4868.639	     3.92938e+06	
      4868.865	     3.92957e+06	
      4869.317	     3.92998e+06	
      4869.583	     3.93020e+06	
      4870.221	     3.93076e+06	
      4870.858	     3.93129e+06	
      4872.134	     3.93239e+06	
      4874.623	     3.93456e+06	
      4874.685	     3.93459e+06	
      4874.747	     3.93466e+06	
      4874.871	     3.93478e+06	
      4875.119	     3.93497e+06	
      4875.615	     3.93541e+06	
      4876.607	     3.93626e+06	
      4878.452	     3.93786e+06	
      4878.544	     3.93792e+06	
      4878.590	     3.93795e+06	
      4878.636	     3.93802e+06	
      4878.820	     3.93817e+06	
      4879.188	     3.93849e+06	
      4879.526	     3.93877e+06	
      4879.924	     3.93912e+06	
      4880.322	     3.93946e+06	
      4880.941	     3.93997e+06	
      4881.118	     3.94012e+06	
      4882.709	     3.94147e+06	
      4884.478	     3.94298e+06	
      4887.396	     3.94540e+06	
      4888.015	     3.94593e+06	
      4888.634	     3.94644e+06	
      4889.871	     3.94744e+06	
      4891.061	     3.94842e+06	
      4892.347	     3.94948e+06	
      4893.632	     3.95052e+06	
      4893.777	     3.95062e+06	
      4896.204	     3.95256e+06	
      4898.631	     3.95451e+06	
      4903.340	     3.95819e+06	
      4903.485	     3.95828e+06	
      4903.630	     3.95841e+06	
      4903.920	     3.95863e+06	
      4904.499	     3.95907e+06	
      4905.659	     3.95995e+06	
      4907.328	     3.96123e+06	
      4907.977	     3.96174e+06	
      4908.628	     3.96221e+06	
      4909.929	     3.96321e+06	
      4911.434	     3.96431e+06	
      4912.530	     3.96516e+06	
      4913.014	     3.96551e+06	
      4913.627	     3.96595e+06	
      4915.550	     3.96739e+06	
      4915.820	     3.96758e+06	
      4918.240	     3.96934e+06	
      4918.626	     3.96962e+06	
      4921.701	     3.97185e+06	
      4923.624	     3.97320e+06	
      4925.162	     3.97430e+06	
      4928.623	     3.97672e+06	
      4933.622	     3.98018e+06	
      4938.620	     3.98360e+06	
      4943.619	     3.98693e+06	
      4948.618	     3.99020e+06	
      4953.616	     3.99344e+06	
      4958.615	     3.99664e+06	
      4963.614	     3.99975e+06	
      4968.612	     4.00286e+06	
      4973.611	     4.00591e+06	
      4978.610	     4.00889e+06	
      4983.608	     4.01185e+06	
      4988.607	     4.01467e+06	
      4993.606	     4.01744e+06	
      4998.604	     4.02020e+06	
      5003.603	     4.02290e+06	
      5008.602	     4.02557e+06	
      5013.600	     4.02821e+06	
      5018.599	     4.03082e+06	
      5023.598	     4.03340e+06	
      5028.596	     4.03594e+06	
      5033.595	     4.03845e+06	
      5038.594	     4.04094e+06	
      5043.592	     4.04339e+06	
      5048.591	     4.04584e+06	
      5053.590	     4.04822e+06	
      5058.588	     4.05058e+06	
      5063.587	     4.05291e+06	
      5068.586	     4.05523e+06	
      5073.584	     4.05749e+06	
      5078.583	     4.05972e+06	
      5083.582	     4.06180e+06	
      5088.580	     4.06378e+06	
      5093.579	     4.06575e+06	
      5098.578	     4.06767e+06	
      5103.576	     4.06959e+06	
      5108.575	     4.07147e+06	
      5113.574	     4.07333e+06	
      5118.572	     4.07515e+06	
      5123.571	     4.07697e+06	
      5128.570	     4.07876e+06	
      5133.568	     4.08055e+06	
      5138.567	     4.08228e+06	
      5143.566	     4.08401e+06	
      5148.564	     4.08570e+06	
      5153.563	     4.08737e+06	
      5158.562	     4.08903e+06	
      5163.560	     4.09067e+06	
      5168.559	     4.09227e+06	
      5173.558	     4.09387e+06	
      5178.556	     4.09538e+06	
      5183.555	     4.09670e+06	
      5188.554	     4.09799e+06	
      5193.552	     4.09928e+06	
      5198.551	     4.10056e+06	
      5203.550	     4.10179e+06	
      5208.548	     4.10301e+06	
      5213.547	     4.10424e+06	
      5218.546	     4.10540e+06	
      5223.544	     4.10660e+06	
      5228.543	     4.10773e+06	
      5233.542	     4.10886e+06	
      5238.540	     4.10999e+06	
      5243.539	     4.11106e+06	
      5248.537	     4.11216e+06	
      5253.536	     4.11319e+06	
      5258.535	     4.11423e+06	
      5263.533	     4.11527e+06	
      5268.532	     4.11624e+06	
      5273.531	     4.11725e+06	
      5278.529	     4.11888e+06	
      5283.528	     4.12061e+06	
      5288.527	     4.12234e+06	
      5293.525	     4.12397e+06	
      5298.524	     4.12560e+06	
      5303.523	     4.12720e+06	
      5308.521	     4.12878e+06	
      5313.520	     4.13028e+06	
      5318.519	     4.13179e+06	
      5323.517	     4.13324e+06	
      5328.516	     4.13465e+06	
      5333.515	     4.13606e+06	
      5338.513	     4.13741e+06	
      5343.512	     4.13873e+06	
      5348.511	     4.14002e+06	
      5353.509	     4.14131e+06	
      5358.508	     4.14254e+06	
      5363.507	     4.14382e+06	
      5368.505	     4.14499e+06	
      5373.504	     4.14583e+06	
      5378.503	     4.14621e+06	
      5383.501	     4.14656e+06	
      5388.500	     4.14690e+06	
      5393.499	     4.14725e+06	
      5398.497	     4.14753e+06	
      5403.496	     4.14784e+06	
      5408.495	     4.14813e+06	
      5413.493	     4.14838e+06	
      5418.492	     4.14863e+06	
      5423.491	     4.14885e+06	
      5428.489	     4.14907e+06	
      5433.488	     4.14926e+06	
      5438.487	     4.14945e+06	
      5443.485	     4.14960e+06	
      5448.484	     4.14976e+06	
      5453.483	     4.14989e+06	
      5458.481	     4.14998e+06	
      5463.480	     4.15011e+06	
      5468.479	     4.15017e+06	
      5473.477	     4.15074e+06	
      5478.476	     4.15127e+06	
      5483.475	     4.15180e+06	
      5488.473	     4.15231e+06	
      5493.472	     4.15278e+06	
      5498.471	     4.15325e+06	
      5503.469	     4.15369e+06	
      5508.468	     4.15410e+06	
      5513.466	     4.15450e+06	
      5518.465	     4.15488e+06	
      5523.464	     4.15526e+06	
      5528.462	     4.15560e+06	
      5533.461	     4.15592e+06	
      5538.460	     4.15620e+06	
      5543.458	     4.15652e+06	
      5548.457	     4.15677e+06	
      5553.456	     4.15702e+06	
      5558.454	     4.15724e+06	
      5563.453	     4.15746e+06	
      5568.452	     4.15765e+06	
      5573.450	     4.15780e+06	
      5578.449	     4.15793e+06	
      5583.448	     4.15805e+06	
      5588.446	     4.15815e+06	
      5593.445	     4.15824e+06	
      5598.444	     4.15831e+06	
      5603.442	     4.15837e+06	
      5608.441	     4.15840e+06	
      5613.440	     4.15840e+06	
      5618.438	     4.15840e+06	
      5623.437	     4.15840e+06	
      5628.436	     4.15837e+06	
      5633.434	     4.15831e+06	
      5638.433	     4.15824e+06	
      5643.432	     4.15815e+06	
      5648.430	     4.15805e+06	
      5653.429	     4.15793e+06	
      5658.428	     4.15777e+06	
      5663.426	     4.15762e+06	
      5668.425	     4.15749e+06	
      5673.424	     4.15730e+06	
      5673.979	     4.15727e+06	
      5678.422	     4.15708e+06	
      5682.865	     4.15686e+06	
      5686.198	     4.15670e+06	
      5687.309	     4.15667e+06	
      5687.864	     4.15664e+06	
      5688.420	     4.15661e+06	
      5690.641	     4.15648e+06	
      5693.418	     4.15636e+06	
      5698.417	     4.15608e+06	
      5703.415	     4.15576e+06	
      5704.770	     4.15570e+06	
      5708.414	     4.15548e+06	
      5708.882	     4.15545e+06	
      5712.058	     4.15523e+06	
      5713.413	     4.15513e+06	
      5715.234	     4.15501e+06	
      5718.411	     4.15482e+06	
      5723.410	     4.15444e+06	
      5728.409	     4.15410e+06	
      5733.407	     4.15369e+06	
      5738.406	     4.15331e+06	
      5743.405	     4.15287e+06	
      5748.403	     4.15246e+06	
      5753.402	     4.15202e+06	
      5758.401	     4.15155e+06	
      5763.399	     4.15045e+06	
      5768.398	     4.14995e+06	
      5773.397	     4.14942e+06	
      5778.395	     4.14891e+06	
      5783.394	     4.14838e+06	
      5788.393	     4.14781e+06	
      5793.391	     4.14725e+06	
      5798.390	     4.14665e+06	
      5803.389	     4.14605e+06	
      5808.387	     4.14546e+06	
      5813.386	     4.14483e+06	
      5818.385	     4.14417e+06	
      5823.383	     4.14351e+06	
      5828.382	     4.14285e+06	
      5833.381	     4.14216e+06	
      5838.379	     4.14147e+06	
      5843.378	     4.14078e+06	
      5848.377	     4.14005e+06	
      5853.375	     4.13930e+06	
      5858.374	     4.13855e+06	
      5863.372	     4.13779e+06	
      5868.371	     4.13704e+06	
      5873.370	     4.13625e+06	
      5878.368	     4.13547e+06	
      5883.367	     4.13465e+06	
      5888.366	     4.13383e+06	
      5893.364	     4.13299e+06	
      5898.363	     4.13214e+06	
      5903.362	     4.13129e+06	
      5908.360	     4.13041e+06	
      5913.359	     4.12950e+06	
      5918.358	     4.12862e+06	
      5923.356	     4.12771e+06	
      5928.355	     4.12676e+06	
      5933.354	     4.12582e+06	
      5938.352	     4.12488e+06	
      5943.351	     4.12391e+06	
      5948.350	     4.12293e+06	
      5953.348	     4.12196e+06	
      5958.347	     4.12092e+06	
      5963.346	     4.11988e+06	
      5968.344	     4.11885e+06	
      5973.343	     4.11778e+06	
      5978.342	     4.11671e+06	
      5983.340	     4.11564e+06	
      5988.339	     4.11454e+06	
      5993.338	     4.11344e+06	
      5998.336	     4.11231e+06	
      6003.335	     4.11121e+06	
      6008.333	     4.11005e+06	
      6013.332	     4.10892e+06	
      6018.331	     4.10776e+06	
      6023.329	     4.10656e+06	
      6028.328	     4.10540e+06	
      6033.327	     4.10418e+06	
      6038.325	     4.10298e+06	
      6043.324	     4.10176e+06	
      6048.323	     4.10053e+06	
      6053.321	     4.09931e+06	
      6058.320	     4.09805e+06	
      6063.319	     4.09676e+06	
      6068.317	     4.09551e+06	
      6073.316	     4.09419e+06	
      6078.315	     4.09290e+06	
      6083.313	     4.09158e+06	
      6088.312	     4.09026e+06	
      6093.311	     4.08894e+06	
      6098.309	     4.08759e+06	
      6103.308	     4.08624e+06	
      6108.307	     4.08486e+06	
      6113.305	     4.08350e+06	
      6118.304	     4.08209e+06	
      6123.303	     4.08071e+06	
      6128.301	     4.07930e+06	
      6133.300	     4.07788e+06	
      6138.298	     4.07644e+06	
      6143.297	     4.07499e+06	
      6148.296	     4.07355e+06	
      6153.294	     4.07207e+06	
      6158.293	     4.07059e+06	
      6163.292	     4.06912e+06	
      6168.290	     4.06761e+06	
      6173.289	     4.06610e+06	
      6178.288	     4.06456e+06	
      6183.286	     4.06302e+06	
      6188.285	     4.06148e+06	
      6193.284	     4.05991e+06	
      6198.282	     4.05837e+06	
      6203.281	     4.05677e+06	
      6208.280	     4.05520e+06	
      6213.278	     4.05360e+06	
      6218.277	     4.05196e+06	
      6223.276	     4.05036e+06	
      6228.274	     4.04873e+06	
      6233.273	     4.04706e+06	
      6238.272	     4.04540e+06	
      6243.270	     4.04373e+06	
      6244.381	     4.04336e+06	
      6248.269	     4.04207e+06	
      6252.157	     4.04075e+06	
      6253.821	     4.04018e+06	
      6256.044	     4.03943e+06	
      6258.266	     4.03867e+06	
      6262.157	     4.03732e+06	
      6262.711	     4.03714e+06	
      6263.265	     4.03695e+06	
      6264.372	     4.03657e+06	
      6264.912	     4.03638e+06	
      6266.588	     4.03578e+06	
      6268.263	     4.03522e+06	
      6269.967	     4.03462e+06	
      6271.615	     4.03406e+06	
      6273.262	     4.03346e+06	
      6274.854	     4.03289e+06	
      6276.557	     4.03230e+06	
      6278.261	     4.03170e+06	
      6280.076	     4.03107e+06	
      6281.668	     4.03051e+06	
      6283.259	     4.02994e+06	
      6284.627	     4.02947e+06	
      6286.443	     4.02881e+06	
      6288.258	     4.02815e+06	
      6290.521	     4.02733e+06	
      6291.889	     4.02686e+06	
      6293.257	     4.02636e+06	
      6293.729	     4.02620e+06	
      6295.992	     4.02539e+06	
      6298.255	     4.02457e+06	
      6302.310	     4.02306e+06	
      6302.782	     4.02290e+06	
      6303.254	     4.02275e+06	
      6303.918	     4.02250e+06	
      6304.198	     4.02237e+06	
      6306.085	     4.02168e+06	
      6308.253	     4.02089e+06	
      6311.924	     4.01954e+06	
      6312.587	     4.01929e+06	
      6313.251	     4.01904e+06	
      6314.579	     4.01854e+06	
      6316.219	     4.01794e+06	
      6317.234	     4.01756e+06	
      6317.314	     4.01753e+06	
      6318.250	     4.01719e+06	
      6320.281	     4.01640e+06	
      6323.249	     4.01530e+06	
      6328.247	     4.01338e+06	
      6333.246	     4.01147e+06	
      6338.245	     4.00955e+06	
      6343.243	     4.00757e+06	
      6348.242	     4.00562e+06	
      6353.241	     4.00361e+06	
      6358.239	     4.00160e+06	
      6363.238	     3.99959e+06	
      6368.236	     3.99755e+06	
      6373.235	     3.99545e+06	
      6378.234	     3.99337e+06	
      6383.232	     3.99124e+06	
      6388.231	     3.98910e+06	
      6393.230	     3.98690e+06	
      6398.228	     3.98470e+06	
      6403.227	     3.98247e+06	
      6408.226	     3.98021e+06	
      6413.224	     3.97788e+06	
      6418.223	     3.97556e+06	
      6423.222	     3.97317e+06	
      6428.220	     3.97075e+06	
      6433.219	     3.96827e+06	
      6438.218	     3.96576e+06	
      6443.216	     3.96321e+06	
      6448.215	     3.96057e+06	
      6453.214	     3.95790e+06	
      6458.212	     3.95517e+06	
      6463.211	     3.95234e+06	
      6468.210	     3.94945e+06	
      6473.208	     3.94650e+06	
      6478.207	     3.94348e+06	
      6483.205	     3.94034e+06	
      6488.204	     3.93714e+06	
      6493.203	     3.93381e+06	
      6498.201	     3.93042e+06	
      6503.200	     3.92690e+06	
      6508.199	     3.92328e+06	
      6513.197	     3.91955e+06	
      6518.196	     3.91571e+06	
      6523.195	     3.91179e+06	
      6523.719	     3.91138e+06	
      6528.193	     3.90780e+06	
      6532.668	     3.90415e+06	
      6536.095	     3.90132e+06	
      6537.143	     3.90048e+06	
      6537.383	     3.90026e+06	
      6538.191	     3.89960e+06	
      6540.286	     3.89787e+06	
      6543.189	     3.89545e+06	
      6546.457	     3.89275e+06	
      6546.724	     3.89253e+06	
      6548.188	     3.89133e+06	
      6549.918	     3.88989e+06	
      6553.113	     3.88725e+06	
      6554.426	     3.88615e+06	
      6556.306	     3.88452e+06	
      6556.871	     3.88405e+06	
      6557.903	     3.88310e+06	
      6558.185	     3.88282e+06	
      6559.500	     3.88153e+06	
      6560.298	     3.88062e+06	
      6561.096	     3.87952e+06	
      6561.496	     3.87883e+06	
      6561.895	     3.87792e+06	
      6562.094	     3.87729e+06	
      6562.294	     3.87641e+06	
      6562.394	     3.87578e+06	
      6562.494	     3.87490e+06	
      6562.594	     3.87365e+06	
      6562.693	     3.87255e+06	
      6562.793	     3.87192e+06	
      6562.892	     3.87245e+06	
      6562.992	     3.87349e+06	
      6563.092	     3.87468e+06	
      6563.291	     3.87600e+06	
      6563.641	     3.87710e+06	
      6563.687	     3.87720e+06	
      6563.689	     3.87720e+06	
      6563.691	     3.87720e+06	
      6563.741	     3.87729e+06	
      6563.841	     3.87748e+06	
      6564.041	     3.87776e+06	
      6564.294	     3.87801e+06	
      6564.392	     3.87811e+06	
      6564.441	     3.87814e+06	
      6564.490	     3.87820e+06	
      6564.685	     3.87833e+06	
      6565.077	     3.87855e+06	
      6565.636	     3.87877e+06	
      6565.861	     3.87886e+06	
      6566.086	     3.87892e+06	
      6566.536	     3.87902e+06	
      6566.689	     3.87905e+06	
      6567.085	     3.87914e+06	
      6567.436	     3.87918e+06	
      6568.183	     3.87930e+06	
      6569.280	     3.87940e+06	
      6570.478	     3.87949e+06	
      6571.476	     3.87952e+06	
      6572.473	     3.87958e+06	
      6573.270	     3.87962e+06	
      6574.469	     3.87965e+06	
      6575.667	     3.87968e+06	
      6577.950	     3.87974e+06	
      6578.065	     3.87974e+06	
      6578.180	     3.87977e+06	
      6578.410	     3.87977e+06	
      6578.870	     3.87977e+06	
      6579.789	     3.87980e+06	
      6580.079	     3.87980e+06	
      6581.629	     3.87987e+06	
      6583.178	     3.87990e+06	
      6584.378	     3.87993e+06	
      6586.278	     3.87999e+06	
      6587.911	     3.88002e+06	
      6588.177	     3.88006e+06	
      6588.443	     3.88006e+06	
      6588.975	     3.88006e+06	
      6590.039	     3.88009e+06	
      6591.023	     3.88012e+06	
      6592.166	     3.88012e+06	
      6593.014	     3.88015e+06	
      6593.309	     3.88015e+06	
      6595.594	     3.88018e+06	
      6598.174	     3.88018e+06	
      6603.335	     3.88015e+06	
      6613.656	     3.87977e+06	
      6634.299	     3.87754e+06	
      6639.690	     3.87666e+06	
      6675.584	     3.86827e+06	
      6711.477	     3.85674e+06	
      6741.748	     3.84559e+06	
      6783.263	     3.82885e+06	
      6824.779	     3.81107e+06	
      6907.811	     3.77371e+06	
      6990.842	     3.73447e+06	
      7038.601	     3.71129e+06	
      7073.874	     3.69388e+06	
      7109.146	     3.67632e+06	
      7179.691	     3.64104e+06	
      7250.236	     3.60513e+06	
      7320.781	     3.56869e+06	
      7389.137	     3.53329e+06	
      7391.326	     3.53212e+06	
      7393.514	     3.53096e+06	
      7397.891	     3.52867e+06	
      7406.645	     3.52411e+06	
      7424.152	     3.51494e+06	
      7459.167	     3.49656e+06	
      7529.196	     3.45952e+06	
      7599.225	     3.42223e+06	
      7660.626	     3.38931e+06	
      7669.254	     3.38466e+06	
      7677.881	     3.38004e+06	
      7695.137	     3.37083e+06	
      7729.647	     3.35242e+06	
      7798.668	     3.31551e+06	
      7867.690	     3.27844e+06	
      7911.174	     3.25507e+06	
      7936.711	     3.24131e+06	
      7962.248	     3.22755e+06	
      8013.322	     3.20021e+06	
      8046.242	     3.18259e+06	
      8064.396	     3.17288e+06	
      8082.550	     3.16318e+06	
      8118.857	     3.14382e+06	
      8180.092	     3.11119e+06	
      8191.471	     3.10513e+06	
      8200.850	     3.10014e+06	
      8202.850	     3.09907e+06	
      8204.849	     3.09801e+06	
      8208.848	     3.09590e+06	
      8216.846	     3.09166e+06	
      8232.842	     3.08319e+06	
      8264.833	     3.06632e+06	
      8289.715	     3.05317e+06	
      8328.816	     3.03251e+06	
      8343.441	     3.02479e+06	
      8367.916	     3.01189e+06	
      8371.465	     3.01003e+06	
      8388.684	     3.00101e+06	
      8392.391	     2.99907e+06	
      8408.650	     2.99056e+06	
      8413.318	     2.98812e+06	
      8432.024	     2.97834e+06	
      8437.951	     2.97524e+06	
      8467.252	     2.95994e+06	
      8473.978	     2.95644e+06	
      8502.481	     2.94158e+06	
      8516.584	     2.93424e+06	
      8530.983	     2.92675e+06	
      8545.382	     2.91933e+06	
      8549.972	     2.91696e+06	
      8574.180	     2.90449e+06	
      8598.388	     2.89205e+06	
      8628.597	     2.87654e+06	
      8646.805	     2.86721e+06	
      8652.391	     2.86435e+06	
      8665.013	     2.85788e+06	
      8685.587	     2.84737e+06	
      8701.429	     2.83928e+06	
      8750.468	     2.81431e+06	
      8767.917	     2.80545e+06	
      8815.350	     2.78142e+06	
      8862.782	     2.75772e+06	
      8900.383	     2.73900e+06	
      8957.646	     2.71061e+06	
      9014.908	     2.68238e+06	
      9044.624	     2.66780e+06	
      9072.171	     2.65431e+06	
      9099.717	     2.64087e+06	
      9154.810	     2.61436e+06	
      9190.798	     2.59712e+06	
      9209.903	     2.58800e+06	
      9229.009	     2.57890e+06	
      9267.221	     2.56075e+06	
      9303.204	     2.54374e+06	
      9343.644	     2.52470e+06	
      9384.084	     2.50576e+06	
      9464.964	     2.46851e+06	
      9545.723	     2.43168e+06	
      9545.844	     2.43163e+06	
      9545.965	     2.43157e+06	
      9546.207	     2.43147e+06	
      9546.691	     2.43125e+06	
      9546.866	     2.43117e+06	
      9547.658	     2.43081e+06	
      9549.594	     2.42993e+06	
      9553.465	     2.42817e+06	
      9561.207	     2.42467e+06	
      9576.691	     2.41767e+06	
      9607.658	     2.40370e+06	
      9668.451	     2.37646e+06	
      9729.243	     2.34970e+06	
      9790.036	     2.32317e+06	
      9850.828	     2.29685e+06	
      9870.422	     2.28842e+06	
      9911.620	     2.27077e+06	
      9952.819	     2.25322e+06	
     10021.070	     2.22465e+06	
     10035.217	     2.21877e+06	
     10049.364	     2.21289e+06	
     10077.658	     2.20119e+06	
     10134.247	     2.17792e+06	
     10144.484	     2.17373e+06	
     10190.835	     2.15485e+06	
     10237.187	     2.13610e+06	
     10329.890	     2.09989e+06	
     10422.592	     2.06417e+06	
     10515.295	     2.02895e+06	
     10607.998	     1.99424e+06	
     10700.701	     1.96004e+06	
     10793.403	     1.92635e+06	
     10834.127	     1.91171e+06	
     10886.106	     1.89317e+06	
     10938.085	     1.87480e+06	
     10990.064	     1.85659e+06	
     11042.043	     1.83854e+06	
     11094.022	     1.82065e+06	
     11146.000	     1.80293e+06	
     11197.979	     1.78537e+06	
     11239.008	     1.77162e+06	
     11249.958	     1.76796e+06	
     11260.908	     1.76432e+06	
     11282.808	     1.75734e+06	
     11326.608	     1.74346e+06	
     11414.209	     1.71599e+06	
     11501.809	     1.68892e+06	
     11589.411	     1.66224e+06	
     11677.011	     1.63595e+06	
     11764.612	     1.61006e+06	
     11852.212	     1.58456e+06	
     11939.813	     1.55945e+06	
     12027.413	     1.53472e+06	
     12115.014	     1.51038e+06	
     12120.600	     1.50884e+06	
     12202.614	     1.48642e+06	
     12284.629	     1.46433e+06	
     12366.644	     1.44362e+06	
     12448.658	     1.42319e+06	
     12530.673	     1.40304e+06	
     12612.688	     1.38315e+06	
     12694.701	     1.36354e+06	
     12735.367	     1.35391e+06	
     12776.716	     1.34419e+06	
     12818.066	     1.33454e+06	
     12900.764	     1.31546e+06	
     12983.464	     1.29666e+06	
     13066.162	     1.27812e+06	
     13148.861	     1.25984e+06	
     13154.771	     1.25855e+06	
     13231.560	     1.24184e+06	
     13308.350	     1.22535e+06	
     13385.140	     1.21010e+06	
     13461.929	     1.19503e+06	
     13538.719	     1.18014e+06	
     13615.509	     1.16542e+06	
     13692.299	     1.15089e+06	
     13769.088	     1.13652e+06	
     13845.878	     1.12232e+06	
     13922.668	     1.10831e+06	
     13999.458	     1.09446e+06	
     14076.247	     1.08078e+06	
     14153.038	     1.06728e+06	
     14229.828	     1.05394e+06	
     14281.164	     1.04512e+06	
     14306.618	     1.04077e+06	
     14332.071	     1.03644e+06	
     14382.978	     1.02820e+06	
     14410.128	     1.02382e+06	
     14427.096	     1.02110e+06	
     14433.884	     1.02001e+06	
     14457.640	     1.01621e+06	
     14505.152	     1.00873e+06	
     14581.211	     9.96862e+05	
     14583.210	     9.96554e+05	
     14585.210	     9.96243e+05	
     14589.208	     9.95649e+05	
     14597.206	     9.94465e+05	
     14613.202	     9.92096e+05	
     14645.193	     9.87368e+05	
     14709.176	     9.77975e+05	
     14773.158	     9.68657e+05	
     14837.141	     9.59411e+05	
     14901.123	     9.50244e+05	
     14965.106	     9.41149e+05	
     15029.088	     9.32133e+05	
     15093.071	     9.23192e+05	
     15157.054	     9.14326e+05	
     15221.036	     9.05536e+05	
     15285.019	     8.96827e+05	
     15349.001	     8.88191e+05	
     15412.984	     8.79633e+05	
     15471.572	     8.71864e+05	
     15476.966	     8.71151e+05	
     15482.361	     8.70438e+05	
     15493.150	     8.68999e+05	
     15514.728	     8.66128e+05	
     15557.884	     8.60410e+05	
     15644.197	     8.49081e+05	
     15730.509	     8.37891e+05	
     15816.821	     8.26839e+05	
     15903.134	     8.15919e+05	
     15989.446	     8.05140e+05	
     16075.759	     7.94499e+05	
     16162.071	     7.83997e+05	
     16248.384	     7.73627e+05	
     16289.880	     7.68688e+05	
     16334.696	     7.63391e+05	
     16379.512	     7.58129e+05	
     16469.143	     7.45547e+05	
     16558.775	     7.33216e+05	
     16648.406	     7.21134e+05	
     16738.038	     7.09287e+05	
     16827.669	     6.97675e+05	
     16917.301	     6.86297e+05	
     17006.933	     6.75138e+05	
     17096.564	     6.64199e+05	
     17186.196	     6.53476e+05	
     17275.827	     6.42961e+05	
     17327.685	     6.36970e+05	
     17365.459	     6.32651e+05	
     17403.232	     6.28366e+05	
     17478.780	     6.19893e+05	
     17554.327	     6.11555e+05	
     17629.874	     6.03355e+05	
     17705.422	     5.95291e+05	
     17780.969	     5.87355e+05	
     17856.517	     5.79548e+05	
     17932.064	     5.71864e+05	
     18007.611	     5.64142e+05	
     18083.159	     5.56687e+05	
     18158.706	     5.49348e+05	
     18234.253	     5.42123e+05	
     18309.801	     5.35007e+05	
     18343.743	     5.31847e+05	
     18385.348	     5.28004e+05	
     18426.953	     5.24190e+05	
     18510.162	     5.16666e+05	
     18593.371	     5.09271e+05	
     18602.053	     5.08504e+05	
     18676.581	     5.02011e+05	
     18751.108	     4.95621e+05	
     18825.636	     4.89388e+05	
     18900.163	     4.83259e+05	
     18974.691	     4.77224e+05	
     19049.219	     4.71283e+05	
     19123.746	     4.65430e+05	
     19198.274	     4.59659e+05	
     19272.802	     4.53970e+05	
     19347.329	     4.48365e+05	
     19393.041	     4.44966e+05	
     19421.857	     4.42839e+05	
     19450.673	     4.40725e+05	
     19508.305	     4.36534e+05	
     19565.938	     4.32484e+05	
     19623.570	     4.28375e+05	
     19681.202	     4.24316e+05	
     19738.834	     4.20304e+05	
     19796.467	     4.16336e+05	
     19854.099	     4.12416e+05	
     19911.731	     4.08539e+05	
     19969.363	     4.04709e+05	
     20026.996	     4.00921e+05	
     20084.628	     3.97176e+05	
     20142.260	     3.93475e+05	
     20199.892	     3.89818e+05	
     20257.525	     3.86199e+05	
     20315.157	     3.82624e+05	
     20372.789	     3.79087e+05	
     20386.449	     3.78254e+05	
     20430.421	     3.75590e+05	
     20474.393	     3.72951e+05	
     20562.337	     3.67739e+05	
     20650.280	     3.62615e+05	
     20738.224	     3.57579e+05	
     20826.167	     3.52628e+05	
     20914.111	     3.47762e+05	
     21002.055	     3.42977e+05	
     21089.998	     3.38274e+05	
     21177.942	     3.33650e+05	
     21265.885	     3.29101e+05	
     21353.829	     3.24630e+05	
     21441.773	     3.20232e+05	
     21529.716	     3.15906e+05	
     21604.704	     3.12277e+05	
     21617.660	     3.11654e+05	
     21630.617	     3.11034e+05	
     21656.529	     3.09797e+05	
     21708.356	     3.07343e+05	
     21760.182	     3.04912e+05	
     21812.008	     3.02505e+05	
     21863.835	     3.00121e+05	
     21915.661	     2.97760e+05	
     21967.487	     2.95422e+05	
     22019.313	     2.93107e+05	
     22071.139	     2.90813e+05	
     22122.966	     2.88542e+05	
     22174.792	     2.86292e+05	
     22226.619	     2.84064e+05	
     22278.445	     2.81857e+05	
     22330.271	     2.79671e+05	
     22382.097	     2.77507e+05	
     22433.923	     2.75362e+05	
     22485.750	     2.73238e+05	
     22537.576	     2.71134e+05	
     22589.403	     2.69050e+05	
     22641.228	     2.66986e+05	
     22693.054	     2.64941e+05	
     22702.925	     2.64554e+05	
     22744.881	     2.62915e+05	
     22784.838	     2.61367e+05	
     22786.838	     2.61289e+05	
     22788.837	     2.61212e+05	
     22792.836	     2.61058e+05	
     22800.834	     2.60750e+05	
     22816.829	     2.60135e+05	
     22848.821	     2.58911e+05	
     22912.803	     2.56484e+05	
     22976.786	     2.54084e+05	
     23040.768	     2.51713e+05	
     23104.751	     2.49368e+05	
     23168.733	     2.47050e+05	
     23232.716	     2.44759e+05	
     23296.698	     2.42494e+05	
     23360.681	     2.40255e+05	
     23424.663	     2.38040e+05	
     23488.646	     2.35852e+05	
     23552.628	     2.33687e+05	
     23616.611	     2.31548e+05	
     23680.593	     2.29432e+05	
     23744.576	     2.27340e+05	
     23808.558	     2.25272e+05	
     23872.541	     2.23226e+05	
     23936.523	     2.21204e+05	
     24000.506	     2.19204e+05	
     24064.488	     2.17226e+05	
     24128.471	     2.15271e+05	
     24192.453	     2.13337e+05	
     24256.436	     2.11424e+05	
     24320.419	     2.09533e+05	
     24384.401	     2.07662e+05	
     24448.384	     2.05811e+05	
     24512.366	     2.03982e+05	
     24576.349	     2.02172e+05	
     24640.331	     2.00381e+05	
     24704.314	     1.98611e+05	
     24768.296	     1.96859e+05	
     24832.279	     1.95127e+05	
     24896.261	     1.93413e+05	
     24960.244	     1.91719e+05	
     25004.437	     1.90558e+05	
     25024.226	     1.90042e+05	
     25044.016	     1.89527e+05	
     25083.595	     1.88502e+05	
     25162.753	     1.86474e+05	
     25241.912	     1.84473e+05	
     25321.070	     1.82498e+05	
     25400.228	     1.80549e+05	
     25479.387	     1.78626e+05	
     25558.545	     1.76728e+05	
     25637.703	     1.74855e+05	
     25716.862	     1.73006e+05	
     25796.020	     1.71182e+05	
     25875.179	     1.69381e+05	
     25954.337	     1.67603e+05	
     26033.495	     1.65849e+05	
     26112.654	     1.64117e+05	
     26191.812	     1.62407e+05	
     26270.970	     1.60719e+05	
     26350.129	     1.59053e+05	
     26429.287	     1.57409e+05	
     26508.445	     1.55785e+05	
     26587.604	     1.54182e+05	
     26666.762	     1.52599e+05	
     26745.921	     1.51036e+05	
     26825.079	     1.49493e+05	
     26904.237	     1.47970e+05	
     26983.396	     1.46465e+05	
     27062.554	     1.44980e+05	
     27141.712	     1.43513e+05	
     27142.547	     1.43498e+05	
     27220.871	     1.42064e+05	
     27299.194	     1.40648e+05	
     27377.518	     1.39251e+05	
     27455.842	     1.37871e+05	
     27534.165	     1.36507e+05	
     27612.489	     1.35160e+05	
     27690.812	     1.33830e+05	
     27769.136	     1.32515e+05	
     27847.459	     1.31217e+05	
     27925.783	     1.29934e+05	
     28004.107	     1.28667e+05	
     28082.430	     1.27415e+05	
     28160.754	     1.26178e+05	
     28239.077	     1.24956e+05	
     28317.401	     1.23748e+05	
     28395.725	     1.22555e+05	
     28474.048	     1.21376e+05	
     28552.372	     1.20211e+05	
     28630.695	     1.19060e+05	
     28709.019	     1.17922e+05	
     28787.343	     1.16798e+05	
     28865.666	     1.15687e+05	
     28943.990	     1.14590e+05	
     29022.313	     1.13504e+05	
     29100.637	     1.12432e+05	
     29178.961	     1.11373e+05	
     29257.284	     1.10325e+05	
     29335.608	     1.09290e+05	
     29413.931	     1.08267e+05	
     29492.255	     1.07256e+05	
     29570.578	     1.06256e+05	
     29648.902	     1.05268e+05	
     29727.226	     1.04291e+05	
     29805.549	     1.03325e+05	
     29883.873	     1.02371e+05	
     29932.600	     1.01782e+05	
     29962.196	     1.01427e+05	
     29991.792	     1.01073e+05	
#time:0.045499
