# Koester WD models
# teff = 5750 K (value for the effective temperature for the model. Temperatures are given in K)
# logg = 9 log(cm/s2) (value for Log(G) for the model.)
#
#   WAVELENGTH	#           FLUX	
#   (ANGSTROM)	#  (ERG/CM2/S/A)	
##############	################	
       899.230	     1.38128e-02	
       899.395	     1.38857e-02	
       899.724	     1.40327e-02	
       900.385	     1.43308e-02	
       900.439	     1.43557e-02	
       901.704	     1.49447e-02	
       902.970	     1.55560e-02	
       904.235	     1.61903e-02	
       904.291	     1.62190e-02	
       905.501	     1.68485e-02	
       905.529	     1.68633e-02	
       906.766	     1.75313e-02	
       908.003	     1.82236e-02	
       908.450	     1.84796e-02	
       909.241	     1.89411e-02	
       910.032	     1.94133e-02	
       911.193	     2.01262e-02	
       911.613	     2.03903e-02	
       912.034	     2.06576e-02	
       912.465	     2.09352e-02	
       912.875	     2.12018e-02	
       913.037	     2.13083e-02	
       913.241	     2.14431e-02	
       913.284	     2.14716e-02	
       913.478	     2.16006e-02	
       913.531	     2.16360e-02	
       913.755	     2.17855e-02	
       913.822	     2.18306e-02	
       914.080	     2.20050e-02	
       914.165	     2.20627e-02	
       914.499	     2.22910e-02	
       914.575	     2.23433e-02	
       915.071	     2.26864e-02	
       915.540	     2.30159e-02	
       915.609	     2.30640e-02	
       915.643	     2.30881e-02	
       915.677	     2.31123e-02	
       915.741	     2.31577e-02	
       915.813	     2.32090e-02	
       916.085	     2.34036e-02	
       916.429	     2.36520e-02	
       916.858	     2.39643e-02	
       917.118	     2.41559e-02	
       917.196	     2.42136e-02	
       917.378	     2.43489e-02	
       917.899	     2.47391e-02	
       917.952	     2.47792e-02	
       918.287	     2.50341e-02	
       918.602	     2.52751e-02	
       919.251	     2.57794e-02	
       920.215	     2.65468e-02	
       921.882	     2.79096e-02	
       921.999	     2.80133e-02	
       922.143	     2.81418e-02	
       922.405	     2.83665e-02	
       922.810	     2.87018e-02	
       923.621	     2.93523e-02	
       924.432	     3.00528e-02	
       925.001	     3.06283e-02	
       925.242	     3.08946e-02	
       925.484	     3.11209e-02	
       925.564	     3.11957e-02	
       925.966	     3.15136e-02	
       926.369	     3.17712e-02	
       926.771	     3.20691e-02	
       926.969	     3.22243e-02	
       927.276	     3.24753e-02	
       927.576	     3.27323e-02	
       927.729	     3.28673e-02	
       928.182	     3.32833e-02	
       928.636	     3.37420e-02	
       928.917	     3.40715e-02	
       928.980	     3.41532e-02	
       929.089	     3.43043e-02	
       929.261	     3.45685e-02	
       929.317	     3.46590e-02	
       929.543	     3.50451e-02	
       929.655	     3.52201e-02	
       929.769	     3.53640e-02	
       929.827	     3.54268e-02	
       929.883	     3.54859e-02	
       929.910	     3.55141e-02	
       929.939	     3.55449e-02	
       929.954	     3.55606e-02	
       929.968	     3.55754e-02	
       929.982	     3.55902e-02	
       929.996	     3.56049e-02	
       930.010	     3.56200e-02	
       930.024	     3.56348e-02	
       930.038	     3.56495e-02	
       930.052	     3.56643e-02	
       930.081	     3.56951e-02	
       930.137	     3.57545e-02	
       930.201	     3.58223e-02	
       930.247	     3.58701e-02	
       930.249	     3.58720e-02	
       930.251	     3.58738e-02	
       930.301	     3.59207e-02	
       930.326	     3.59398e-02	
       930.329	     3.59420e-02	
       930.402	     3.59895e-02	
       930.478	     3.60212e-02	
       930.630	     3.60535e-02	
       930.931	     3.61029e-02	
       931.229	     3.61867e-02	
       931.490	     3.63096e-02	
       931.534	     3.63325e-02	
       931.838	     3.65138e-02	
       931.968	     3.65496e-02	
       932.447	     3.68644e-02	
       932.925	     3.72960e-02	
       933.265	     3.76335e-02	
       933.403	     3.77764e-02	
       933.432	     3.78056e-02	
       933.542	     3.79219e-02	
       933.652	     3.80403e-02	
       933.872	     3.82819e-02	
       933.973	     3.83959e-02	
       934.073	     3.85112e-02	
       934.312	     3.87971e-02	
       934.652	     3.92332e-02	
       934.941	     3.96409e-02	
       935.230	     4.00965e-02	
       935.473	     4.05187e-02	
       935.520	     4.06054e-02	
       935.809	     4.11979e-02	
       936.144	     4.20084e-02	
       936.358	     4.25689e-02	
       936.372	     4.26047e-02	
       936.479	     4.28749e-02	
       936.601	     4.31554e-02	
       936.714	     4.33684e-02	
       936.829	     4.35368e-02	
       936.887	     4.36116e-02	
       936.944	     4.36842e-02	
       936.973	     4.37212e-02	
       937.001	     4.37570e-02	
       937.015	     4.37750e-02	
       937.029	     4.37929e-02	
       937.043	     4.38108e-02	
       937.058	     4.38299e-02	
       937.072	     4.38478e-02	
       937.086	     4.38657e-02	
       937.101	     4.38849e-02	
       937.115	     4.39031e-02	
       937.143	     4.39389e-02	
       937.200	     4.40121e-02	
       937.314	     4.41579e-02	
       937.493	     4.43329e-02	
       937.542	     4.43590e-02	
       937.593	     4.43756e-02	
       937.694	     4.43857e-02	
       937.788	     4.43772e-02	
       937.894	     4.43539e-02	
       938.000	     4.43329e-02	
       938.212	     4.43002e-02	
       938.359	     4.43024e-02	
       938.556	     4.43364e-02	
       938.636	     4.43605e-02	
       938.914	     4.44862e-02	
       939.271	     4.47212e-02	
       939.628	     4.50269e-02	
       939.986	     4.53847e-02	
       940.580	     4.60611e-02	
       940.660	     4.61579e-02	
       940.675	     4.61761e-02	
       940.700	     4.62069e-02	
       940.740	     4.62559e-02	
       940.787	     4.63168e-02	
       940.901	     4.64645e-02	
       941.221	     4.69015e-02	
       941.861	     4.78059e-02	
       943.048	     4.95432e-02	
       943.457	     5.01596e-02	
       944.382	     5.15711e-02	
       945.308	     5.30015e-02	
       945.770	     5.37545e-02	
       946.233	     5.45811e-02	
       946.696	     5.55145e-02	
       947.158	     5.66203e-02	
       947.621	     5.79429e-02	
       948.083	     5.94879e-02	
       948.314	     6.02740e-02	
       948.546	     6.09497e-02	
       948.661	     6.12076e-02	
       948.777	     6.14228e-02	
       948.835	     6.15246e-02	
       948.893	     6.16261e-02	
       948.922	     6.16770e-02	
       948.951	     6.17279e-02	
       948.966	     6.17540e-02	
       948.980	     6.17788e-02	
       948.994	     6.18033e-02	
       949.009	     6.18297e-02	
       949.023	     6.18542e-02	
       949.037	     6.18787e-02	
       949.052	     6.19051e-02	
       949.066	     6.19299e-02	
       949.095	     6.19808e-02	
       949.153	     6.20832e-02	
       949.230	     6.22189e-02	
       949.258	     6.22683e-02	
       949.269	     6.22877e-02	
       949.280	     6.23069e-02	
       949.330	     6.23927e-02	
       949.360	     6.24417e-02	
       949.430	     6.25428e-02	
       949.500	     6.26248e-02	
       949.640	     6.27225e-02	
       949.795	     6.27555e-02	
       949.879	     6.27555e-02	
       949.921	     6.27508e-02	
       949.963	     6.27489e-02	
       950.047	     6.27455e-02	
       950.131	     6.27354e-02	
       950.467	     6.27514e-02	
       950.888	     6.29371e-02	
       951.308	     6.33094e-02	
       951.728	     6.38579e-02	
       952.149	     6.45509e-02	
       952.400	     6.50310e-02	
       952.569	     6.53677e-02	
       952.738	     6.57262e-02	
       953.076	     6.64770e-02	
       953.753	     6.80485e-02	
       954.198	     6.91446e-02	
       954.430	     6.97342e-02	
       955.106	     7.14807e-02	
       955.560	     7.26785e-02	
       956.014	     7.38975e-02	
       956.468	     7.53385e-02	
       956.922	     7.67749e-02	
       957.376	     7.81917e-02	
       957.830	     7.95816e-02	
       958.186	     8.06620e-02	
       958.737	     8.23518e-02	
       959.289	     8.40191e-02	
       960.278	     8.70099e-02	
       960.354	     8.72401e-02	
       960.392	     8.73554e-02	
       960.430	     8.74707e-02	
       960.582	     8.79363e-02	
       960.886	     8.88691e-02	
       961.192	     8.98103e-02	
       961.495	     9.07421e-02	
       962.712	     9.45271e-02	
       964.231	     9.93657e-02	
       965.750	     1.04403e-01	
       966.507	     1.06952e-01	
       966.767	     1.07839e-01	
       967.269	     1.09552e-01	
       968.032	     1.12138e-01	
       968.668	     1.14328e-01	
       969.297	     1.16305e-01	
       969.611	     1.17226e-01	
       969.927	     1.17896e-01	
       970.084	     1.18167e-01	
       970.242	     1.18244e-01	
       970.399	     1.18106e-01	
       970.556	     1.17704e-01	
       970.713	     1.16916e-01	
       970.824	     1.16120e-01	
       970.867	     1.15754e-01	
       970.870	     1.15722e-01	
       970.874	     1.15690e-01	
       970.924	     1.15211e-01	
       971.024	     1.14112e-01	
       971.101	     1.13183e-01	
       971.225	     1.11689e-01	
       971.348	     1.10542e-01	
       971.357	     1.10487e-01	
       971.471	     1.10506e-01	
       971.585	     1.12229e-01	
       971.653	     1.13950e-01	
       971.695	     1.15036e-01	
       971.699	     1.15134e-01	
       971.703	     1.15217e-01	
       971.732	     1.15746e-01	
       971.744	     1.15894e-01	
       971.753	     1.15972e-01	
       971.762	     1.16031e-01	
       971.778	     1.16097e-01	
       971.792	     1.16142e-01	
       971.806	     1.16186e-01	
       971.821	     1.16233e-01	
       971.827	     1.16252e-01	
       971.833	     1.16270e-01	
       971.836	     1.16280e-01	
       971.839	     1.16289e-01	
       971.851	     1.16327e-01	
       971.866	     1.16374e-01	
       971.880	     1.16418e-01	
       971.910	     1.16504e-01	
       971.969	     1.16153e-01	
       972.037	     1.14846e-01	
       972.087	     1.13874e-01	
       972.137	     1.13161e-01	
       972.150	     1.13039e-01	
       972.237	     1.12759e-01	
       972.324	     1.13431e-01	
       972.499	     1.16239e-01	
       972.548	     1.17153e-01	
       972.673	     1.19485e-01	
       972.798	     1.21651e-01	
       972.923	     1.23541e-01	
       973.048	     1.25223e-01	
       973.173	     1.26674e-01	
       973.298	     1.27935e-01	
       973.351	     1.28435e-01	
       973.548	     1.30115e-01	
       973.746	     1.31588e-01	
       974.140	     1.34138e-01	
       974.217	     1.34588e-01	
       974.534	     1.36347e-01	
       974.821	     1.37824e-01	
       974.928	     1.38352e-01	
       975.640	     1.41722e-01	
       977.063	     1.48182e-01	
       979.305	     1.58351e-01	
       981.547	     1.68860e-01	
       983.653	     1.79141e-01	
       983.788	     1.79816e-01	
       983.923	     1.80493e-01	
       984.194	     1.81892e-01	
       984.734	     1.84678e-01	
       985.011	     1.86108e-01	
       985.815	     1.90266e-01	
       986.618	     1.94485e-01	
       987.139	     1.97253e-01	
       988.225	     2.03137e-01	
       989.092	     2.07934e-01	
       989.312	     2.09167e-01	
       991.486	     2.21647e-01	
       993.880	     2.36139e-01	
       994.100	     2.37510e-01	
       996.273	     2.51396e-01	
       997.574	     2.60044e-01	
       997.806	     2.61613e-01	
       998.447	     2.65983e-01	
       999.319	     2.72035e-01	
       999.435	     2.72851e-01	
      1001.064	     2.84539e-01	
      1002.694	     2.96645e-01	
      1004.323	     3.09184e-01	
      1005.836	     3.21234e-01	
      1005.952	     3.22173e-01	
      1007.581	     3.35632e-01	
      1009.326	     3.50589e-01	
      1011.071	     3.66052e-01	
      1011.303	     3.68154e-01	
      1012.816	     3.82084e-01	
      1014.329	     3.96434e-01	
      1015.378	     4.06638e-01	
      1017.355	     4.26339e-01	
      1017.620	     4.29107e-01	
      1019.332	     4.46320e-01	
      1020.189	     4.54500e-01	
      1021.044	     4.61820e-01	
      1021.473	     4.64899e-01	
      1021.901	     4.67302e-01	
      1022.328	     4.68591e-01	
      1022.470	     4.68490e-01	
      1022.756	     4.67893e-01	
      1023.043	     4.65691e-01	
      1023.186	     4.64038e-01	
      1023.329	     4.62119e-01	
      1023.472	     4.58660e-01	
      1023.615	     4.55088e-01	
      1023.761	     4.51126e-01	
      1023.901	     4.46700e-01	
      1024.041	     4.41689e-01	
      1024.181	     4.36835e-01	
      1024.382	     4.30703e-01	
      1024.461	     4.28962e-01	
      1024.540	     4.27919e-01	
      1024.607	     4.28136e-01	
      1024.667	     4.29443e-01	
      1024.699	     4.30697e-01	
      1024.791	     4.36248e-01	
      1024.852	     4.41353e-01	
      1024.915	     4.46486e-01	
      1024.947	     4.48324e-01	
      1024.978	     4.49270e-01	
      1024.993	     4.49493e-01	
      1025.009	     4.49672e-01	
      1025.025	     4.49845e-01	
      1025.040	     4.50008e-01	
      1025.056	     4.50181e-01	
      1025.072	     4.50354e-01	
      1025.087	     4.50517e-01	
      1025.103	     4.50690e-01	
      1025.134	     4.51023e-01	
      1025.196	     4.50605e-01	
      1025.271	     4.46521e-01	
      1025.320	     4.43282e-01	
      1025.371	     4.40517e-01	
      1025.471	     4.37684e-01	
      1025.521	     4.37662e-01	
      1025.571	     4.38378e-01	
      1025.621	     4.39814e-01	
      1025.721	     4.43876e-01	
      1025.821	     4.48799e-01	
      1025.874	     4.51617e-01	
      1025.972	     4.57102e-01	
      1026.021	     4.59904e-01	
      1026.070	     4.62709e-01	
      1026.266	     4.74073e-01	
      1026.463	     4.84525e-01	
      1026.659	     4.94078e-01	
      1026.855	     5.03324e-01	
      1026.997	     5.08621e-01	
      1027.033	     5.09931e-01	
      1027.051	     5.10581e-01	
      1027.069	     5.11225e-01	
      1027.141	     5.13763e-01	
      1027.285	     5.18699e-01	
      1027.573	     5.27005e-01	
      1027.861	     5.34690e-01	
      1028.150	     5.41136e-01	
      1028.438	     5.47121e-01	
      1028.961	     5.56832e-01	
      1029.008	     5.57661e-01	
      1029.014	     5.57768e-01	
      1029.067	     5.58698e-01	
      1029.173	     5.60548e-01	
      1029.338	     5.63404e-01	
      1029.668	     5.68883e-01	
      1030.113	     5.76096e-01	
      1030.329	     5.79570e-01	
      1031.650	     5.99950e-01	
      1033.187	     6.23041e-01	
      1036.215	     6.69678e-01	
      1036.255	     6.70315e-01	
      1036.260	     6.70397e-01	
      1036.265	     6.70476e-01	
      1036.288	     6.70843e-01	
      1036.315	     6.71277e-01	
      1036.415	     6.72873e-01	
      1036.615	     6.76074e-01	
      1037.016	     6.82498e-01	
      1037.816	     6.95448e-01	
      1039.344	     7.20653e-01	
      1040.453	     7.39298e-01	
      1042.400	     7.73052e-01	
      1043.238	     7.87996e-01	
      1044.347	     8.08153e-01	
      1046.294	     8.44671e-01	
      1049.349	     9.04939e-01	
      1050.458	     9.27847e-01	
      1052.405	     9.69338e-01	
      1053.243	     9.87714e-01	
      1054.352	     1.01249e+00	
      1056.299	     1.05735e+00	
      1059.355	     1.13138e+00	
      1060.463	     1.15922e+00	
      1062.410	     1.20961e+00	
      1064.357	     1.26194e+00	
      1066.304	     1.31627e+00	
      1067.142	     1.34031e+00	
      1068.251	     1.37268e+00	
      1068.791	     1.38871e+00	
      1069.359	     1.40575e+00	
      1071.576	     1.47466e+00	
      1074.362	     1.56552e+00	
      1074.930	     1.58467e+00	
      1077.147	     1.66141e+00	
      1079.364	     1.74152e+00	
      1080.720	     1.79174e+00	
      1081.581	     1.82431e+00	
      1082.425	     1.85675e+00	
      1082.442	     1.85741e+00	
      1084.165	     1.92522e+00	
      1085.905	     1.99594e+00	
      1087.637	     2.06862e+00	
      1089.368	     2.14367e+00	
      1091.100	     2.22182e+00	
      1091.293	     2.23068e+00	
      1092.832	     2.30250e+00	
      1094.370	     2.37639e+00	
      1095.523	     2.43312e+00	
      1097.448	     2.53059e+00	
      1099.372	     2.63153e+00	
      1102.070	     2.77770e+00	
      1103.222	     2.84233e+00	
      1103.982	     2.88570e+00	
      1104.374	     2.90830e+00	
      1106.679	     3.04436e+00	
      1109.376	     3.21074e+00	
      1109.769	     3.23615e+00	
      1112.073	     3.38902e+00	
      1114.378	     3.54840e+00	
      1116.683	     3.71446e+00	
      1118.596	     3.85753e+00	
      1118.684	     3.86422e+00	
      1118.988	     3.88747e+00	
      1119.380	     3.91760e+00	
      1120.076	     3.97166e+00	
      1121.469	     4.08175e+00	
      1123.778	     4.27034e+00	
      1124.254	     4.30986e+00	
      1124.730	     4.34928e+00	
      1125.682	     4.42917e+00	
      1125.790	     4.43832e+00	
      1127.075	     4.54830e+00	
      1127.587	     4.59282e+00	
      1127.845	     4.61541e+00	
      1129.384	     4.75210e+00	
      1131.692	     4.96387e+00	
      1135.540	     5.33468e+00	
      1139.387	     5.72772e+00	
      1142.080	     6.01558e+00	
      1143.234	     6.14241e+00	
      1144.004	     6.22805e+00	
      1144.388	     6.27109e+00	
      1146.697	     6.53304e+00	
      1149.390	     6.84569e+00	
      1154.391	     7.43323e+00	
      1159.393	     8.01502e+00	
      1164.394	     8.57479e+00	
      1169.395	     9.09237e+00	
      1171.896	     9.33999e+00	
      1173.146	     9.46854e+00	
      1174.397	     9.60834e+00	
      1175.647	     9.76344e+00	
      1176.897	     9.93582e+00	
      1177.860	     1.00811e+01	
      1178.148	     1.01274e+01	
      1179.398	     1.03361e+01	
      1180.936	     1.06107e+01	
      1182.475	     1.09011e+01	
      1182.858	     1.09756e+01	
      1184.013	     1.12045e+01	
      1185.168	     1.14381e+01	
      1185.558	     1.15175e+01	
      1187.479	     1.19179e+01	
      1189.400	     1.23292e+01	
      1192.085	     1.29258e+01	
      1193.243	     1.31929e+01	
      1194.034	     1.33781e+01	
      1194.402	     1.34652e+01	
      1196.718	     1.40251e+01	
      1196.902	     1.40702e+01	
      1199.403	     1.46961e+01	
      1201.903	     1.53548e+01	
      1204.404	     1.60693e+01	
      1206.904	     1.68513e+01	
      1208.485	     1.73809e+01	
      1209.405	     1.77053e+01	
      1210.325	     1.80411e+01	
      1211.639	     1.85373e+01	
      1212.165	     1.87352e+01	
      1212.691	     1.89266e+01	
      1213.613	     1.92347e+01	
      1213.744	     1.92765e+01	
      1213.807	     1.92966e+01	
      1213.875	     1.93183e+01	
      1214.137	     1.94018e+01	
      1214.171	     1.94127e+01	
      1214.467	     1.95076e+01	
      1214.615	     1.95552e+01	
      1214.763	     1.96029e+01	
      1214.837	     1.96268e+01	
      1214.911	     1.96507e+01	
      1214.948	     1.96626e+01	
      1214.985	     1.96746e+01	
      1215.004	     1.96808e+01	
      1215.022	     1.96866e+01	
      1215.040	     1.96924e+01	
      1215.059	     1.96986e+01	
      1215.077	     1.97044e+01	
      1215.095	     1.97102e+01	
      1215.114	     1.97164e+01	
      1215.132	     1.97222e+01	
      1215.169	     1.97342e+01	
      1215.243	     1.97583e+01	
      1215.391	     1.98064e+01	
      1215.637	     1.98866e+01	
      1215.687	     1.99030e+01	
      1215.737	     1.99193e+01	
      1215.795	     1.99383e+01	
      1215.837	     1.99521e+01	
      1216.037	     2.00177e+01	
      1216.064	     2.00266e+01	
      1216.279	     2.00974e+01	
      1216.763	     2.02571e+01	
      1217.462	     2.04802e+01	
      1218.315	     2.07181e+01	
      1218.861	     2.08511e+01	
      1218.985	     2.08799e+01	
      1219.407	     2.09736e+01	
      1219.829	     2.10672e+01	
      1220.104	     2.11261e+01	
      1220.673	     2.12509e+01	
      1221.233	     2.13782e+01	
      1222.361	     2.16556e+01	
      1223.490	     2.19611e+01	
      1224.569	     2.22788e+01	
      1224.619	     2.22942e+01	
      1224.669	     2.23095e+01	
      1224.769	     2.23403e+01	
      1224.969	     2.24029e+01	
      1225.369	     2.25298e+01	
      1226.130	     2.27789e+01	
      1226.169	     2.27920e+01	
      1227.769	     2.33456e+01	
      1228.639	     2.36618e+01	
      1229.409	     2.39474e+01	
      1230.178	     2.42397e+01	
      1231.716	     2.48400e+01	
      1234.744	     2.60702e+01	
      1234.790	     2.60894e+01	
      1234.792	     2.60902e+01	
      1234.794	     2.60910e+01	
      1234.844	     2.61119e+01	
      1234.945	     2.61537e+01	
      1235.145	     2.62374e+01	
      1235.545	     2.64057e+01	
      1236.345	     2.67445e+01	
      1236.480	     2.68022e+01	
      1237.945	     2.74366e+01	
      1239.410	     2.80820e+01	
      1240.270	     2.84704e+01	
      1242.341	     2.94224e+01	
      1244.411	     3.04025e+01	
      1247.692	     3.20050e+01	
      1247.852	     3.20848e+01	
      1248.552	     3.24369e+01	
      1249.412	     3.28733e+01	
      1251.132	     3.37614e+01	
      1251.912	     3.41711e+01	
      1254.413	     3.55179e+01	
      1256.913	     3.69200e+01	
      1259.413	     3.83896e+01	
      1261.914	     3.99340e+01	
      1264.414	     4.15611e+01	
      1266.914	     4.32924e+01	
      1269.415	     4.51133e+01	
      1271.915	     4.70328e+01	
      1274.415	     4.90374e+01	
      1276.915	     5.11062e+01	
      1279.416	     5.32566e+01	
      1284.416	     5.76690e+01	
      1289.417	     6.23393e+01	
      1294.417	     6.71924e+01	
      1296.918	     6.97339e+01	
      1299.418	     7.23534e+01	
      1301.918	     7.50900e+01	
      1304.418	     7.79228e+01	
      1309.419	     8.38029e+01	
      1314.419	     8.98957e+01	
      1319.420	     9.63966e+01	
      1321.920	     9.98141e+01	
      1324.420	     1.03355e+02	
      1326.920	     1.07074e+02	
      1329.420	     1.10906e+02	
      1334.421	     1.18700e+02	
      1339.421	     1.26859e+02	
      1341.921	     1.31080e+02	
      1344.421	     1.35427e+02	
      1346.921	     1.40016e+02	
      1349.421	     1.44758e+02	
      1354.422	     1.54704e+02	
      1359.422	     1.65282e+02	
      1364.422	     1.76114e+02	
      1365.191	     1.77812e+02	
      1369.422	     1.87409e+02	
      1373.653	     1.97481e+02	
      1376.346	     2.04215e+02	
      1377.884	     2.08151e+02	
      1379.422	     2.12180e+02	
      1380.574	     2.15242e+02	
      1382.499	     2.20441e+02	
      1384.423	     2.25785e+02	
      1387.119	     2.33475e+02	
      1388.271	     2.36830e+02	
      1389.031	     2.39066e+02	
      1389.423	     2.40227e+02	
      1391.727	     2.47149e+02	
      1394.423	     2.55404e+02	
      1399.423	     2.71093e+02	
      1404.423	     2.87456e+02	
      1409.423	     3.04699e+02	
      1414.423	     3.23063e+02	
      1419.423	     3.42493e+02	
      1424.423	     3.62838e+02	
      1429.423	     3.84138e+02	
      1434.423	     4.06082e+02	
      1439.423	     4.28953e+02	
      1444.422	     4.52889e+02	
      1449.422	     4.78546e+02	
      1454.422	     5.05831e+02	
      1459.422	     5.34457e+02	
      1464.422	     5.64723e+02	
      1465.960	     5.74399e+02	
      1469.422	     5.96387e+02	
      1472.884	     6.18529e+02	
      1473.268	     6.20936e+02	
      1474.422	     6.28215e+02	
      1476.345	     6.40505e+02	
      1479.421	     6.60466e+02	
      1484.421	     6.94063e+02	
      1489.421	     7.29145e+02	
      1494.421	     7.65151e+02	
      1499.420	     8.03283e+02	
      1504.420	     8.44743e+02	
      1509.420	     8.89200e+02	
      1514.420	     9.36217e+02	
      1519.419	     9.85571e+02	
      1524.419	     1.03788e+03	
      1529.419	     1.09299e+03	
      1534.418	     1.14916e+03	
      1539.418	     1.20507e+03	
      1544.418	     1.26098e+03	
      1549.417	     1.31709e+03	
      1554.417	     1.37314e+03	
      1559.417	     1.42926e+03	
      1564.416	     1.48756e+03	
      1566.724	     1.51556e+03	
      1569.416	     1.54955e+03	
      1570.186	     1.55949e+03	
      1572.107	     1.58462e+03	
      1574.415	     1.61564e+03	
      1574.800	     1.62087e+03	
      1579.415	     1.68520e+03	
      1584.414	     1.75748e+03	
      1589.414	     1.83254e+03	
      1594.413	     1.91127e+03	
      1599.413	     1.99550e+03	
      1604.413	     2.08375e+03	
      1609.412	     2.17979e+03	
      1614.412	     2.28352e+03	
      1619.411	     2.39641e+03	
      1624.410	     2.51930e+03	
      1629.410	     2.65399e+03	
      1634.409	     2.79969e+03	
      1639.409	     2.95490e+03	
      1644.408	     3.11718e+03	
      1649.408	     3.28328e+03	
      1654.407	     3.45142e+03	
      1659.407	     3.62122e+03	
      1664.406	     3.79262e+03	
      1665.560	     3.83246e+03	
      1669.405	     3.96651e+03	
      1670.174	     3.99337e+03	
      1673.251	     4.10226e+03	
      1674.405	     4.14364e+03	
      1676.328	     4.21310e+03	
      1679.404	     4.32594e+03	
      1684.404	     4.51393e+03	
      1689.403	     4.70991e+03	
      1694.402	     4.91307e+03	
      1699.402	     5.12425e+03	
      1704.401	     5.34102e+03	
      1709.400	     5.56376e+03	
      1714.400	     5.79354e+03	
      1719.399	     6.03051e+03	
      1724.398	     6.27631e+03	
      1729.398	     6.52858e+03	
      1734.397	     6.78681e+03	
      1739.396	     7.05030e+03	
      1744.396	     7.32038e+03	
      1749.395	     7.59254e+03	
      1754.394	     7.87258e+03	
      1759.393	     8.15887e+03	
      1764.393	     8.45349e+03	
      1767.084	     8.61572e+03	
      1767.854	     8.66256e+03	
      1769.392	     8.75681e+03	
      1771.700	     8.90026e+03	
      1774.391	     9.07129e+03	
      1775.545	     9.14543e+03	
      1779.391	     9.39619e+03	
      1784.390	     9.73567e+03	
      1789.389	     1.00863e+04	
      1794.388	     1.04424e+04	
      1799.387	     1.08091e+04	
      1809.386	     1.15667e+04	
      1819.384	     1.23673e+04	
      1823.999	     1.27500e+04	
      1829.383	     1.32085e+04	
      1834.767	     1.36805e+04	
      1845.535	     1.46594e+04	
      1856.303	     1.57076e+04	
      1863.998	     1.64893e+04	
      1867.072	     1.68077e+04	
      1870.145	     1.71310e+04	
      1876.292	     1.78031e+04	
      1882.439	     1.84965e+04	
      1888.586	     1.92126e+04	
      1900.880	     2.07129e+04	
      1906.980	     2.14922e+04	
      1913.174	     2.23080e+04	
      1919.368	     2.31487e+04	
      1925.561	     2.39998e+04	
      1931.755	     2.48828e+04	
      1937.949	     2.58282e+04	
      1944.143	     2.67622e+04	
      1944.472	     2.68123e+04	
      1956.531	     2.87506e+04	
      1968.590	     3.07501e+04	
      1980.648	     3.28532e+04	
      1992.707	     3.50677e+04	
      2004.766	     3.73994e+04	
      2015.838	     3.96472e+04	
      2016.825	     3.98527e+04	
      2017.811	     4.00591e+04	
      2019.785	     4.04769e+04	
      2023.732	     4.13402e+04	
      2027.800	     4.22453e+04	
      2031.627	     4.30932e+04	
      2037.608	     4.44262e+04	
      2047.416	     4.66797e+04	
      2057.224	     4.90198e+04	
      2067.032	     5.14499e+04	
      2076.840	     5.39955e+04	
      2086.648	     5.66376e+04	
      2096.275	     5.93280e+04	
      2096.456	     5.93796e+04	
      2106.264	     6.22230e+04	
      2116.253	     6.52289e+04	
      2126.242	     6.83598e+04	
      2136.231	     7.16607e+04	
      2146.220	     7.50457e+04	
      2146.944	     7.52939e+04	
      2156.209	     7.85269e+04	
      2165.474	     8.18680e+04	
      2174.739	     8.53034e+04	
      2184.004	     8.88508e+04	
      2190.374	     9.13559e+04	
      2193.269	     9.25139e+04	
      2202.534	     9.63024e+04	
      2214.695	     1.01452e+05	
      2226.855	     1.06659e+05	
      2239.015	     1.12023e+05	
      2251.176	     1.17527e+05	
      2262.758	     1.22936e+05	
      2263.336	     1.23216e+05	
      2263.914	     1.23496e+05	
      2265.070	     1.24095e+05	
      2267.381	     1.25299e+05	
      2272.004	     1.27681e+05	
      2281.250	     1.32473e+05	
      2286.350	     1.35167e+05	
      2299.742	     1.42413e+05	
      2313.134	     1.50137e+05	
      2326.526	     1.57833e+05	
      2339.918	     1.66142e+05	
      2344.266	     1.68968e+05	
      2353.310	     1.74973e+05	
      2362.354	     1.81207e+05	
      2371.398	     1.87972e+05	
      2380.442	     1.94980e+05	
      2387.787	     2.00898e+05	
      2389.486	     2.02289e+05	
      2398.530	     2.10283e+05	
      2409.274	     2.20425e+05	
      2414.646	     2.25715e+05	
      2420.017	     2.31147e+05	
      2425.389	     2.36924e+05	
      2430.761	     2.43208e+05	
      2441.504	     2.56335e+05	
      2448.301	     2.65007e+05	
      2451.595	     2.69313e+05	
      2452.248	     2.70175e+05	
      2456.194	     2.75452e+05	
      2460.793	     2.82619e+05	
      2465.392	     2.89881e+05	
      2474.590	     3.04991e+05	
      2475.959	     3.07303e+05	
      2483.788	     3.20848e+05	
      2484.472	     3.22054e+05	
      2492.986	     3.37586e+05	
      2494.847	     3.41127e+05	
      2501.499	     3.54064e+05	
      2510.013	     3.71349e+05	
      2510.943	     3.73205e+05	
      2518.992	     3.89184e+05	
      2527.040	     4.05369e+05	
      2535.088	     4.22500e+05	
      2543.136	     4.40037e+05	
      2551.184	     4.58063e+05	
      2555.208	     4.67227e+05	
      2559.232	     4.76470e+05	
      2563.256	     4.86947e+05	
      2567.280	     4.97575e+05	
      2571.304	     5.08360e+05	
      2575.328	     5.19299e+05	
      2579.353	     5.30389e+05	
      2587.401	     5.53046e+05	
      2603.497	     6.00368e+05	
      2619.593	     6.50489e+05	
      2635.689	     7.03192e+05	
      2645.901	     7.37897e+05	
      2651.785	     7.58343e+05	
      2657.670	     7.79128e+05	
      2663.555	     7.96535e+05	
      2669.439	     8.14053e+05	
      2681.208	     8.49411e+05	
      2704.747	     9.21718e+05	
      2728.285	     9.95630e+05	
      2747.538	     1.05725e+06	
      2751.823	     1.07112e+06	
      2756.108	     1.08506e+06	
      2764.678	     1.11451e+06	
      2781.818	     1.17437e+06	
      2798.958	     1.23554e+06	
      2816.098	     1.29808e+06	
      2846.208	     1.41140e+06	
      2850.377	     1.42744e+06	
      2854.546	     1.44355e+06	
      2862.884	     1.47885e+06	
      2871.222	     1.51472e+06	
      2887.898	     1.58805e+06	
      2889.517	     1.59526e+06	
      2921.250	     1.74000e+06	
      2952.983	     1.89107e+06	
      2984.716	     2.03863e+06	
      3016.449	     2.19139e+06	
      3044.944	     2.33299e+06	
      3048.182	     2.34934e+06	
      3051.421	     2.36574e+06	
      3057.897	     2.40309e+06	
      3070.850	     2.47902e+06	
      3096.755	     2.63431e+06	
      3122.661	     2.79394e+06	
      3147.276	     2.94949e+06	
      3148.566	     2.95775e+06	
      3149.857	     2.96601e+06	
      3152.438	     2.98419e+06	
      3157.601	     3.02069e+06	
      3167.926	     3.09430e+06	
      3188.577	     3.24385e+06	
      3211.463	     3.41318e+06	
      3229.879	     3.55207e+06	
      3239.086	     3.62235e+06	
      3243.690	     3.65769e+06	
      3248.294	     3.69319e+06	
      3252.898	     3.71851e+06	
      3257.502	     3.74387e+06	
      3262.106	     3.76925e+06	
      3266.709	     3.79467e+06	
      3271.313	     3.82011e+06	
      3275.917	     3.84559e+06	
      3278.766	     3.86139e+06	
      3280.521	     3.87110e+06	
      3285.125	     3.89664e+06	
      3294.332	     3.94776e+06	
      3312.748	     4.05033e+06	
      3346.730	     4.24058e+06	
      3384.220	     4.45390e+06	
      3414.694	     4.62782e+06	
      3445.167	     4.80205e+06	
      3468.624	     4.93309e+06	
      3495.922	     5.08526e+06	
      3506.113	     5.14197e+06	
      3543.602	     5.35020e+06	
      3591.283	     5.60988e+06	
      3635.884	     5.84873e+06	
      3638.963	     5.86513e+06	
      3642.042	     5.88178e+06	
      3643.122	     5.88760e+06	
      3645.121	     5.89831e+06	
      3645.281	     5.89919e+06	
      3647.121	     5.90908e+06	
      3648.960	     5.91895e+06	
      3651.320	     5.93161e+06	
      3652.639	     5.93868e+06	
      3653.959	     5.94575e+06	
      3654.239	     5.94725e+06	
      3656.598	     5.95982e+06	
      3658.958	     5.97242e+06	
      3663.397	     5.99601e+06	
      3663.676	     5.99749e+06	
      3663.956	     5.99900e+06	
      3664.516	     6.00195e+06	
      3665.636	     6.00789e+06	
      3666.796	     6.01401e+06	
      3667.875	     6.01973e+06	
      3668.275	     6.02184e+06	
      3668.955	     6.02545e+06	
      3671.115	     6.03682e+06	
      3673.954	     6.05178e+06	
      3675.202	     6.05834e+06	
      3678.952	     6.07801e+06	
      3682.583	     6.09695e+06	
      3682.703	     6.09758e+06	
      3682.822	     6.09821e+06	
      3683.062	     6.09946e+06	
      3683.178	     6.10006e+06	
      3683.542	     6.10198e+06	
      3684.502	     6.10697e+06	
      3684.819	     6.10861e+06	
      3685.826	     6.11385e+06	
      3686.832	     6.11910e+06	
      3688.742	     6.12906e+06	
      3688.846	     6.12959e+06	
      3688.939	     6.13006e+06	
      3688.950	     6.13013e+06	
      3689.158	     6.13123e+06	
      3689.377	     6.13236e+06	
      3689.730	     6.13421e+06	
      3689.815	     6.13465e+06	
      3689.900	     6.13509e+06	
      3690.070	     6.13597e+06	
      3690.410	     6.13773e+06	
      3690.624	     6.13886e+06	
      3691.089	     6.14128e+06	
      3691.469	     6.14323e+06	
      3691.554	     6.14370e+06	
      3691.700	     6.14445e+06	
      3692.484	     6.14851e+06	
      3693.499	     6.15378e+06	
      3694.397	     6.15846e+06	
      3695.297	     6.16311e+06	
      3695.808	     6.16575e+06	
      3696.197	     6.16776e+06	
      3696.525	     6.16946e+06	
      3696.586	     6.16981e+06	
      3696.647	     6.17012e+06	
      3696.666	     6.17021e+06	
      3696.759	     6.17068e+06	
      3696.769	     6.17075e+06	
      3696.872	     6.17128e+06	
      3696.929	     6.17156e+06	
      3696.985	     6.17185e+06	
      3697.041	     6.17213e+06	
      3697.097	     6.17241e+06	
      3697.153	     6.17273e+06	
      3697.209	     6.17301e+06	
      3697.265	     6.17329e+06	
      3697.322	     6.17361e+06	
      3697.347	     6.17373e+06	
      3697.405	     6.17401e+06	
      3697.434	     6.17417e+06	
      3697.463	     6.17433e+06	
      3697.499	     6.17452e+06	
      3697.529	     6.17467e+06	
      3697.579	     6.17493e+06	
      3697.659	     6.17533e+06	
      3697.819	     6.17615e+06	
      3698.109	     6.17766e+06	
      3698.429	     6.17932e+06	
      3698.688	     6.18064e+06	
      3698.886	     6.18168e+06	
      3698.947	     6.18199e+06	
      3699.008	     6.18231e+06	
      3699.130	     6.18294e+06	
      3699.374	     6.18419e+06	
      3699.533	     6.18501e+06	
      3699.862	     6.18671e+06	
      3699.879	     6.18680e+06	
      3700.191	     6.18840e+06	
      3700.198	     6.18843e+06	
      3700.503	     6.19001e+06	
      3700.808	     6.19158e+06	
      3700.842	     6.19176e+06	
      3701.092	     6.19305e+06	
      3701.418	     6.19472e+06	
      3701.994	     6.19770e+06	
      3702.444	     6.20003e+06	
      3702.895	     6.20232e+06	
      3703.121	     6.20348e+06	
      3703.346	     6.20465e+06	
      3703.458	     6.20524e+06	
      3703.571	     6.20581e+06	
      3703.628	     6.20609e+06	
      3703.684	     6.20637e+06	
      3703.740	     6.20666e+06	
      3703.797	     6.20697e+06	
      3703.853	     6.20725e+06	
      3703.909	     6.20754e+06	
      3703.966	     6.20782e+06	
      3704.022	     6.20813e+06	
      3704.085	     6.20845e+06	
      3704.134	     6.20870e+06	
      3704.185	     6.20895e+06	
      3704.210	     6.20908e+06	
      3704.222	     6.20914e+06	
      3704.285	     6.20948e+06	
      3704.314	     6.20961e+06	
      3704.360	     6.20986e+06	
      3704.406	     6.21011e+06	
      3704.491	     6.21052e+06	
      3704.567	     6.21093e+06	
      3704.590	     6.21105e+06	
      3704.689	     6.21156e+06	
      3704.811	     6.21219e+06	
      3705.055	     6.21344e+06	
      3705.373	     6.21504e+06	
      3705.543	     6.21592e+06	
      3705.713	     6.21680e+06	
      3706.052	     6.21853e+06	
      3706.073	     6.21866e+06	
      3706.732	     6.22202e+06	
      3707.267	     6.22478e+06	
      3707.391	     6.22541e+06	
      3707.515	     6.22604e+06	
      3707.614	     6.22654e+06	
      3707.763	     6.22730e+06	
      3707.912	     6.22808e+06	
      3708.118	     6.22912e+06	
      3708.210	     6.22959e+06	
      3708.302	     6.23006e+06	
      3708.486	     6.23100e+06	
      3708.763	     6.23242e+06	
      3708.854	     6.23289e+06	
      3708.873	     6.23298e+06	
      3708.945	     6.23336e+06	
      3709.127	     6.23427e+06	
      3709.206	     6.23468e+06	
      3709.491	     6.23612e+06	
      3710.108	     6.23930e+06	
      3710.902	     6.24335e+06	
      3711.011	     6.24388e+06	
      3711.120	     6.24445e+06	
      3711.213	     6.24492e+06	
      3711.323	     6.24549e+06	
      3711.338	     6.24555e+06	
      3711.463	     6.24621e+06	
      3711.517	     6.24646e+06	
      3711.576	     6.24677e+06	
      3711.603	     6.24690e+06	
      3711.689	     6.24734e+06	
      3711.746	     6.24762e+06	
      3711.802	     6.24791e+06	
      3711.858	     6.24819e+06	
      3711.915	     6.24847e+06	
      3711.971	     6.24875e+06	
      3712.027	     6.24907e+06	
      3712.084	     6.24935e+06	
      3712.140	     6.24963e+06	
      3712.203	     6.24995e+06	
      3712.252	     6.25020e+06	
      3712.303	     6.25048e+06	
      3712.327	     6.25061e+06	
      3712.331	     6.25061e+06	
      3712.403	     6.25098e+06	
      3712.479	     6.25136e+06	
      3712.631	     6.25215e+06	
      3712.931	     6.25369e+06	
      3713.228	     6.25519e+06	
      3713.531	     6.25673e+06	
      3713.833	     6.25827e+06	
      3714.242	     6.26035e+06	
      3714.420	     6.26126e+06	
      3714.439	     6.26135e+06	
      3714.636	     6.26236e+06	
      3715.030	     6.26434e+06	
      3715.640	     6.26745e+06	
      3716.765	     6.27313e+06	
      3716.790	     6.27329e+06	
      3716.860	     6.27363e+06	
      3716.955	     6.27411e+06	
      3717.145	     6.27508e+06	
      3717.524	     6.27700e+06	
      3718.189	     6.28036e+06	
      3718.259	     6.28070e+06	
      3718.329	     6.28108e+06	
      3718.469	     6.28177e+06	
      3718.556	     6.28221e+06	
      3718.631	     6.28259e+06	
      3718.734	     6.28312e+06	
      3718.749	     6.28319e+06	
      3718.942	     6.28416e+06	
      3719.253	     6.28573e+06	
      3719.474	     6.28686e+06	
      3719.772	     6.28837e+06	
      3720.070	     6.28988e+06	
      3720.356	     6.29116e+06	
      3720.523	     6.29192e+06	
      3720.666	     6.29255e+06	
      3720.976	     6.29396e+06	
      3721.202	     6.29490e+06	
      3721.428	     6.29588e+06	
      3721.542	     6.29635e+06	
      3721.655	     6.29682e+06	
      3721.711	     6.29704e+06	
      3721.768	     6.29729e+06	
      3721.825	     6.29751e+06	
      3721.881	     6.29776e+06	
      3721.938	     6.29798e+06	
      3721.995	     6.29823e+06	
      3722.051	     6.29848e+06	
      3722.108	     6.29874e+06	
      3722.221	     6.29921e+06	
      3722.398	     6.29996e+06	
      3722.447	     6.30018e+06	
      3722.498	     6.30040e+06	
      3722.598	     6.30081e+06	
      3722.695	     6.30122e+06	
      3722.798	     6.30166e+06	
      3722.901	     6.30210e+06	
      3723.107	     6.30298e+06	
      3723.231	     6.30348e+06	
      3723.519	     6.30471e+06	
      3723.807	     6.30593e+06	
      3724.383	     6.30835e+06	
      3725.451	     6.31287e+06	
      3725.534	     6.31322e+06	
      3725.617	     6.31356e+06	
      3725.751	     6.31413e+06	
      3725.783	     6.31426e+06	
      3725.916	     6.31482e+06	
      3725.931	     6.31488e+06	
      3726.115	     6.31567e+06	
      3726.479	     6.31718e+06	
      3727.042	     6.31956e+06	
      3727.366	     6.32092e+06	
      3728.153	     6.32425e+06	
      3728.639	     6.32629e+06	
      3728.940	     6.32754e+06	
      3729.009	     6.32783e+06	
      3729.240	     6.32880e+06	
      3729.842	     6.33135e+06	
      3730.676	     6.33483e+06	
      3732.194	     6.34121e+06	
      3732.344	     6.34184e+06	
      3732.494	     6.34247e+06	
      3732.794	     6.34369e+06	
      3733.352	     6.34605e+06	
      3733.384	     6.34617e+06	
      3733.393	     6.34621e+06	
      3733.402	     6.34627e+06	
      3733.452	     6.34646e+06	
      3733.552	     6.34687e+06	
      3733.648	     6.34727e+06	
      3733.752	     6.34771e+06	
      3733.856	     6.34815e+06	
      3734.004	     6.34875e+06	
      3734.044	     6.34891e+06	
      3734.064	     6.34900e+06	
      3734.084	     6.34910e+06	
      3734.131	     6.34928e+06	
      3734.140	     6.34932e+06	
      3734.164	     6.34941e+06	
      3734.197	     6.34954e+06	
      3734.254	     6.34976e+06	
      3734.311	     6.34998e+06	
      3734.368	     6.35023e+06	
      3734.425	     6.35048e+06	
      3734.482	     6.35073e+06	
      3734.539	     6.35098e+06	
      3734.652	     6.35145e+06	
      3734.829	     6.35221e+06	
      3734.878	     6.35243e+06	
      3734.929	     6.35265e+06	
      3735.029	     6.35305e+06	
      3735.124	     6.35346e+06	
      3735.173	     6.35365e+06	
      3735.229	     6.35390e+06	
      3735.334	     6.35434e+06	
      3735.391	     6.35456e+06	
      3735.495	     6.35500e+06	
      3735.817	     6.35635e+06	
      3736.000	     6.35711e+06	
      3736.243	     6.35814e+06	
      3736.486	     6.35915e+06	
      3736.971	     6.36116e+06	
      3737.826	     6.36474e+06	
      3737.943	     6.36521e+06	
      3738.060	     6.36571e+06	
      3738.294	     6.36669e+06	
      3738.587	     6.36791e+06	
      3738.762	     6.36864e+06	
      3738.937	     6.36936e+06	
      3739.287	     6.37084e+06	
      3739.498	     6.37168e+06	
      3739.987	     6.37373e+06	
      3740.476	     6.37577e+06	
      3741.212	     6.37882e+06	
      3741.453	     6.37982e+06	
      3741.694	     6.38083e+06	
      3742.092	     6.38249e+06	
      3742.176	     6.38284e+06	
      3742.260	     6.38318e+06	
      3742.428	     6.38387e+06	
      3742.671	     6.38488e+06	
      3742.733	     6.38513e+06	
      3742.764	     6.38529e+06	
      3742.795	     6.38541e+06	
      3742.864	     6.38570e+06	
      3742.919	     6.38592e+06	
      3743.167	     6.38695e+06	
      3743.663	     6.38899e+06	
      3744.620	     6.39295e+06	
      3744.654	     6.39311e+06	
      3746.445	     6.40052e+06	
      3747.605	     6.40530e+06	
      3748.269	     6.40806e+06	
      3748.844	     6.41042e+06	
      3748.904	     6.41067e+06	
      3748.934	     6.41080e+06	
      3748.964	     6.41092e+06	
      3748.986	     6.41102e+06	
      3749.084	     6.41143e+06	
      3749.118	     6.41155e+06	
      3749.182	     6.41180e+06	
      3749.378	     6.41262e+06	
      3749.409	     6.41274e+06	
      3749.638	     6.41369e+06	
      3749.753	     6.41413e+06	
      3749.867	     6.41460e+06	
      3749.924	     6.41482e+06	
      3749.981	     6.41504e+06	
      3750.038	     6.41523e+06	
      3750.095	     6.41545e+06	
      3750.152	     6.41567e+06	
      3750.209	     6.41592e+06	
      3750.266	     6.41617e+06	
      3750.323	     6.41642e+06	
      3750.437	     6.41692e+06	
      3750.616	     6.41771e+06	
      3750.665	     6.41790e+06	
      3750.716	     6.41812e+06	
      3750.816	     6.41853e+06	
      3750.910	     6.41893e+06	
      3751.016	     6.41937e+06	
      3751.122	     6.41981e+06	
      3751.334	     6.42069e+06	
      3751.481	     6.42129e+06	
      3751.758	     6.42242e+06	
      3752.035	     6.42355e+06	
      3752.588	     6.42585e+06	
      3753.533	     6.42974e+06	
      3753.696	     6.43040e+06	
      3753.782	     6.43075e+06	
      3753.859	     6.43106e+06	
      3754.185	     6.43241e+06	
      3754.274	     6.43276e+06	
      3754.837	     6.43508e+06	
      3755.892	     6.43939e+06	
      3756.086	     6.44020e+06	
      3757.473	     6.44589e+06	
      3757.509	     6.44601e+06	
      3757.548	     6.44617e+06	
      3758.932	     6.45183e+06	
      3760.390	     6.45780e+06	
      3761.656	     6.46295e+06	
      3762.717	     6.46728e+06	
      3763.233	     6.46936e+06	
      3764.809	     6.47576e+06	
      3765.066	     6.47683e+06	
      3766.902	     6.48428e+06	
      3768.545	     6.49091e+06	
      3768.737	     6.49169e+06	
      3768.929	     6.49248e+06	
      3768.971	     6.49264e+06	
      3769.196	     6.49355e+06	
      3769.313	     6.49402e+06	
      3769.655	     6.49537e+06	
      3769.885	     6.49631e+06	
      3770.114	     6.49719e+06	
      3770.228	     6.49763e+06	
      3770.343	     6.49807e+06	
      3770.401	     6.49829e+06	
      3770.458	     6.49848e+06	
      3770.515	     6.49864e+06	
      3770.573	     6.49882e+06	
      3770.630	     6.49904e+06	
      3770.687	     6.49930e+06	
      3770.745	     6.49958e+06	
      3770.802	     6.49986e+06	
      3770.867	     6.50018e+06	
      3770.916	     6.50040e+06	
      3770.967	     6.50061e+06	
      3770.988	     6.50071e+06	
      3771.003	     6.50077e+06	
      3771.067	     6.50102e+06	
      3771.146	     6.50137e+06	
      3771.304	     6.50203e+06	
      3771.604	     6.50325e+06	
      3771.890	     6.50442e+06	
      3771.951	     6.50467e+06	
      3772.206	     6.50570e+06	
      3772.522	     6.50699e+06	
      3773.154	     6.50954e+06	
      3774.357	     6.51438e+06	
      3775.497	     6.51896e+06	
      3776.762	     6.52405e+06	
      3777.127	     6.52550e+06	
      3778.027	     6.52911e+06	
      3778.399	     6.53062e+06	
      3778.927	     6.53272e+06	
      3780.726	     6.53992e+06	
      3781.844	     6.54438e+06	
      3783.053	     6.54922e+06	
      3783.159	     6.54966e+06	
      3784.263	     6.55405e+06	
      3785.367	     6.55845e+06	
      3786.225	     6.56184e+06	
      3787.401	     6.56653e+06	
      3787.574	     6.56722e+06	
      3788.924	     6.57256e+06	
      3790.447	     6.57862e+06	
      3792.841	     6.58808e+06	
      3793.492	     6.59062e+06	
      3794.143	     6.59320e+06	
      3794.897	     6.59618e+06	
      3795.066	     6.59684e+06	
      3795.444	     6.59832e+06	
      3795.991	     6.60045e+06	
      3796.454	     6.60228e+06	
      3796.916	     6.60404e+06	
      3797.147	     6.60492e+06	
      3797.378	     6.60576e+06	
      3797.494	     6.60620e+06	
      3797.609	     6.60658e+06	
      3797.666	     6.60674e+06	
      3797.724	     6.60690e+06	
      3797.782	     6.60702e+06	
      3797.840	     6.60718e+06	
      3797.898	     6.60737e+06	
      3797.956	     6.60762e+06	
      3798.014	     6.60793e+06	
      3798.072	     6.60828e+06	
      3798.187	     6.60884e+06	
      3798.367	     6.60966e+06	
      3798.416	     6.60985e+06	
      3798.467	     6.61007e+06	
      3798.567	     6.61048e+06	
      3798.655	     6.61085e+06	
      3798.753	     6.61126e+06	
      3798.767	     6.61129e+06	
      3798.837	     6.61158e+06	
      3798.879	     6.61176e+06	
      3798.921	     6.61192e+06	
      3799.046	     6.61242e+06	
      3799.089	     6.61261e+06	
      3799.425	     6.61393e+06	
      3799.471	     6.61412e+06	
      3799.804	     6.61544e+06	
      3800.562	     6.61842e+06	
      3801.653	     6.62270e+06	
      3802.319	     6.62530e+06	
      3803.834	     6.63124e+06	
      3805.349	     6.63715e+06	
      3807.837	     6.64686e+06	
      3808.378	     6.64893e+06	
      3808.919	     6.65103e+06	
      3810.000	     6.65524e+06	
      3811.586	     6.66140e+06	
      3812.164	     6.66363e+06	
      3812.742	     6.66586e+06	
      3813.897	     6.67032e+06	
      3815.777	     6.67758e+06	
      3816.093	     6.67881e+06	
      3816.209	     6.67925e+06	
      3816.641	     6.68091e+06	
      3817.439	     6.68408e+06	
      3817.504	     6.68434e+06	
      3818.916	     6.68990e+06	
      3820.393	     6.69580e+06	
      3822.566	     6.70447e+06	
      3823.346	     6.70758e+06	
      3823.512	     6.70824e+06	
      3824.126	     6.71069e+06	
      3825.685	     6.71688e+06	
      3826.804	     6.72134e+06	
      3827.859	     6.72552e+06	
      3828.914	     6.72970e+06	
      3830.454	     6.73576e+06	
      3831.023	     6.73799e+06	
      3831.592	     6.74026e+06	
      3832.001	     6.74186e+06	
      3832.525	     6.74390e+06	
      3832.730	     6.74469e+06	
      3833.458	     6.74751e+06	
      3833.925	     6.74930e+06	
      3834.392	     6.75106e+06	
      3834.626	     6.75191e+06	
      3834.859	     6.75270e+06	
      3834.975	     6.75307e+06	
      3835.092	     6.75342e+06	
      3835.151	     6.75354e+06	
      3835.209	     6.75364e+06	
      3835.267	     6.75370e+06	
      3835.326	     6.75376e+06	
      3835.384	     6.75389e+06	
      3835.442	     6.75420e+06	
      3835.501	     6.75461e+06	
      3835.559	     6.75502e+06	
      3835.626	     6.75543e+06	
      3835.675	     6.75571e+06	
      3835.726	     6.75596e+06	
      3835.743	     6.75606e+06	
      3835.774	     6.75621e+06	
      3835.826	     6.75647e+06	
      3835.909	     6.75684e+06	
      3836.075	     6.75757e+06	
      3836.376	     6.75885e+06	
      3836.646	     6.75998e+06	
      3836.977	     6.76134e+06	
      3837.029	     6.76152e+06	
      3837.308	     6.76266e+06	
      3837.970	     6.76529e+06	
      3838.647	     6.76796e+06	
      3838.911	     6.76900e+06	
      3839.175	     6.77007e+06	
      3839.703	     6.77214e+06	
      3840.758	     6.77620e+06	
      3842.753	     6.78399e+06	
      3842.831	     6.78430e+06	
      3842.870	     6.78446e+06	
      3842.909	     6.78461e+06	
      3843.065	     6.78521e+06	
      3843.377	     6.78644e+06	
      3844.001	     6.78886e+06	
      3844.588	     6.79115e+06	
      3845.248	     6.79373e+06	
      3845.547	     6.79489e+06	
      3845.908	     6.79627e+06	
      3847.228	     6.80139e+06	
      3847.442	     6.80224e+06	
      3848.908	     6.80789e+06	
      3850.375	     6.81358e+06	
      3851.976	     6.81977e+06	
      3853.308	     6.82489e+06	
      3854.640	     6.83001e+06	
      3855.701	     6.83406e+06	
      3857.303	     6.84022e+06	
      3858.906	     6.84635e+06	
      3862.006	     6.85819e+06	
      3862.111	     6.85857e+06	
      3862.216	     6.85898e+06	
      3862.426	     6.85979e+06	
      3862.846	     6.86136e+06	
      3863.685	     6.86457e+06	
      3865.170	     6.87019e+06	
      3865.365	     6.87095e+06	
      3865.560	     6.87167e+06	
      3865.950	     6.87314e+06	
      3866.730	     6.87610e+06	
      3867.675	     6.87968e+06	
      3868.289	     6.88200e+06	
      3868.903	     6.88433e+06	
      3870.131	     6.88895e+06	
      3871.324	     6.89344e+06	
      3872.586	     6.89818e+06	
      3873.848	     6.90293e+06	
      3876.324	     6.91216e+06	
      3876.368	     6.91235e+06	
      3876.371	     6.91235e+06	
      3876.374	     6.91235e+06	
      3876.424	     6.91254e+06	
      3876.524	     6.91292e+06	
      3876.724	     6.91367e+06	
      3876.947	     6.91449e+06	
      3877.124	     6.91515e+06	
      3877.924	     6.91813e+06	
      3878.900	     6.92178e+06	
      3880.290	     6.92693e+06	
      3880.854	     6.92900e+06	
      3881.418	     6.93108e+06	
      3882.546	     6.93522e+06	
      3884.398	     6.94201e+06	
      3884.801	     6.94349e+06	
      3884.923	     6.94393e+06	
      3885.204	     6.94493e+06	
      3886.010	     6.94782e+06	
      3886.151	     6.94832e+06	
      3887.096	     6.95165e+06	
      3887.568	     6.95326e+06	
      3888.042	     6.95479e+06	
      3888.280	     6.95552e+06	
      3888.516	     6.95615e+06	
      3888.633	     6.95640e+06	
      3888.752	     6.95659e+06	
      3888.844	     6.95662e+06	
      3888.866	     6.95659e+06	
      3888.871	     6.95655e+06	
      3888.898	     6.95652e+06	
      3888.930	     6.95643e+06	
      3888.989	     6.95633e+06	
      3889.048	     6.95640e+06	
      3889.107	     6.95677e+06	
      3889.166	     6.95731e+06	
      3889.225	     6.95787e+06	
      3889.294	     6.95841e+06	
      3889.343	     6.95875e+06	
      3889.394	     6.95907e+06	
      3889.408	     6.95916e+06	
      3889.450	     6.95938e+06	
      3889.494	     6.95963e+06	
      3889.580	     6.96007e+06	
      3889.752	     6.96089e+06	
      3890.054	     6.96221e+06	
      3890.315	     6.96331e+06	
      3890.474	     6.96397e+06	
      3890.657	     6.96469e+06	
      3890.999	     6.96604e+06	
      3891.683	     6.96868e+06	
      3892.892	     6.97327e+06	
      3893.942	     6.97719e+06	
      3894.458	     6.97911e+06	
      3895.309	     6.98228e+06	
      3896.219	     6.98565e+06	
      3896.677	     6.98731e+06	
      3898.895	     6.99548e+06	
      3899.603	     6.99805e+06	
      3901.572	     7.00525e+06	
      3903.894	     7.01370e+06	
      3904.248	     7.01499e+06	
      3908.893	     7.03176e+06	
      3913.891	     7.04967e+06	
      3918.890	     7.06902e+06	
      3923.889	     7.08844e+06	
      3928.216	     7.10512e+06	
      3928.353	     7.10565e+06	
      3928.887	     7.10773e+06	
      3929.559	     7.11030e+06	
      3930.903	     7.11542e+06	
      3933.453	     7.12519e+06	
      3935.810	     7.13415e+06	
      3937.347	     7.13996e+06	
      3938.885	     7.14577e+06	
      3940.036	     7.15011e+06	
      3941.960	     7.15733e+06	
      3943.883	     7.16453e+06	
      3946.579	     7.17455e+06	
      3947.730	     7.17882e+06	
      3948.882	     7.18306e+06	
      3950.653	     7.18957e+06	
      3951.015	     7.19089e+06	
      3951.186	     7.19151e+06	
      3951.718	     7.19346e+06	
      3952.784	     7.19736e+06	
      3954.554	     7.20377e+06	
      3957.306	     7.21366e+06	
      3958.093	     7.21646e+06	
      3958.624	     7.21834e+06	
      3958.880	     7.21925e+06	
      3960.453	     7.22478e+06	
      3962.283	     7.23113e+06	
      3965.737	     7.24282e+06	
      3965.942	     7.24351e+06	
      3966.147	     7.24417e+06	
      3966.557	     7.24549e+06	
      3966.675	     7.24586e+06	
      3967.279	     7.24781e+06	
      3967.376	     7.24809e+06	
      3968.078	     7.25023e+06	
      3968.709	     7.25202e+06	
      3968.877	     7.25246e+06	
      3969.045	     7.25284e+06	
      3969.234	     7.25325e+06	
      3969.287	     7.25334e+06	
      3969.381	     7.25350e+06	
      3969.528	     7.25369e+06	
      3969.648	     7.25375e+06	
      3969.769	     7.25362e+06	
      3969.830	     7.25347e+06	
      3969.890	     7.25312e+06	
      3969.950	     7.25265e+06	
      3970.011	     7.25218e+06	
      3970.071	     7.25202e+06	
      3970.131	     7.25262e+06	
      3970.192	     7.25353e+06	
      3970.252	     7.25444e+06	
      3970.323	     7.25532e+06	
      3970.372	     7.25579e+06	
      3970.423	     7.25626e+06	
      3970.432	     7.25633e+06	
      3970.495	     7.25680e+06	
      3970.523	     7.25702e+06	
      3970.613	     7.25761e+06	
      3970.795	     7.25871e+06	
      3971.096	     7.26028e+06	
      3971.333	     7.26141e+06	
      3971.591	     7.26261e+06	
      3971.698	     7.26308e+06	
      3972.063	     7.26468e+06	
      3972.793	     7.26773e+06	
      3973.995	     7.27260e+06	
      3974.936	     7.27631e+06	
      3976.398	     7.28196e+06	
      3976.845	     7.28369e+06	
      3977.860	     7.28755e+06	
      3978.874	     7.29139e+06	
      3979.577	     7.29402e+06	
      3980.904	     7.29899e+06	
      3982.230	     7.30389e+06	
      3984.180	     7.31105e+06	
      3984.884	     7.31363e+06	
      3985.119	     7.31448e+06	
      3985.588	     7.31617e+06	
      3986.995	     7.32129e+06	
      3988.872	     7.32805e+06	
      3991.379	     7.33700e+06	
      3992.625	     7.34143e+06	
      3993.854	     7.34577e+06	
      3993.870	     7.34583e+06	
      3996.362	     7.35459e+06	
      3998.869	     7.36339e+06	
      4003.868	     7.38073e+06	
      4008.866	     7.39789e+06	
      4013.865	     7.41520e+06	
      4018.864	     7.43269e+06	
      4023.863	     7.45000e+06	
      4025.341	     7.45509e+06	
      4028.861	     7.46716e+06	
      4032.381	     7.47916e+06	
      4032.946	     7.48104e+06	
      4033.860	     7.48415e+06	
      4035.902	     7.49103e+06	
      4038.859	     7.50096e+06	
      4043.857	     7.51755e+06	
      4048.856	     7.53395e+06	
      4053.855	     7.55016e+06	
      4058.853	     7.56609e+06	
      4063.852	     7.58173e+06	
      4068.851	     7.59706e+06	
      4073.849	     7.61192e+06	
      4075.421	     7.61648e+06	
      4078.848	     7.62618e+06	
      4082.275	     7.63548e+06	
      4082.559	     7.63621e+06	
      4084.004	     7.63994e+06	
      4085.702	     7.64422e+06	
      4088.845	     7.65163e+06	
      4089.695	     7.65349e+06	
      4093.687	     7.66150e+06	
      4096.515	     7.66621e+06	
      4097.679	     7.66791e+06	
      4098.010	     7.66834e+06	
      4098.678	     7.66922e+06	
      4098.843	     7.66941e+06	
      4099.676	     7.67029e+06	
      4100.174	     7.67064e+06	
      4100.673	     7.67070e+06	
      4100.922	     7.67048e+06	
      4101.172	     7.66995e+06	
      4101.297	     7.66941e+06	
      4101.422	     7.66853e+06	
      4101.485	     7.66784e+06	
      4101.547	     7.66681e+06	
      4101.609	     7.66533e+06	
      4101.672	     7.66395e+06	
      4101.734	     7.66338e+06	
      4101.797	     7.66436e+06	
      4101.859	     7.66608e+06	
      4101.922	     7.66794e+06	
      4102.047	     7.67042e+06	
      4102.296	     7.67331e+06	
      4102.745	     7.67670e+06	
      4102.794	     7.67702e+06	
      4102.845	     7.67733e+06	
      4102.945	     7.67796e+06	
      4103.145	     7.67912e+06	
      4103.296	     7.67997e+06	
      4103.545	     7.68129e+06	
      4103.794	     7.68258e+06	
      4104.291	     7.68506e+06	
      4104.785	     7.68745e+06	
      4105.287	     7.68980e+06	
      4105.789	     7.69213e+06	
      4106.793	     7.69668e+06	
      4108.680	     7.70498e+06	
      4108.760	     7.70532e+06	
      4108.800	     7.70548e+06	
      4108.840	     7.70567e+06	
      4108.859	     7.70573e+06	
      4109.000	     7.70639e+06	
      4109.320	     7.70780e+06	
      4109.781	     7.70985e+06	
      4110.703	     7.71390e+06	
      4111.319	     7.71654e+06	
      4112.546	     7.72172e+06	
      4113.774	     7.72675e+06	
      4114.693	     7.73045e+06	
      4116.229	     7.73649e+06	
      4116.694	     7.73828e+06	
      4117.766	     7.74236e+06	
      4118.126	     7.74371e+06	
      4118.838	     7.74638e+06	
      4120.981	     7.75420e+06	
      4123.836	     7.76432e+06	
      4126.144	     7.77227e+06	
      4128.835	     7.78132e+06	
      4129.605	     7.78389e+06	
      4131.526	     7.79021e+06	
      4133.834	     7.79765e+06	
      4134.219	     7.79891e+06	
      4138.832	     7.81352e+06	
      4143.831	     7.82897e+06	
      4148.830	     7.84412e+06	
      4153.828	     7.85901e+06	
      4158.827	     7.87365e+06	
      4163.826	     7.88807e+06	
      4168.824	     7.90230e+06	
      4173.823	     7.91634e+06	
      4178.822	     7.93017e+06	
      4183.820	     7.94383e+06	
      4188.819	     7.95728e+06	
      4193.818	     7.97060e+06	
      4198.817	     7.98370e+06	
      4203.815	     7.99664e+06	
      4208.814	     8.00965e+06	
      4213.813	     8.02265e+06	
      4216.525	     8.02963e+06	
      4217.242	     8.03145e+06	
      4218.811	     8.03547e+06	
      4221.098	     8.04128e+06	
      4223.810	     8.04810e+06	
      4224.954	     8.05099e+06	
      4228.809	     8.06057e+06	
      4233.807	     8.07282e+06	
      4238.806	     8.08489e+06	
      4243.805	     8.09680e+06	
      4248.803	     8.10845e+06	
      4253.802	     8.11995e+06	
      4258.801	     8.13120e+06	
      4263.799	     8.14222e+06	
      4268.798	     8.15300e+06	
      4273.797	     8.16352e+06	
      4278.795	     8.17373e+06	
      4283.794	     8.18360e+06	
      4288.793	     8.19302e+06	
      4293.791	     8.20191e+06	
      4298.790	     8.21018e+06	
      4303.789	     8.21750e+06	
      4308.788	     8.22328e+06	
      4313.786	     8.22730e+06	
      4314.073	     8.22745e+06	
      4318.785	     8.22871e+06	
      4320.854	     8.22821e+06	
      4323.497	     8.22645e+06	
      4326.139	     8.22302e+06	
      4326.475	     8.22246e+06	
      4328.782	     8.21762e+06	
      4330.233	     8.21373e+06	
      4331.090	     8.21109e+06	
      4331.149	     8.21087e+06	
      4331.946	     8.20816e+06	
      4333.660	     8.20166e+06	
      4334.060	     8.20000e+06	
      4336.171	     8.19063e+06	
      4337.786	     8.18291e+06	
      4338.220	     8.18071e+06	
      4338.283	     8.18039e+06	
      4338.780	     8.17763e+06	
      4338.812	     8.17744e+06	
      4339.339	     8.17392e+06	
      4339.602	     8.17166e+06	
      4339.867	     8.16852e+06	
      4340.001	     8.16632e+06	
      4340.132	     8.16324e+06	
      4340.197	     8.16110e+06	
      4340.263	     8.15793e+06	
      4340.329	     8.15369e+06	
      4340.395	     8.14942e+06	
      4340.461	     8.14731e+06	
      4340.527	     8.14964e+06	
      4340.593	     8.15416e+06	
      4340.659	     8.15862e+06	
      4340.791	     8.16440e+06	
      4341.005	     8.16968e+06	
      4341.055	     8.17059e+06	
      4341.105	     8.17147e+06	
      4341.205	     8.17304e+06	
      4341.227	     8.17336e+06	
      4341.238	     8.17351e+06	
      4341.405	     8.17574e+06	
      4341.583	     8.17785e+06	
      4341.939	     8.18156e+06	
      4342.640	     8.18800e+06	
      4343.330	     8.19393e+06	
      4343.570	     8.19594e+06	
      4344.041	     8.19984e+06	
      4344.752	     8.20568e+06	
      4346.174	     8.21709e+06	
      4348.578	     8.23525e+06	
      4348.777	     8.23666e+06	
      4348.976	     8.23807e+06	
      4349.374	     8.24084e+06	
      4350.170	     8.24624e+06	
      4350.322	     8.24725e+06	
      4351.761	     8.25639e+06	
      4353.201	     8.26484e+06	
      4354.734	     8.27316e+06	
      4356.077	     8.27989e+06	
      4356.080	     8.27989e+06	
      4357.426	     8.28617e+06	
      4358.774	     8.29205e+06	
      4359.170	     8.29371e+06	
      4361.472	     8.30222e+06	
      4363.773	     8.31036e+06	
      4367.980	     8.32343e+06	
      4368.376	     8.32456e+06	
      4368.524	     8.32497e+06	
      4368.772	     8.32566e+06	
      4369.563	     8.32786e+06	
      4371.147	     8.33210e+06	
      4373.770	     8.33873e+06	
      4378.769	     8.35023e+06	
      4383.768	     8.36069e+06	
      4388.766	     8.37037e+06	
      4393.765	     8.37944e+06	
      4398.764	     8.38812e+06	
      4403.762	     8.39468e+06	
      4408.761	     8.40027e+06	
      4413.760	     8.40568e+06	
      4418.758	     8.41092e+06	
      4423.757	     8.41598e+06	
      4428.756	     8.42094e+06	
      4433.754	     8.42575e+06	
      4438.753	     8.43043e+06	
      4443.752	     8.43505e+06	
      4448.751	     8.43954e+06	
      4453.749	     8.44394e+06	
      4458.748	     8.44828e+06	
      4463.747	     8.45249e+06	
      4468.745	     8.45663e+06	
      4473.744	     8.46072e+06	
      4478.743	     8.46471e+06	
      4483.741	     8.46863e+06	
      4488.740	     8.47247e+06	
      4493.739	     8.47627e+06	
      4498.737	     8.48114e+06	
      4503.736	     8.48865e+06	
      4508.735	     8.49600e+06	
      4513.733	     8.50316e+06	
      4514.118	     8.50369e+06	
      4518.732	     8.51013e+06	
      4523.346	     8.51645e+06	
      4527.190	     8.52157e+06	
      4527.960	     8.52261e+06	
      4528.729	     8.52361e+06	
      4530.269	     8.52562e+06	
      4532.968	     8.52914e+06	
      4533.288	     8.52955e+06	
      4533.348	     8.52964e+06	
      4533.728	     8.53012e+06	
      4534.488	     8.53109e+06	
      4536.007	     8.53301e+06	
      4538.727	     8.53646e+06	
      4543.725	     8.54265e+06	
      4548.724	     8.54865e+06	
      4553.723	     8.55453e+06	
      4558.721	     8.56024e+06	
      4563.720	     8.56580e+06	
      4568.719	     8.57124e+06	
      4573.717	     8.57652e+06	
      4578.716	     8.58164e+06	
      4583.715	     8.58663e+06	
      4588.713	     8.59147e+06	
      4593.712	     8.59618e+06	
      4596.529	     8.59829e+06	
      4596.984	     8.59860e+06	
      4598.711	     8.59989e+06	
      4600.892	     8.60140e+06	
      4603.709	     8.60338e+06	
      4604.800	     8.60410e+06	
      4608.708	     8.60674e+06	
      4613.707	     8.61001e+06	
      4618.705	     8.61318e+06	
      4623.704	     8.61626e+06	
      4628.703	     8.61924e+06	
      4633.701	     8.62213e+06	
      4638.700	     8.62493e+06	
      4643.699	     8.62763e+06	
      4648.697	     8.63024e+06	
      4653.696	     8.63275e+06	
      4658.695	     8.63517e+06	
      4663.694	     8.63749e+06	
      4668.692	     8.63973e+06	
      4673.691	     8.64186e+06	
      4678.690	     8.64390e+06	
      4683.688	     8.64585e+06	
      4688.687	     8.64771e+06	
      4693.686	     8.64931e+06	
      4698.684	     8.65060e+06	
      4703.683	     8.65179e+06	
      4708.682	     8.65289e+06	
      4713.680	     8.65389e+06	
      4715.603	     8.65427e+06	
      4718.679	     8.65481e+06	
      4720.984	     8.65521e+06	
      4721.755	     8.65534e+06	
      4723.678	     8.65562e+06	
      4724.830	     8.65581e+06	
      4728.676	     8.65631e+06	
      4733.675	     8.65691e+06	
      4738.674	     8.65738e+06	
      4743.672	     8.65773e+06	
      4748.671	     8.65792e+06	
      4753.670	     8.65798e+06	
      4758.668	     8.65782e+06	
      4763.667	     8.65751e+06	
      4768.666	     8.65697e+06	
      4773.664	     8.65619e+06	
      4778.663	     8.65509e+06	
      4783.662	     8.65367e+06	
      4788.660	     8.65182e+06	
      4793.659	     8.64934e+06	
      4798.658	     8.64623e+06	
      4803.656	     8.64227e+06	
      4808.655	     8.63724e+06	
      4813.654	     8.63077e+06	
      4818.652	     8.62238e+06	
      4823.651	     8.61129e+06	
      4828.650	     8.59640e+06	
      4833.648	     8.57595e+06	
      4834.972	     8.56932e+06	
      4838.647	     8.54739e+06	
      4839.161	     8.54384e+06	
      4842.322	     8.51899e+06	
      4845.483	     8.48767e+06	
      4845.503	     8.48745e+06	
      4847.054	     8.46923e+06	
      4848.644	     8.44840e+06	
      4851.785	     8.40021e+06	
      4854.393	     8.35309e+06	
      4856.517	     8.31099e+06	
      4858.401	     8.27200e+06	
      4858.642	     8.26688e+06	
      4858.664	     8.26641e+06	
      4858.883	     8.26170e+06	
      4859.364	     8.25092e+06	
      4859.473	     8.24841e+06	
      4860.065	     8.23323e+06	
      4860.361	     8.22390e+06	
      4860.657	     8.21175e+06	
      4860.805	     8.20342e+06	
      4860.953	     8.19164e+06	
      4861.027	     8.18328e+06	
      4861.101	     8.17197e+06	
      4861.175	     8.15894e+06	
      4861.248	     8.14668e+06	
      4861.322	     8.14040e+06	
      4861.396	     8.14668e+06	
      4861.470	     8.15912e+06	
      4861.543	     8.17197e+06	
      4861.641	     8.18617e+06	
      4861.687	     8.19126e+06	
      4861.689	     8.19148e+06	
      4861.691	     8.19167e+06	
      4861.695	     8.19208e+06	
      4861.741	     8.19626e+06	
      4861.841	     8.20358e+06	
      4861.979	     8.21140e+06	
      4861.987	     8.21178e+06	
      4862.279	     8.22381e+06	
      4862.579	     8.23330e+06	
      4862.596	     8.23377e+06	
      4863.178	     8.24869e+06	
      4863.727	     8.26104e+06	
      4863.761	     8.26179e+06	
      4864.927	     8.28645e+06	
      4866.127	     8.31111e+06	
      4868.413	     8.35623e+06	
      4868.526	     8.35836e+06	
      4868.639	     8.36050e+06	
      4868.865	     8.36471e+06	
      4869.317	     8.37304e+06	
      4869.583	     8.37784e+06	
      4870.221	     8.38915e+06	
      4870.858	     8.40005e+06	
      4872.134	     8.42063e+06	
      4874.623	     8.45622e+06	
      4874.685	     8.45701e+06	
      4874.747	     8.45783e+06	
      4874.871	     8.45943e+06	
      4875.119	     8.46260e+06	
      4875.615	     8.46876e+06	
      4876.607	     8.48045e+06	
      4878.452	     8.50005e+06	
      4878.544	     8.50096e+06	
      4878.590	     8.50140e+06	
      4878.636	     8.50187e+06	
      4878.820	     8.50366e+06	
      4879.188	     8.50715e+06	
      4879.526	     8.51029e+06	
      4879.924	     8.51387e+06	
      4880.322	     8.51736e+06	
      4880.941	     8.52258e+06	
      4881.118	     8.52402e+06	
      4882.709	     8.53624e+06	
      4884.478	     8.54821e+06	
      4887.396	     8.56489e+06	
      4888.015	     8.56800e+06	
      4888.634	     8.57099e+06	
      4889.871	     8.57655e+06	
      4891.061	     8.58148e+06	
      4892.347	     8.58635e+06	
      4893.632	     8.59084e+06	
      4893.777	     8.59131e+06	
      4896.204	     8.59870e+06	
      4898.631	     8.60501e+06	
      4903.340	     8.61475e+06	
      4903.485	     8.61500e+06	
      4903.630	     8.61525e+06	
      4903.920	     8.61576e+06	
      4904.499	     8.61673e+06	
      4905.659	     8.61858e+06	
      4907.328	     8.62103e+06	
      4907.977	     8.62191e+06	
      4908.628	     8.62276e+06	
      4909.929	     8.62436e+06	
      4911.434	     8.62606e+06	
      4912.530	     8.62722e+06	
      4913.014	     8.62769e+06	
      4913.627	     8.62829e+06	
      4915.550	     8.63002e+06	
      4915.820	     8.63024e+06	
      4918.240	     8.63212e+06	
      4918.626	     8.63241e+06	
      4921.701	     8.63435e+06	
      4923.624	     8.63539e+06	
      4925.162	     8.63614e+06	
      4928.623	     8.63759e+06	
      4933.622	     8.63913e+06	
      4938.620	     8.64017e+06	
      4943.619	     8.64076e+06	
      4948.618	     8.64104e+06	
      4953.616	     8.64104e+06	
      4958.615	     8.64082e+06	
      4963.614	     8.64039e+06	
      4968.612	     8.63979e+06	
      4973.611	     8.63900e+06	
      4978.610	     8.63812e+06	
      4983.608	     8.63709e+06	
      4988.607	     8.63586e+06	
      4993.606	     8.63457e+06	
      4998.604	     8.63316e+06	
      5003.603	     8.63168e+06	
      5008.602	     8.63011e+06	
      5013.600	     8.62848e+06	
      5018.599	     8.62678e+06	
      5023.598	     8.62499e+06	
      5028.596	     8.62317e+06	
      5033.595	     8.62128e+06	
      5038.594	     8.61934e+06	
      5043.592	     8.61736e+06	
      5048.591	     8.61532e+06	
      5053.590	     8.61321e+06	
      5058.588	     8.61107e+06	
      5063.587	     8.60891e+06	
      5068.586	     8.60668e+06	
      5073.584	     8.60438e+06	
      5078.583	     8.60206e+06	
      5083.582	     8.59954e+06	
      5088.580	     8.59694e+06	
      5093.579	     8.59430e+06	
      5098.578	     8.59160e+06	
      5103.576	     8.58889e+06	
      5108.575	     8.58613e+06	
      5113.574	     8.58333e+06	
      5118.572	     8.58051e+06	
      5123.571	     8.57765e+06	
      5128.570	     8.57476e+06	
      5133.568	     8.57184e+06	
      5138.567	     8.56888e+06	
      5143.566	     8.56590e+06	
      5148.564	     8.56288e+06	
      5153.563	     8.55980e+06	
      5158.562	     8.55672e+06	
      5163.560	     8.55361e+06	
      5168.559	     8.55047e+06	
      5173.558	     8.54730e+06	
      5178.556	     8.54406e+06	
      5183.555	     8.54070e+06	
      5188.554	     8.53734e+06	
      5193.552	     8.53395e+06	
      5198.551	     8.53052e+06	
      5203.550	     8.52707e+06	
      5208.548	     8.52361e+06	
      5213.547	     8.52009e+06	
      5218.546	     8.51654e+06	
      5223.544	     8.51299e+06	
      5228.543	     8.50941e+06	
      5233.542	     8.50580e+06	
      5238.540	     8.50216e+06	
      5243.539	     8.49851e+06	
      5248.537	     8.49480e+06	
      5253.536	     8.49110e+06	
      5258.535	     8.48736e+06	
      5263.533	     8.48359e+06	
      5268.532	     8.47979e+06	
      5273.531	     8.47599e+06	
      5278.529	     8.47262e+06	
      5283.528	     8.46929e+06	
      5288.527	     8.46593e+06	
      5293.525	     8.46254e+06	
      5298.524	     8.45912e+06	
      5303.523	     8.45566e+06	
      5308.521	     8.45214e+06	
      5313.520	     8.44862e+06	
      5318.519	     8.44504e+06	
      5323.517	     8.44143e+06	
      5328.516	     8.43778e+06	
      5333.515	     8.43411e+06	
      5338.513	     8.43040e+06	
      5343.512	     8.42666e+06	
      5348.511	     8.42286e+06	
      5353.509	     8.41906e+06	
      5358.508	     8.41523e+06	
      5363.507	     8.41168e+06	
      5368.505	     8.40778e+06	
      5373.504	     8.40360e+06	
      5378.503	     8.39911e+06	
      5383.501	     8.39459e+06	
      5388.500	     8.39006e+06	
      5393.499	     8.38551e+06	
      5398.497	     8.38092e+06	
      5403.496	     8.37630e+06	
      5408.495	     8.37168e+06	
      5413.493	     8.36707e+06	
      5418.492	     8.36242e+06	
      5423.491	     8.35774e+06	
      5428.489	     8.35302e+06	
      5433.488	     8.34831e+06	
      5438.487	     8.34357e+06	
      5443.485	     8.33882e+06	
      5448.484	     8.33405e+06	
      5453.483	     8.32924e+06	
      5458.481	     8.32444e+06	
      5463.480	     8.31960e+06	
      5468.479	     8.31476e+06	
      5473.477	     8.31024e+06	
      5478.476	     8.30568e+06	
      5483.475	     8.30109e+06	
      5488.473	     8.29651e+06	
      5493.472	     8.29189e+06	
      5498.471	     8.28724e+06	
      5503.469	     8.28259e+06	
      5508.468	     8.27791e+06	
      5513.466	     8.27323e+06	
      5518.465	     8.26848e+06	
      5523.464	     8.26374e+06	
      5528.462	     8.25900e+06	
      5533.461	     8.25422e+06	
      5538.460	     8.24941e+06	
      5543.458	     8.24458e+06	
      5548.457	     8.23974e+06	
      5553.456	     8.23487e+06	
      5558.454	     8.23000e+06	
      5563.453	     8.22510e+06	
      5568.452	     8.22017e+06	
      5573.450	     8.21523e+06	
      5578.449	     8.21027e+06	
      5583.448	     8.20527e+06	
      5588.446	     8.20025e+06	
      5593.445	     8.19525e+06	
      5598.444	     8.19019e+06	
      5603.442	     8.18514e+06	
      5608.441	     8.18008e+06	
      5613.440	     8.17496e+06	
      5618.438	     8.16987e+06	
      5623.437	     8.16472e+06	
      5628.436	     8.15960e+06	
      5633.434	     8.15441e+06	
      5638.433	     8.14923e+06	
      5643.432	     8.14404e+06	
      5648.430	     8.13883e+06	
      5653.429	     8.13361e+06	
      5658.428	     8.12837e+06	
      5663.426	     8.12309e+06	
      5668.425	     8.11828e+06	
      5673.424	     8.11301e+06	
      5673.979	     8.11241e+06	
      5678.422	     8.10776e+06	
      5682.865	     8.10302e+06	
      5686.198	     8.09947e+06	
      5687.309	     8.09827e+06	
      5687.864	     8.09767e+06	
      5688.420	     8.09708e+06	
      5690.641	     8.09469e+06	
      5693.418	     8.09171e+06	
      5698.417	     8.08633e+06	
      5703.415	     8.08093e+06	
      5704.770	     8.07945e+06	
      5708.414	     8.07553e+06	
      5708.882	     8.07502e+06	
      5712.058	     8.07157e+06	
      5713.413	     8.07009e+06	
      5715.234	     8.06811e+06	
      5718.411	     8.06466e+06	
      5723.410	     8.05919e+06	
      5728.409	     8.05372e+06	
      5733.407	     8.04826e+06	
      5738.406	     8.04276e+06	
      5743.405	     8.03723e+06	
      5748.403	     8.03170e+06	
      5753.402	     8.02617e+06	
      5758.401	     8.02061e+06	
      5763.399	     8.01329e+06	
      5768.398	     8.00767e+06	
      5773.397	     8.00208e+06	
      5778.395	     7.99645e+06	
      5783.394	     7.99080e+06	
      5788.393	     7.98514e+06	
      5793.391	     7.97949e+06	
      5798.390	     7.97380e+06	
      5803.389	     7.96812e+06	
      5808.387	     7.96240e+06	
      5813.386	     7.95668e+06	
      5818.385	     7.95096e+06	
      5823.383	     7.94521e+06	
      5828.382	     7.93943e+06	
      5833.381	     7.93368e+06	
      5838.379	     7.92790e+06	
      5843.378	     7.92209e+06	
      5848.377	     7.91628e+06	
      5853.375	     7.91047e+06	
      5858.374	     7.90466e+06	
      5863.372	     7.89881e+06	
      5868.371	     7.89297e+06	
      5873.370	     7.88713e+06	
      5878.368	     7.88125e+06	
      5883.367	     7.87538e+06	
      5888.366	     7.86947e+06	
      5893.364	     7.86356e+06	
      5898.363	     7.85766e+06	
      5903.362	     7.85175e+06	
      5908.360	     7.84581e+06	
      5913.359	     7.83984e+06	
      5918.358	     7.83391e+06	
      5923.356	     7.82794e+06	
      5928.355	     7.82194e+06	
      5933.354	     7.81597e+06	
      5938.352	     7.80994e+06	
      5943.351	     7.80394e+06	
      5948.350	     7.79790e+06	
      5953.348	     7.79187e+06	
      5958.347	     7.78581e+06	
      5963.346	     7.77975e+06	
      5968.344	     7.77365e+06	
      5973.343	     7.76756e+06	
      5978.342	     7.76146e+06	
      5983.340	     7.75534e+06	
      5988.339	     7.74921e+06	
      5993.338	     7.74308e+06	
      5998.336	     7.73693e+06	
      6003.335	     7.73077e+06	
      6008.333	     7.72461e+06	
      6013.332	     7.71842e+06	
      6018.331	     7.71223e+06	
      6023.329	     7.70604e+06	
      6028.328	     7.69986e+06	
      6033.327	     7.69363e+06	
      6038.325	     7.68741e+06	
      6043.324	     7.68116e+06	
      6048.323	     7.67494e+06	
      6053.321	     7.66869e+06	
      6058.320	     7.66241e+06	
      6063.319	     7.65616e+06	
      6068.317	     7.64987e+06	
      6073.316	     7.64356e+06	
      6078.315	     7.63727e+06	
      6083.313	     7.63096e+06	
      6088.312	     7.62465e+06	
      6093.311	     7.61830e+06	
      6098.309	     7.61198e+06	
      6103.308	     7.60564e+06	
      6108.307	     7.59926e+06	
      6113.305	     7.59292e+06	
      6118.304	     7.58654e+06	
      6123.303	     7.58013e+06	
      6128.301	     7.57375e+06	
      6133.300	     7.56734e+06	
      6138.298	     7.56093e+06	
      6143.297	     7.55449e+06	
      6148.296	     7.54808e+06	
      6153.294	     7.54161e+06	
      6158.293	     7.53517e+06	
      6163.292	     7.52870e+06	
      6168.290	     7.52223e+06	
      6173.289	     7.51573e+06	
      6178.288	     7.50922e+06	
      6183.286	     7.50272e+06	
      6188.285	     7.49619e+06	
      6193.284	     7.48965e+06	
      6198.282	     7.48312e+06	
      6203.281	     7.47655e+06	
      6208.280	     7.46998e+06	
      6213.278	     7.46342e+06	
      6218.277	     7.45682e+06	
      6223.276	     7.45019e+06	
      6228.274	     7.44360e+06	
      6233.273	     7.43697e+06	
      6238.272	     7.43031e+06	
      6243.270	     7.42365e+06	
      6244.381	     7.42217e+06	
      6248.269	     7.41695e+06	
      6252.157	     7.41174e+06	
      6253.821	     7.40951e+06	
      6256.044	     7.40652e+06	
      6258.266	     7.40354e+06	
      6262.157	     7.39833e+06	
      6262.711	     7.39757e+06	
      6263.265	     7.39682e+06	
      6264.372	     7.39534e+06	
      6264.912	     7.39459e+06	
      6266.588	     7.39232e+06	
      6268.263	     7.39006e+06	
      6269.967	     7.38777e+06	
      6271.615	     7.38554e+06	
      6273.262	     7.38331e+06	
      6274.854	     7.38114e+06	
      6276.557	     7.37885e+06	
      6278.261	     7.37652e+06	
      6280.076	     7.37404e+06	
      6281.668	     7.37187e+06	
      6283.259	     7.36971e+06	
      6284.627	     7.36785e+06	
      6286.443	     7.36537e+06	
      6288.258	     7.36289e+06	
      6290.521	     7.35978e+06	
      6291.889	     7.35789e+06	
      6293.257	     7.35604e+06	
      6293.729	     7.35538e+06	
      6295.992	     7.35227e+06	
      6298.255	     7.34916e+06	
      6302.310	     7.34354e+06	
      6302.782	     7.34291e+06	
      6303.254	     7.34225e+06	
      6303.918	     7.34134e+06	
      6304.198	     7.34093e+06	
      6306.085	     7.33832e+06	
      6308.253	     7.33530e+06	
      6311.924	     7.33018e+06	
      6312.587	     7.32927e+06	
      6313.251	     7.32833e+06	
      6314.579	     7.32648e+06	
      6316.219	     7.32418e+06	
      6317.234	     7.32277e+06	
      6317.314	     7.32268e+06	
      6318.250	     7.32136e+06	
      6320.281	     7.31850e+06	
      6323.249	     7.31432e+06	
      6328.247	     7.30725e+06	
      6333.246	     7.30015e+06	
      6338.245	     7.29302e+06	
      6343.243	     7.28582e+06	
      6348.242	     7.27857e+06	
      6353.241	     7.27128e+06	
      6358.239	     7.26393e+06	
      6363.238	     7.25651e+06	
      6368.236	     7.24904e+06	
      6373.235	     7.24147e+06	
      6378.234	     7.23383e+06	
      6383.232	     7.22610e+06	
      6388.231	     7.21828e+06	
      6393.230	     7.21036e+06	
      6398.228	     7.20229e+06	
      6403.227	     7.19409e+06	
      6408.226	     7.18576e+06	
      6413.224	     7.17725e+06	
      6418.223	     7.16855e+06	
      6423.222	     7.15963e+06	
      6428.220	     7.15048e+06	
      6433.219	     7.14106e+06	
      6438.218	     7.13132e+06	
      6443.216	     7.12124e+06	
      6448.215	     7.11071e+06	
      6453.214	     7.09975e+06	
      6458.212	     7.08822e+06	
      6463.211	     7.07603e+06	
      6468.210	     7.06312e+06	
      6473.208	     7.04929e+06	
      6478.207	     7.03443e+06	
      6483.205	     7.01832e+06	
      6488.204	     7.00069e+06	
      6493.203	     6.98125e+06	
      6498.201	     6.95957e+06	
      6503.200	     6.93519e+06	
      6508.199	     6.90748e+06	
      6513.197	     6.87560e+06	
      6518.196	     6.83846e+06	
      6523.195	     6.79461e+06	
      6523.719	     6.78958e+06	
      6528.193	     6.74233e+06	
      6532.668	     6.68653e+06	
      6536.095	     6.63671e+06	
      6537.143	     6.62006e+06	
      6537.383	     6.61613e+06	
      6538.191	     6.60265e+06	
      6540.286	     6.56549e+06	
      6543.189	     6.50844e+06	
      6546.457	     6.43555e+06	
      6546.724	     6.42914e+06	
      6548.188	     6.39283e+06	
      6549.918	     6.34696e+06	
      6553.113	     6.25391e+06	
      6554.426	     6.21382e+06	
      6556.306	     6.15517e+06	
      6556.871	     6.13735e+06	
      6557.903	     6.10443e+06	
      6558.185	     6.09519e+06	
      6559.500	     6.05036e+06	
      6560.298	     6.02020e+06	
      6561.096	     5.98439e+06	
      6561.496	     5.96193e+06	
      6561.895	     5.93271e+06	
      6562.094	     5.91314e+06	
      6562.294	     5.88609e+06	
      6562.394	     5.86746e+06	
      6562.494	     5.83843e+06	
      6562.594	     5.80029e+06	
      6562.693	     5.76438e+06	
      6562.793	     5.74575e+06	
      6562.892	     5.76388e+06	
      6562.992	     5.79995e+06	
      6563.092	     5.83790e+06	
      6563.291	     5.88502e+06	
      6563.490	     5.91160e+06	
      6563.641	     5.92665e+06	
      6563.687	     5.93070e+06	
      6563.689	     5.93086e+06	
      6563.691	     5.93101e+06	
      6563.741	     5.93519e+06	
      6563.841	     5.94289e+06	
      6564.041	     5.95646e+06	
      6564.294	     5.97113e+06	
      6564.392	     5.97628e+06	
      6564.441	     5.97876e+06	
      6564.490	     5.98118e+06	
      6564.685	     5.99042e+06	
      6565.077	     6.00716e+06	
      6565.636	     6.02834e+06	
      6565.861	     6.03632e+06	
      6566.086	     6.04402e+06	
      6566.536	     6.05894e+06	
      6566.689	     6.06387e+06	
      6567.085	     6.07641e+06	
      6567.436	     6.08728e+06	
      6568.183	     6.10990e+06	
      6569.280	     6.14228e+06	
      6570.478	     6.17722e+06	
      6571.476	     6.20590e+06	
      6572.473	     6.23405e+06	
      6573.270	     6.25654e+06	
      6574.469	     6.28897e+06	
      6575.667	     6.31978e+06	
      6577.950	     6.37420e+06	
      6578.065	     6.37680e+06	
      6578.180	     6.37938e+06	
      6578.410	     6.38450e+06	
      6578.870	     6.39459e+06	
      6579.789	     6.41406e+06	
      6580.079	     6.42006e+06	
      6581.629	     6.45063e+06	
      6583.178	     6.47906e+06	
      6584.378	     6.49970e+06	
      6586.278	     6.52999e+06	
      6587.911	     6.55390e+06	
      6588.177	     6.55760e+06	
      6588.443	     6.56125e+06	
      6588.975	     6.56844e+06	
      6590.039	     6.58223e+06	
      6591.023	     6.59439e+06	
      6592.166	     6.60774e+06	
      6593.014	     6.61717e+06	
      6593.309	     6.62037e+06	
      6595.594	     6.64359e+06	
      6598.174	     6.66687e+06	
      6603.335	     6.70545e+06	
      6608.496	     6.73535e+06	
      6613.656	     6.75841e+06	
      6623.977	     6.78977e+06	
      6634.299	     6.80758e+06	
      6639.690	     6.81314e+06	
      6644.620	     6.81656e+06	
      6654.941	     6.81961e+06	
      6675.584	     6.81462e+06	
      6711.477	     6.78773e+06	
      6747.370	     6.75072e+06	
      6813.534	     6.67233e+06	
      6819.157	     6.66539e+06	
      6824.779	     6.65839e+06	
      6836.024	     6.64441e+06	
      6858.514	     6.61623e+06	
      6903.494	     6.55905e+06	
      6993.454	     6.44325e+06	
      7057.680	     6.36009e+06	
      7083.413	     6.32673e+06	
      7109.146	     6.29340e+06	
      7160.612	     6.22736e+06	
      7212.078	     6.16145e+06	
      7263.544	     6.09570e+06	
      7315.011	     6.03016e+06	
      7339.439	     5.99915e+06	
      7366.477	     5.96573e+06	
      7393.514	     5.93148e+06	
      7447.590	     5.86385e+06	
      7501.665	     5.79658e+06	
      7555.740	     5.72970e+06	
      7609.816	     5.66322e+06	
      7649.901	     5.61421e+06	
      7663.891	     5.59719e+06	
      7677.881	     5.58016e+06	
      7705.862	     5.54651e+06	
      7761.822	     5.47957e+06	
      7817.783	     5.41312e+06	
      7873.744	     5.34718e+06	
      7897.162	     5.31975e+06	
      7929.705	     5.28177e+06	
      7962.248	     5.24398e+06	
      7972.119	     5.23264e+06	
      8027.334	     5.16940e+06	
      8082.550	     5.10672e+06	
      8137.765	     5.04480e+06	
      8183.110	     4.99435e+06	
      8192.980	     4.98341e+06	
      8200.850	     4.97471e+06	
      8202.850	     4.97248e+06	
      8204.849	     4.97028e+06	
      8208.848	     4.96588e+06	
      8216.846	     4.95712e+06	
      8232.842	     4.93956e+06	
      8264.833	     4.90465e+06	
      8289.715	     4.87761e+06	
      8328.816	     4.83535e+06	
      8343.441	     4.81961e+06	
      8367.916	     4.79338e+06	
      8371.465	     4.78961e+06	
      8388.684	     4.77133e+06	
      8392.391	     4.76737e+06	
      8408.650	     4.75018e+06	
      8413.318	     4.74525e+06	
      8432.024	     4.72552e+06	
      8437.951	     4.71927e+06	
      8467.252	     4.68854e+06	
      8473.978	     4.68151e+06	
      8502.481	     4.65179e+06	
      8516.584	     4.63715e+06	
      8530.983	     4.62226e+06	
      8545.382	     4.60746e+06	
      8549.972	     4.60278e+06	
      8574.180	     4.57802e+06	
      8598.388	     4.55342e+06	
      8628.597	     4.52283e+06	
      8646.805	     4.50448e+06	
      8652.391	     4.49889e+06	
      8665.013	     4.48619e+06	
      8685.587	     4.46562e+06	
      8701.429	     4.44981e+06	
      8750.468	     4.40125e+06	
      8767.917	     4.38406e+06	
      8815.350	     4.33766e+06	
      8862.782	     4.29204e+06	
      8900.383	     4.25617e+06	
      8957.646	     4.20207e+06	
      9014.908	     4.14857e+06	
      9044.624	     4.12108e+06	
      9072.171	     4.09569e+06	
      9099.717	     4.07047e+06	
      9154.810	     4.02086e+06	
      9190.798	     3.98875e+06	
      9209.903	     3.97182e+06	
      9229.009	     3.95489e+06	
      9267.221	     3.92134e+06	
      9303.204	     3.88998e+06	
      9343.644	     3.85499e+06	
      9384.084	     3.82030e+06	
      9464.964	     3.75238e+06	
      9545.723	     3.68565e+06	
      9545.844	     3.68553e+06	
      9545.965	     3.68543e+06	
      9546.207	     3.68525e+06	
      9546.691	     3.68487e+06	
      9546.866	     3.68471e+06	
      9547.658	     3.68408e+06	
      9549.594	     3.68251e+06	
      9553.465	     3.67934e+06	
      9561.207	     3.67302e+06	
      9576.691	     3.66043e+06	
      9607.658	     3.63533e+06	
      9668.451	     3.58651e+06	
      9729.243	     3.53875e+06	
      9790.036	     3.49160e+06	
      9850.828	     3.44507e+06	
      9870.422	     3.43018e+06	
      9911.620	     3.39914e+06	
      9952.819	     3.36835e+06	
     10021.070	     3.31834e+06	
     10035.217	     3.30803e+06	
     10049.364	     3.29770e+06	
     10077.658	     3.27747e+06	
     10134.247	     3.23713e+06	
     10144.484	     3.22990e+06	
     10190.835	     3.19729e+06	
     10237.187	     3.16500e+06	
     10329.890	     3.10272e+06	
     10422.592	     3.04166e+06	
     10515.295	     2.98179e+06	
     10607.998	     2.92313e+06	
     10700.701	     2.86564e+06	
     10793.403	     2.80928e+06	
     10834.127	     2.78486e+06	
     10886.106	     2.75392e+06	
     10938.085	     2.72302e+06	
     10990.064	     2.69342e+06	
     11042.043	     2.66384e+06	
     11094.022	     2.63452e+06	
     11146.000	     2.60551e+06	
     11197.979	     2.57683e+06	
     11239.008	     2.55443e+06	
     11249.958	     2.54848e+06	
     11260.908	     2.54255e+06	
     11282.808	     2.53114e+06	
     11326.608	     2.50849e+06	
     11414.209	     2.46381e+06	
     11501.809	     2.41998e+06	
     11589.411	     2.37695e+06	
     11677.011	     2.33473e+06	
     11764.612	     2.29331e+06	
     11852.212	     2.25267e+06	
     11939.813	     2.21281e+06	
     12027.413	     2.17368e+06	
     12115.014	     2.13532e+06	
     12120.600	     2.13290e+06	
     12202.614	     2.09769e+06	
     12284.629	     2.06311e+06	
     12366.644	     2.03052e+06	
     12448.658	     1.99847e+06	
     12530.673	     1.96691e+06	
     12612.688	     1.93581e+06	
     12694.701	     1.90498e+06	
     12735.367	     1.88965e+06	
     12776.716	     1.87387e+06	
     12818.066	     1.85770e+06	
     12900.764	     1.83034e+06	
     12983.464	     1.80213e+06	
     13066.162	     1.77397e+06	
     13148.861	     1.74617e+06	
     13154.771	     1.74420e+06	
     13231.560	     1.71880e+06	
     13308.350	     1.69379e+06	
     13385.140	     1.67037e+06	
     13461.929	     1.64728e+06	
     13538.719	     1.62453e+06	
     13615.509	     1.60211e+06	
     13692.299	     1.58005e+06	
     13769.088	     1.55827e+06	
     13845.878	     1.53682e+06	
     13922.668	     1.51568e+06	
     13999.458	     1.49486e+06	
     14076.247	     1.47435e+06	
     14153.038	     1.45415e+06	
     14229.828	     1.43425e+06	
     14281.164	     1.42111e+06	
     14306.618	     1.41465e+06	
     14332.071	     1.40821e+06	
     14382.978	     1.39581e+06	
     14410.128	     1.38924e+06	
     14427.096	     1.38515e+06	
     14433.884	     1.38352e+06	
     14457.640	     1.37782e+06	
     14505.152	     1.36657e+06	
     14581.211	     1.34877e+06	
     14583.210	     1.34830e+06	
     14585.210	     1.34784e+06	
     14589.208	     1.34693e+06	
     14597.206	     1.34511e+06	
     14613.202	     1.34149e+06	
     14645.193	     1.33427e+06	
     14709.176	     1.31996e+06	
     14773.158	     1.30579e+06	
     14837.141	     1.29179e+06	
     14901.123	     1.27793e+06	
     14965.106	     1.26423e+06	
     15029.088	     1.25068e+06	
     15093.071	     1.23728e+06	
     15157.054	     1.22404e+06	
     15221.036	     1.21094e+06	
     15285.019	     1.19800e+06	
     15349.001	     1.18519e+06	
     15412.984	     1.17253e+06	
     15471.572	     1.16106e+06	
     15476.966	     1.16001e+06	
     15482.361	     1.15896e+06	
     15493.150	     1.15680e+06	
     15514.728	     1.15248e+06	
     15557.884	     1.14389e+06	
     15644.197	     1.12693e+06	
     15730.509	     1.11025e+06	
     15816.821	     1.09383e+06	
     15903.134	     1.07768e+06	
     15989.446	     1.06180e+06	
     16075.759	     1.04617e+06	
     16162.071	     1.03081e+06	
     16248.384	     1.01569e+06	
     16289.880	     1.00851e+06	
     16334.696	     1.00082e+06	
     16379.512	     9.93199e+05	
     16469.143	     9.75820e+05	
     16558.775	     9.58811e+05	
     16648.406	     9.42167e+05	
     16738.038	     9.25871e+05	
     16827.669	     9.09921e+05	
     16917.301	     8.94305e+05	
     17006.933	     8.79018e+05	
     17096.564	     8.64048e+05	
     17186.196	     8.49389e+05	
     17275.827	     8.35032e+05	
     17327.685	     8.26864e+05	
     17365.459	     8.20974e+05	
     17403.232	     8.15136e+05	
     17478.780	     8.03604e+05	
     17554.327	     7.92272e+05	
     17629.874	     7.81132e+05	
     17705.422	     7.70187e+05	
     17780.969	     7.59430e+05	
     17856.517	     7.48855e+05	
     17932.064	     7.38460e+05	
     18007.611	     7.27568e+05	
     18083.159	     7.17395e+05	
     18158.706	     7.07348e+05	
     18234.253	     6.97399e+05	
     18309.801	     6.87509e+05	
     18343.743	     6.83070e+05	
     18385.348	     6.77610e+05	
     18426.953	     6.72112e+05	
     18510.162	     6.60843e+05	
     18593.371	     6.48773e+05	
     18602.053	     6.47438e+05	
     18676.581	     6.35117e+05	
     18713.844	     6.28557e+05	
     18732.476	     6.25453e+05	
     18751.108	     6.22064e+05	
     18769.740	     6.21350e+05	
     18788.372	     6.20336e+05	
     18807.004	     6.19462e+05	
     18825.636	     6.18583e+05	
     18862.900	     6.16553e+05	
     18937.427	     6.11228e+05	
     19011.955	     6.04769e+05	
     19086.483	     5.97760e+05	
     19161.010	     5.90516e+05	
     19235.538	     5.83193e+05	
     19310.066	     5.75876e+05	
     19318.513	     5.75050e+05	
     19384.593	     5.68603e+05	
     19450.673	     5.62216e+05	
     19516.753	     5.55895e+05	
     19582.833	     5.49977e+05	
     19648.913	     5.43750e+05	
     19714.993	     5.37608e+05	
     19781.073	     5.31554e+05	
     19847.153	     5.25582e+05	
     19913.233	     5.19695e+05	
     19979.313	     5.13886e+05	
     20045.393	     5.08159e+05	
     20111.473	     5.02507e+05	
     20177.553	     4.96937e+05	
     20243.632	     4.91439e+05	
     20309.712	     4.86017e+05	
     20375.792	     4.80670e+05	
     20409.351	     4.77981e+05	
     20441.872	     4.75395e+05	
     20474.393	     4.72825e+05	
     20539.436	     4.67736e+05	
     20604.478	     4.62716e+05	
     20669.520	     4.57761e+05	
     20734.561	     4.52873e+05	
     20799.604	     4.48048e+05	
     20864.646	     4.43285e+05	
     20929.688	     4.38588e+05	
     20994.730	     4.33948e+05	
     21059.773	     4.29371e+05	
     21124.814	     4.24853e+05	
     21189.856	     4.20392e+05	
     21254.898	     4.15991e+05	
     21319.940	     4.11646e+05	
     21384.983	     4.07358e+05	
     21450.025	     4.03123e+05	
     21515.066	     3.98941e+05	
     21529.600	     3.98015e+05	
     21580.108	     3.94817e+05	
     21630.617	     3.91647e+05	
     21681.125	     3.88511e+05	
     21731.633	     3.85407e+05	
     21782.140	     3.82332e+05	
     21832.648	     3.79288e+05	
     21883.157	     3.76275e+05	
     21933.665	     3.73287e+05	
     21984.172	     3.70334e+05	
     22034.680	     3.67406e+05	
     22085.188	     3.64506e+05	
     22135.697	     3.61638e+05	
     22186.205	     3.58795e+05	
     22236.712	     3.55980e+05	
     22287.220	     3.53194e+05	
     22337.728	     3.50432e+05	
     22388.237	     3.47699e+05	
     22438.744	     3.44991e+05	
     22489.252	     3.42308e+05	
     22539.760	     3.39653e+05	
     22590.268	     3.37024e+05	
     22640.777	     3.34416e+05	
     22691.284	     3.31837e+05	
     22696.746	     3.31557e+05	
     22741.792	     3.29280e+05	
     22784.838	     3.27121e+05	
     22786.838	     3.27021e+05	
     22788.837	     3.26920e+05	
     22792.836	     3.26722e+05	
     22800.834	     3.26324e+05	
     22816.829	     3.25529e+05	
     22848.821	     3.23945e+05	
     22912.803	     3.20807e+05	
     22976.786	     3.17706e+05	
     23040.768	     3.14643e+05	
     23104.751	     3.11616e+05	
     23168.733	     3.08625e+05	
     23232.716	     3.05669e+05	
     23296.698	     3.02749e+05	
     23360.681	     2.99863e+05	
     23424.663	     2.97010e+05	
     23488.646	     2.94191e+05	
     23552.628	     2.91406e+05	
     23616.611	     2.88652e+05	
     23680.593	     2.85931e+05	
     23744.576	     2.83242e+05	
     23808.558	     2.80583e+05	
     23872.541	     2.77956e+05	
     23936.523	     2.75359e+05	
     24000.506	     2.72791e+05	
     24064.488	     2.70254e+05	
     24128.471	     2.67745e+05	
     24192.453	     2.65266e+05	
     24256.436	     2.62814e+05	
     24320.419	     2.60391e+05	
     24384.401	     2.57995e+05	
     24448.384	     2.55626e+05	
     24512.366	     2.53285e+05	
     24576.349	     2.50970e+05	
     24640.331	     2.48681e+05	
     24704.314	     2.46417e+05	
     24768.296	     2.44180e+05	
     24832.279	     2.41967e+05	
     24896.261	     2.39779e+05	
     24960.244	     2.37615e+05	
     25004.437	     2.36135e+05	
     25024.226	     2.35476e+05	
     25044.016	     2.34819e+05	
     25083.595	     2.33513e+05	
     25162.753	     2.30927e+05	
     25241.912	     2.28377e+05	
     25321.070	     2.25862e+05	
     25400.228	     2.23380e+05	
     25479.387	     2.20933e+05	
     25558.545	     2.18519e+05	
     25637.703	     2.16137e+05	
     25716.862	     2.13787e+05	
     25796.020	     2.11469e+05	
     25875.179	     2.09182e+05	
     25954.337	     2.06925e+05	
     26033.495	     2.04699e+05	
     26112.654	     2.02502e+05	
     26191.812	     2.00334e+05	
     26270.970	     1.98195e+05	
     26350.129	     1.96084e+05	
     26429.287	     1.94001e+05	
     26508.445	     1.91946e+05	
     26587.604	     1.89917e+05	
     26666.762	     1.87915e+05	
     26745.921	     1.85939e+05	
     26825.079	     1.83988e+05	
     26904.237	     1.82063e+05	
     26983.396	     1.80163e+05	
     27062.554	     1.78288e+05	
     27141.712	     1.76436e+05	
     27142.547	     1.76416e+05	
     27220.871	     1.74608e+05	
     27299.194	     1.72823e+05	
     27377.518	     1.71060e+05	
     27455.842	     1.69320e+05	
     27534.165	     1.67602e+05	
     27612.489	     1.65905e+05	
     27690.812	     1.64230e+05	
     27769.136	     1.62576e+05	
     27847.459	     1.60942e+05	
     27925.783	     1.59328e+05	
     28004.107	     1.57735e+05	
     28082.430	     1.56161e+05	
     28160.754	     1.54607e+05	
     28239.077	     1.53071e+05	
     28317.401	     1.51555e+05	
     28395.725	     1.50057e+05	
     28474.048	     1.48578e+05	
     28552.372	     1.47116e+05	
     28630.695	     1.45673e+05	
     28709.019	     1.44247e+05	
     28787.343	     1.42838e+05	
     28865.666	     1.41446e+05	
     28943.990	     1.40071e+05	
     29022.313	     1.38713e+05	
     29100.637	     1.37371e+05	
     29178.961	     1.36044e+05	
     29257.284	     1.34734e+05	
     29335.608	     1.33440e+05	
     29413.931	     1.32161e+05	
     29492.255	     1.30897e+05	
     29570.578	     1.29648e+05	
     29648.902	     1.28414e+05	
     29727.226	     1.27194e+05	
     29805.549	     1.25989e+05	
     29883.873	     1.24797e+05	
     29932.600	     1.24063e+05	
     29962.196	     1.23620e+05	
     29991.792	     1.23179e+05	
#time:0.045130
