# Koester WD models
# teff = 5250 K (value for the effective temperature for the model. Temperatures are given in K)
# logg = 9.25 log(cm/s2) (value for Log(G) for the model.)
#
#   WAVELENGTH	#           FLUX	
#   (ANGSTROM)	#  (ERG/CM2/S/A)	
##############	################	
       899.230	     6.03896e-04	
       899.493	     6.09544e-04	
       900.019	     6.20995e-04	
       901.073	     6.44498e-04	
       902.121	     6.68726e-04	
       902.125	     6.68826e-04	
       903.178	     6.94009e-04	
       904.235	     7.20185e-04	
       905.292	     7.47278e-04	
       906.350	     7.75317e-04	
       907.407	     8.04333e-04	
       907.687	     8.12202e-04	
       908.450	     8.33948e-04	
       908.464	     8.34360e-04	
       909.241	     8.57080e-04	
       910.032	     8.80805e-04	
       911.193	     9.16754e-04	
       911.613	     9.30103e-04	
       912.034	     9.43634e-04	
       912.465	     9.57711e-04	
       912.875	     9.71249e-04	
       913.037	     9.76658e-04	
       913.241	     9.83513e-04	
       913.284	     9.84965e-04	
       913.478	     9.91531e-04	
       913.531	     9.93334e-04	
       913.755	     1.00095e-03	
       913.822	     1.00325e-03	
       914.080	     1.01214e-03	
       914.165	     1.01509e-03	
       914.499	     1.02674e-03	
       914.575	     1.02941e-03	
       915.071	     1.04696e-03	
       915.540	     1.06384e-03	
       915.609	     1.06631e-03	
       915.643	     1.06754e-03	
       915.677	     1.06878e-03	
       915.741	     1.07112e-03	
       915.813	     1.07375e-03	
       916.085	     1.08374e-03	
       916.429	     1.09650e-03	
       916.858	     1.11257e-03	
       917.118	     1.12244e-03	
       917.196	     1.12542e-03	
       917.378	     1.13239e-03	
       917.899	     1.15254e-03	
       917.952	     1.15462e-03	
       918.287	     1.16780e-03	
       918.602	     1.18028e-03	
       919.251	     1.20647e-03	
       920.215	     1.24633e-03	
       921.882	     1.31814e-03	
       921.999	     1.32333e-03	
       922.143	     1.32975e-03	
       922.405	     1.34144e-03	
       922.810	     1.35978e-03	
       923.621	     1.39716e-03	
       925.001	     1.46300e-03	
       925.242	     1.47480e-03	
       925.484	     1.48669e-03	
       925.564	     1.49065e-03	
       925.966	     1.51073e-03	
       926.164	     1.52071e-03	
       926.369	     1.53104e-03	
       927.173	     1.57241e-03	
       927.276	     1.57772e-03	
       928.182	     1.62571e-03	
       928.917	     1.66567e-03	
       928.980	     1.66915e-03	
       929.089	     1.67519e-03	
       929.261	     1.68480e-03	
       929.317	     1.68788e-03	
       929.543	     1.70055e-03	
       929.655	     1.70685e-03	
       929.769	     1.71327e-03	
       929.827	     1.71655e-03	
       929.883	     1.71972e-03	
       929.910	     1.72126e-03	
       929.939	     1.72290e-03	
       929.954	     1.72375e-03	
       929.968	     1.72455e-03	
       929.982	     1.72534e-03	
       929.996	     1.72614e-03	
       930.010	     1.72694e-03	
       930.024	     1.72773e-03	
       930.038	     1.72853e-03	
       930.052	     1.72933e-03	
       930.081	     1.73098e-03	
       930.137	     1.73418e-03	
       930.201	     1.73784e-03	
       930.247	     1.74047e-03	
       930.249	     1.74059e-03	
       930.251	     1.74070e-03	
       930.301	     1.74357e-03	
       930.326	     1.74495e-03	
       930.329	     1.74512e-03	
       930.402	     1.74932e-03	
       930.478	     1.75370e-03	
       930.630	     1.76246e-03	
       930.931	     1.77967e-03	
       931.229	     1.79679e-03	
       931.490	     1.81182e-03	
       931.534	     1.81435e-03	
       931.838	     1.83208e-03	
       932.447	     1.86821e-03	
       933.265	     1.91779e-03	
       933.403	     1.92631e-03	
       933.432	     1.92802e-03	
       933.542	     1.93477e-03	
       933.652	     1.94155e-03	
       933.872	     1.95523e-03	
       933.973	     1.96156e-03	
       934.073	     1.96785e-03	
       934.312	     1.98303e-03	
       934.316	     1.98329e-03	
       934.652	     2.00491e-03	
       935.230	     2.04346e-03	
       935.688	     2.07562e-03	
       936.144	     2.10907e-03	
       936.372	     2.12571e-03	
       936.601	     2.14183e-03	
       936.714	     2.14970e-03	
       936.829	     2.15774e-03	
       936.887	     2.16180e-03	
       936.944	     2.16580e-03	
       936.973	     2.16784e-03	
       937.001	     2.16981e-03	
       937.015	     2.17079e-03	
       937.029	     2.17178e-03	
       937.043	     2.17277e-03	
       937.058	     2.17382e-03	
       937.072	     2.17481e-03	
       937.086	     2.17580e-03	
       937.101	     2.17686e-03	
       937.115	     2.17784e-03	
       937.143	     2.17982e-03	
       937.200	     2.18385e-03	
       937.314	     2.19193e-03	
       937.493	     2.20468e-03	
       937.542	     2.20817e-03	
       937.593	     2.21179e-03	
       937.694	     2.21884e-03	
       937.788	     2.22527e-03	
       937.894	     2.23236e-03	
       938.000	     2.23909e-03	
       938.212	     2.25242e-03	
       938.359	     2.26125e-03	
       938.556	     2.27371e-03	
       938.636	     2.27850e-03	
       938.914	     2.29597e-03	
       939.231	     2.31595e-03	
       939.271	     2.31859e-03	
       939.986	     2.36639e-03	
       940.740	     2.41861e-03	
       941.452	     2.46898e-03	
       942.250	     2.52689e-03	
       943.048	     2.58755e-03	
       943.978	     2.65347e-03	
       944.643	     2.71071e-03	
       944.786	     2.72374e-03	
       945.308	     2.77208e-03	
       945.379	     2.77884e-03	
       945.972	     2.83800e-03	
       946.233	     2.86587e-03	
       946.565	     2.90313e-03	
       947.158	     2.97363e-03	
       947.621	     3.03294e-03	
       948.083	     3.08996e-03	
       948.314	     3.11516e-03	
       948.546	     3.13837e-03	
       948.661	     3.14979e-03	
       948.777	     3.16135e-03	
       948.835	     3.16713e-03	
       948.893	     3.17295e-03	
       948.922	     3.17584e-03	
       948.951	     3.17876e-03	
       948.966	     3.18023e-03	
       948.980	     3.18165e-03	
       948.994	     3.18306e-03	
       949.009	     3.18457e-03	
       949.023	     3.18598e-03	
       949.037	     3.18737e-03	
       949.052	     3.18887e-03	
       949.066	     3.19029e-03	
       949.095	     3.19321e-03	
       949.153	     3.19905e-03	
       949.230	     3.20684e-03	
       949.258	     3.20967e-03	
       949.269	     3.21077e-03	
       949.280	     3.21190e-03	
       949.330	     3.21696e-03	
       949.360	     3.22001e-03	
       949.430	     3.22711e-03	
       949.500	     3.23424e-03	
       949.640	     3.24847e-03	
       949.795	     3.26355e-03	
       949.879	     3.27134e-03	
       949.921	     3.27492e-03	
       949.963	     3.27850e-03	
       950.047	     3.28557e-03	
       950.131	     3.29217e-03	
       950.467	     3.31586e-03	
       950.888	     3.34388e-03	
       951.728	     3.40875e-03	
       952.400	     3.47165e-03	
       952.569	     3.48952e-03	
       952.738	     3.50768e-03	
       953.076	     3.54328e-03	
       953.753	     3.62113e-03	
       954.198	     3.67409e-03	
       955.106	     3.78600e-03	
       956.014	     3.90447e-03	
       956.922	     4.02953e-03	
       958.186	     4.20970e-03	
       958.737	     4.28981e-03	
       959.289	     4.37187e-03	
       960.278	     4.52763e-03	
       960.354	     4.53948e-03	
       960.392	     4.54541e-03	
       960.430	     4.55135e-03	
       960.582	     4.57743e-03	
       960.886	     4.62801e-03	
       961.192	     4.67796e-03	
       961.495	     4.72590e-03	
       962.712	     4.91816e-03	
       964.231	     5.16412e-03	
       965.750	     5.41931e-03	
       966.507	     5.55082e-03	
       966.767	     5.59659e-03	
       967.269	     5.68521e-03	
       968.032	     5.82184e-03	
       968.668	     5.93755e-03	
       968.979	     5.99466e-03	
       969.297	     6.05341e-03	
       969.927	     6.16987e-03	
       970.401	     6.25548e-03	
       970.638	     6.29547e-03	
       970.874	     6.32858e-03	
       970.992	     6.34319e-03	
       971.110	     6.35428e-03	
       971.230	     6.35544e-03	
       971.348	     6.33691e-03	
       971.466	     6.29930e-03	
       971.535	     6.27631e-03	
       971.567	     6.26883e-03	
       971.584	     6.26877e-03	
       971.635	     6.27957e-03	
       971.644	     6.28482e-03	
       971.703	     6.34592e-03	
       971.732	     6.38079e-03	
       971.762	     6.40423e-03	
       971.778	     6.40923e-03	
       971.792	     6.41202e-03	
       971.806	     6.41472e-03	
       971.821	     6.41761e-03	
       971.827	     6.41875e-03	
       971.833	     6.41991e-03	
       971.836	     6.42050e-03	
       971.839	     6.42107e-03	
       971.851	     6.42336e-03	
       971.866	     6.42625e-03	
       971.880	     6.42896e-03	
       971.910	     6.43373e-03	
       971.969	     6.40247e-03	
       972.037	     6.35783e-03	
       972.087	     6.36173e-03	
       972.137	     6.38771e-03	
       972.150	     6.39766e-03	
       972.237	     6.46169e-03	
       972.324	     6.52358e-03	
       972.499	     6.61230e-03	
       972.548	     6.62841e-03	
       972.673	     6.66461e-03	
       972.798	     6.69678e-03	
       973.048	     6.75659e-03	
       973.351	     6.82222e-03	
       973.548	     6.86403e-03	
       973.746	     6.90563e-03	
       974.140	     6.98835e-03	
       974.217	     7.00453e-03	
       974.821	     7.13295e-03	
       974.928	     7.15583e-03	
       975.640	     7.30898e-03	
       977.063	     7.62084e-03	
       979.305	     8.13352e-03	
       981.547	     8.67155e-03	
       983.653	     9.20562e-03	
       983.788	     9.24087e-03	
       983.923	     9.27621e-03	
       984.194	     9.34539e-03	
       984.734	     9.48500e-03	
       985.011	     9.55745e-03	
       985.815	     9.77057e-03	
       986.618	     9.98876e-03	
       987.139	     1.01112e-02	
       988.225	     1.04056e-02	
       989.312	     1.07222e-02	
       990.399	     1.10551e-02	
       991.266	     1.13279e-02	
       992.573	     1.17522e-02	
       993.880	     1.21914e-02	
       994.540	     1.24198e-02	
       995.186	     1.26472e-02	
       996.493	     1.31192e-02	
       997.574	     1.35222e-02	
       997.806	     1.36103e-02	
       998.447	     1.38561e-02	
       999.319	     1.41978e-02	
       999.435	     1.42438e-02	
      1001.064	     1.49039e-02	
      1002.694	     1.55929e-02	
      1004.323	     1.63120e-02	
      1005.836	     1.70046e-02	
      1005.952	     1.70591e-02	
      1007.581	     1.78421e-02	
      1009.326	     1.87192e-02	
      1011.071	     1.96394e-02	
      1011.303	     1.97650e-02	
      1012.816	     2.06023e-02	
      1014.329	     2.14729e-02	
      1015.378	     2.20968e-02	
      1015.842	     2.23785e-02	
      1017.355	     2.33204e-02	
      1017.620	     2.34887e-02	
      1019.332	     2.46073e-02	
      1021.044	     2.57835e-02	
      1022.470	     2.68404e-02	
      1022.756	     2.70736e-02	
      1023.043	     2.73215e-02	
      1023.189	     2.74548e-02	
      1023.542	     2.77954e-02	
      1023.615	     2.78680e-02	
      1023.791	     2.80449e-02	
      1024.041	     2.82989e-02	
      1024.166	     2.84120e-02	
      1024.291	     2.85172e-02	
      1024.415	     2.85569e-02	
      1024.540	     2.84993e-02	
      1024.666	     2.83360e-02	
      1024.741	     2.82459e-02	
      1024.767	     2.82327e-02	
      1024.790	     2.82265e-02	
      1024.841	     2.82912e-02	
      1024.852	     2.83217e-02	
      1024.915	     2.85783e-02	
      1024.947	     2.87241e-02	
      1024.978	     2.88155e-02	
      1024.993	     2.88354e-02	
      1025.009	     2.88489e-02	
      1025.025	     2.88612e-02	
      1025.040	     2.88728e-02	
      1025.056	     2.88851e-02	
      1025.072	     2.88974e-02	
      1025.087	     2.89090e-02	
      1025.103	     2.89213e-02	
      1025.134	     2.89448e-02	
      1025.196	     2.88794e-02	
      1025.271	     2.86646e-02	
      1025.320	     2.86217e-02	
      1025.371	     2.86957e-02	
      1025.471	     2.89627e-02	
      1025.521	     2.91152e-02	
      1025.571	     2.92606e-02	
      1025.621	     2.93804e-02	
      1025.721	     2.95745e-02	
      1025.772	     2.96529e-02	
      1025.921	     2.97793e-02	
      1026.070	     2.98785e-02	
      1026.369	     3.00342e-02	
      1026.861	     3.03026e-02	
      1026.965	     3.03644e-02	
      1027.069	     3.04279e-02	
      1027.277	     3.05612e-02	
      1027.693	     3.08526e-02	
      1027.985	     3.10714e-02	
      1028.526	     3.14964e-02	
      1028.796	     3.17144e-02	
      1029.067	     3.19362e-02	
      1029.338	     3.21608e-02	
      1029.881	     3.26170e-02	
      1030.965	     3.35535e-02	
      1033.082	     3.54676e-02	
      1033.135	     3.55157e-02	
      1033.187	     3.55644e-02	
      1033.230	     3.56043e-02	
      1033.291	     3.56615e-02	
      1033.499	     3.58563e-02	
      1033.915	     3.62493e-02	
      1034.747	     3.70475e-02	
      1036.265	     3.85448e-02	
      1037.783	     4.00987e-02	
      1039.172	     4.15714e-02	
      1039.258	     4.16644e-02	
      1039.301	     4.17109e-02	
      1039.344	     4.17574e-02	
      1039.504	     4.19318e-02	
      1039.516	     4.19450e-02	
      1039.860	     4.23223e-02	
      1040.549	     4.30866e-02	
      1041.925	     4.46540e-02	
      1044.347	     4.75392e-02	
      1046.768	     5.05957e-02	
      1049.029	     5.36135e-02	
      1049.189	     5.38334e-02	
      1049.349	     5.40539e-02	
      1049.670	     5.44960e-02	
      1050.310	     5.53900e-02	
      1051.591	     5.72188e-02	
      1053.952	     6.07374e-02	
      1054.152	     6.10446e-02	
      1054.352	     6.13531e-02	
      1054.752	     6.19748e-02	
      1054.952	     6.22877e-02	
      1055.553	     6.32352e-02	
      1057.153	     6.58274e-02	
      1059.355	     6.95508e-02	
      1061.556	     7.34841e-02	
      1063.156	     7.64720e-02	
      1063.757	     7.76209e-02	
      1064.357	     7.87858e-02	
      1065.558	     8.11630e-02	
      1066.558	     8.31938e-02	
      1067.959	     8.61155e-02	
      1069.359	     8.91308e-02	
      1069.960	     9.04452e-02	
      1072.161	     9.54180e-02	
      1074.362	     1.00640e-01	
      1076.563	     1.06123e-01	
      1078.163	     1.10281e-01	
      1078.687	     1.11674e-01	
      1078.764	     1.11879e-01	
      1078.980	     1.12459e-01	
      1079.364	     1.13498e-01	
      1080.565	     1.16818e-01	
      1080.712	     1.17229e-01	
      1082.442	     1.22190e-01	
      1084.173	     1.27343e-01	
      1085.905	     1.32694e-01	
      1087.637	     1.38253e-01	
      1089.318	     1.43858e-01	
      1089.367	     1.44024e-01	
      1089.418	     1.44197e-01	
      1089.518	     1.44536e-01	
      1089.718	     1.45215e-01	
      1090.119	     1.46584e-01	
      1090.669	     1.48484e-01	
      1090.919	     1.49356e-01	
      1092.520	     1.55044e-01	
      1094.370	     1.61864e-01	
      1096.221	     1.68958e-01	
      1096.771	     1.71121e-01	
      1098.072	     1.76334e-01	
      1099.372	     1.81692e-01	
      1099.573	     1.82534e-01	
      1101.974	     1.92905e-01	
      1104.374	     2.03799e-01	
      1106.775	     2.15252e-01	
      1108.976	     2.26263e-01	
      1109.176	     2.27289e-01	
      1109.376	     2.28319e-01	
      1109.777	     2.30376e-01	
      1109.977	     2.31410e-01	
      1110.577	     2.34538e-01	
      1112.177	     2.43071e-01	
      1114.378	     2.55265e-01	
      1116.579	     2.68014e-01	
      1118.180	     2.77647e-01	
      1118.684	     2.80747e-01	
      1118.780	     2.81340e-01	
      1119.380	     2.85078e-01	
      1120.076	     2.89471e-01	
      1121.469	     2.98441e-01	
      1123.778	     3.13874e-01	
      1124.254	     3.17159e-01	
      1124.730	     3.20486e-01	
      1125.682	     3.27235e-01	
      1125.790	     3.28011e-01	
      1127.075	     3.37338e-01	
      1127.587	     3.41124e-01	
      1127.845	     3.43046e-01	
      1129.384	     3.54714e-01	
      1129.769	     3.57692e-01	
      1131.692	     3.72901e-01	
      1133.616	     3.88700e-01	
      1135.540	     4.05115e-01	
      1137.463	     4.22167e-01	
      1139.387	     4.39889e-01	
      1141.310	     4.58296e-01	
      1142.080	     4.65854e-01	
      1143.234	     4.77409e-01	
      1144.004	     4.85269e-01	
      1144.388	     4.89234e-01	
      1146.697	     5.13704e-01	
      1149.390	     5.43593e-01	
      1149.774	     5.47991e-01	
      1152.083	     5.75113e-01	
      1154.007	     5.98659e-01	
      1154.391	     6.03453e-01	
      1156.700	     6.32946e-01	
      1156.892	     6.35437e-01	
      1159.393	     6.68324e-01	
      1161.893	     7.02177e-01	
      1164.394	     7.36911e-01	
      1169.395	     8.07405e-01	
      1171.896	     8.43100e-01	
      1174.397	     8.81920e-01	
      1176.897	     9.24907e-01	
      1177.860	     9.42588e-01	
      1179.398	     9.72354e-01	
      1180.936	     1.00352e+00	
      1182.858	     1.04382e+00	
      1184.013	     1.06836e+00	
      1185.168	     1.09339e+00	
      1185.558	     1.10190e+00	
      1187.479	     1.14481e+00	
      1189.400	     1.18873e+00	
      1192.085	     1.25268e+00	
      1193.243	     1.28137e+00	
      1194.034	     1.30131e+00	
      1194.402	     1.31063e+00	
      1196.718	     1.37048e+00	
      1196.902	     1.37532e+00	
      1199.403	     1.44269e+00	
      1201.903	     1.51370e+00	
      1204.404	     1.58902e+00	
      1206.904	     1.66757e+00	
      1208.485	     1.71854e+00	
      1209.405	     1.74860e+00	
      1210.325	     1.77892e+00	
      1211.639	     1.82277e+00	
      1212.165	     1.84056e+00	
      1212.691	     1.85850e+00	
      1213.613	     1.89029e+00	
      1213.744	     1.89486e+00	
      1213.807	     1.89705e+00	
      1213.875	     1.89943e+00	
      1214.137	     1.90860e+00	
      1214.171	     1.90979e+00	
      1214.467	     1.92021e+00	
      1214.615	     1.92544e+00	
      1214.763	     1.93068e+00	
      1214.837	     1.93330e+00	
      1214.911	     1.93593e+00	
      1214.948	     1.93725e+00	
      1214.985	     1.93856e+00	
      1215.004	     1.93924e+00	
      1215.022	     1.93988e+00	
      1215.040	     1.94052e+00	
      1215.059	     1.94120e+00	
      1215.077	     1.94184e+00	
      1215.095	     1.94248e+00	
      1215.114	     1.94316e+00	
      1215.132	     1.94380e+00	
      1215.169	     1.94512e+00	
      1215.243	     1.94777e+00	
      1215.391	     1.95306e+00	
      1215.637	     1.96189e+00	
      1215.687	     1.96369e+00	
      1215.737	     1.96549e+00	
      1215.795	     1.96758e+00	
      1215.837	     1.96910e+00	
      1216.037	     1.97633e+00	
      1216.064	     1.97730e+00	
      1216.279	     1.98511e+00	
      1216.763	     2.00277e+00	
      1217.462	     2.02853e+00	
      1218.315	     2.06033e+00	
      1218.861	     2.08094e+00	
      1218.985	     2.08564e+00	
      1219.407	     2.10170e+00	
      1219.829	     2.11775e+00	
      1220.104	     2.12821e+00	
      1220.673	     2.14979e+00	
      1222.361	     2.21262e+00	
      1224.619	     2.29707e+00	
      1226.876	     2.38551e+00	
      1228.858	     2.46644e+00	
      1229.134	     2.47814e+00	
      1229.409	     2.48990e+00	
      1229.740	     2.50427e+00	
      1229.959	     2.51384e+00	
      1230.178	     2.52345e+00	
      1230.616	     2.54284e+00	
      1231.492	     2.58160e+00	
      1231.694	     2.59066e+00	
      1233.244	     2.66145e+00	
      1234.794	     2.73439e+00	
      1236.380	     2.81123e+00	
      1237.895	     2.88664e+00	
      1239.410	     2.96340e+00	
      1240.470	     3.01828e+00	
      1242.441	     3.12324e+00	
      1244.411	     3.23166e+00	
      1247.291	     3.39719e+00	
      1248.352	     3.45999e+00	
      1248.652	     3.47796e+00	
      1249.412	     3.52389e+00	
      1251.532	     3.65493e+00	
      1251.912	     3.67887e+00	
      1254.413	     3.83987e+00	
      1256.913	     4.00698e+00	
      1259.413	     4.18055e+00	
      1261.914	     4.36147e+00	
      1264.414	     4.54865e+00	
      1266.914	     4.74531e+00	
      1269.415	     4.95159e+00	
      1271.915	     5.16701e+00	
      1274.415	     5.39176e+00	
      1276.915	     5.62499e+00	
      1279.416	     5.86859e+00	
      1281.916	     6.12120e+00	
      1284.416	     6.38202e+00	
      1286.917	     6.65270e+00	
      1289.417	     6.93252e+00	
      1291.917	     7.22064e+00	
      1294.417	     7.51915e+00	
      1296.918	     7.82791e+00	
      1299.418	     8.14747e+00	
      1301.918	     8.48020e+00	
      1304.418	     8.82530e+00	
      1306.919	     9.18184e+00	
      1309.419	     9.55063e+00	
      1311.919	     9.93092e+00	
      1314.419	     1.03235e+01	
      1316.919	     1.07300e+01	
      1319.420	     1.11511e+01	
      1321.920	     1.15873e+01	
      1324.420	     1.20393e+01	
      1326.920	     1.25091e+01	
      1329.420	     1.29941e+01	
      1334.421	     1.40071e+01	
      1339.421	     1.50861e+01	
      1341.921	     1.56516e+01	
      1344.421	     1.62361e+01	
      1346.921	     1.68431e+01	
      1349.421	     1.74706e+01	
      1354.422	     1.87896e+01	
      1359.422	     2.01950e+01	
      1364.422	     2.16815e+01	
      1365.191	     2.19179e+01	
      1369.422	     2.32596e+01	
      1373.653	     2.46754e+01	
      1376.346	     2.56193e+01	
      1377.884	     2.61726e+01	
      1379.422	     2.67376e+01	
      1380.574	     2.71678e+01	
      1382.499	     2.78999e+01	
      1384.423	     2.86494e+01	
      1387.119	     2.97289e+01	
      1388.271	     3.02010e+01	
      1389.031	     3.05161e+01	
      1389.423	     3.06797e+01	
      1391.727	     3.16572e+01	
      1394.423	     3.28331e+01	
      1399.423	     3.51038e+01	
      1404.423	     3.75116e+01	
      1409.423	     4.00657e+01	
      1414.423	     4.27819e+01	
      1419.423	     4.56709e+01	
      1424.423	     4.87220e+01	
      1429.423	     5.19450e+01	
      1434.423	     5.53326e+01	
      1439.423	     5.89027e+01	
      1444.422	     6.26685e+01	
      1449.422	     6.66589e+01	
      1454.422	     7.08957e+01	
      1459.422	     7.53712e+01	
      1464.422	     8.01068e+01	
      1465.960	     8.16179e+01	
      1469.422	     8.51042e+01	
      1472.884	     8.87038e+01	
      1473.268	     8.91078e+01	
      1474.422	     9.03312e+01	
      1476.345	     9.24024e+01	
      1479.421	     9.57903e+01	
      1484.421	     1.01520e+02	
      1489.421	     1.07533e+02	
      1494.421	     1.13811e+02	
      1499.420	     1.20408e+02	
      1504.420	     1.27420e+02	
      1509.420	     1.34840e+02	
      1514.420	     1.42658e+02	
      1519.419	     1.50899e+02	
      1524.419	     1.59610e+02	
      1529.419	     1.68749e+02	
      1534.418	     1.78263e+02	
      1539.418	     1.88131e+02	
      1544.418	     1.98413e+02	
      1549.417	     2.09130e+02	
      1554.417	     2.20201e+02	
      1559.417	     2.31527e+02	
      1564.416	     2.43337e+02	
      1566.724	     2.48954e+02	
      1569.416	     2.55689e+02	
      1570.186	     2.57659e+02	
      1572.107	     2.62641e+02	
      1574.415	     2.68759e+02	
      1574.800	     2.69791e+02	
      1579.415	     2.82481e+02	
      1584.414	     2.96838e+02	
      1589.414	     3.11842e+02	
      1594.413	     3.27552e+02	
      1599.413	     3.44055e+02	
      1604.413	     3.61305e+02	
      1609.412	     3.79523e+02	
      1614.412	     3.98706e+02	
      1619.411	     4.19104e+02	
      1624.410	     4.40800e+02	
      1629.410	     4.63749e+02	
      1634.409	     4.87770e+02	
      1639.409	     5.12303e+02	
      1644.408	     5.37187e+02	
      1649.408	     5.61720e+02	
      1654.407	     5.85951e+02	
      1659.407	     6.09881e+02	
      1664.406	     6.33961e+02	
      1665.560	     6.39506e+02	
      1669.405	     6.58324e+02	
      1670.174	     6.62163e+02	
      1673.251	     6.77761e+02	
      1674.405	     6.83705e+02	
      1676.328	     6.93748e+02	
      1679.404	     7.09991e+02	
      1684.404	     7.37297e+02	
      1689.403	     7.65603e+02	
      1694.402	     7.95150e+02	
      1699.402	     8.26242e+02	
      1704.401	     8.59326e+02	
      1709.400	     8.94330e+02	
      1714.400	     9.30989e+02	
      1719.399	     9.69367e+02	
      1724.398	     1.00930e+03	
      1729.398	     1.05111e+03	
      1734.397	     1.09476e+03	
      1739.396	     1.14016e+03	
      1744.396	     1.18724e+03	
      1749.395	     1.23604e+03	
      1754.394	     1.28662e+03	
      1759.393	     1.33891e+03	
      1764.393	     1.39296e+03	
      1767.084	     1.42283e+03	
      1767.854	     1.43147e+03	
      1769.392	     1.44886e+03	
      1771.700	     1.47527e+03	
      1774.391	     1.50659e+03	
      1775.545	     1.52018e+03	
      1779.391	     1.56625e+03	
      1784.390	     1.62784e+03	
      1789.389	     1.69159e+03	
      1794.388	     1.75755e+03	
      1799.387	     1.82576e+03	
      1809.386	     1.96862e+03	
      1819.384	     2.12079e+03	
      1823.999	     2.19418e+03	
      1829.383	     2.28247e+03	
      1834.767	     2.37372e+03	
      1840.151	     2.46789e+03	
      1845.535	     2.56514e+03	
      1850.919	     2.66561e+03	
      1856.303	     2.76946e+03	
      1863.998	     2.92360e+03	
      1867.072	     2.98710e+03	
      1870.145	     3.05175e+03	
      1876.292	     3.18504e+03	
      1882.439	     3.32311e+03	
      1888.586	     3.46618e+03	
      1894.733	     3.61440e+03	
      1900.880	     3.76787e+03	
      1906.980	     3.92551e+03	
      1907.027	     3.92674e+03	
      1913.174	     4.09114e+03	
      1919.368	     4.26239e+03	
      1925.561	     4.43863e+03	
      1931.755	     4.62100e+03	
      1937.949	     4.81210e+03	
      1944.143	     5.00676e+03	
      1944.472	     5.01725e+03	
      1950.337	     5.21228e+03	
      1956.531	     5.42013e+03	
      1968.590	     5.84346e+03	
      1980.648	     6.29299e+03	
      1992.707	     6.76932e+03	
      2004.766	     7.27414e+03	
      2015.838	     7.76369e+03	
      2016.825	     7.80859e+03	
      2017.811	     7.85367e+03	
      2019.785	     7.94465e+03	
      2023.732	     8.12997e+03	
      2031.627	     8.51013e+03	
      2039.521	     8.90217e+03	
      2047.416	     9.30851e+03	
      2055.310	     9.72948e+03	
      2059.377	     9.95225e+03	
      2063.205	     1.01656e+04	
      2067.032	     1.03825e+04	
      2074.686	     1.08284e+04	
      2082.341	     1.12893e+04	
      2089.995	     1.17657e+04	
      2094.355	     1.20437e+04	
      2097.650	     1.22572e+04	
      2105.304	     1.27645e+04	
      2116.253	     1.35191e+04	
      2127.202	     1.43085e+04	
      2138.151	     1.51374e+04	
      2149.099	     1.59997e+04	
      2154.622	     1.64488e+04	
      2160.048	     1.68994e+04	
      2165.474	     1.73598e+04	
      2176.326	     1.83101e+04	
      2181.364	     1.87649e+04	
      2187.177	     1.93004e+04	
      2198.029	     2.03315e+04	
      2214.695	     2.19972e+04	
      2231.360	     2.37382e+04	
      2232.137	     2.38215e+04	
      2248.025	     2.55696e+04	
      2263.914	     2.73890e+04	
      2279.803	     2.93276e+04	
      2295.691	     3.13536e+04	
      2310.025	     3.32880e+04	
      2311.580	     3.35048e+04	
      2313.134	     3.37231e+04	
      2316.244	     3.41579e+04	
      2322.462	     3.50401e+04	
      2334.899	     3.68729e+04	
      2347.337	     3.88244e+04	
      2357.193	     4.04276e+04	
      2359.774	     4.08558e+04	
      2362.354	     4.12947e+04	
      2367.515	     4.22029e+04	
      2377.837	     4.40693e+04	
      2387.688	     4.59141e+04	
      2388.159	     4.60039e+04	
      2398.481	     4.80670e+04	
      2409.274	     5.03509e+04	
      2420.066	     5.27348e+04	
      2427.111	     5.43895e+04	
      2430.860	     5.53137e+04	
      2441.652	     5.80507e+04	
      2451.595	     6.06827e+04	
      2456.194	     6.19371e+04	
      2460.793	     6.32965e+04	
      2465.392	     6.46769e+04	
      2474.590	     6.75266e+04	
      2475.959	     6.79602e+04	
      2483.788	     7.04895e+04	
      2484.472	     7.07151e+04	
      2492.986	     7.36085e+04	
      2501.499	     7.66545e+04	
      2510.013	     7.97820e+04	
      2518.526	     8.28014e+04	
      2527.040	     8.57388e+04	
      2528.901	     8.64626e+04	
      2535.553	     8.90924e+04	
      2544.067	     9.25689e+04	
      2551.650	     9.57674e+04	
      2559.232	     9.90692e+04	
      2566.814	     1.02619e+05	
      2574.398	     1.06324e+05	
      2581.980	     1.10197e+05	
      2589.563	     1.14230e+05	
      2597.146	     1.18451e+05	
      2604.729	     1.22906e+05	
      2612.311	     1.27557e+05	
      2619.894	     1.32502e+05	
      2627.476	     1.37632e+05	
      2635.059	     1.42982e+05	
      2642.642	     1.48581e+05	
      2642.780	     1.48685e+05	
      2650.225	     1.54519e+05	
      2657.670	     1.60576e+05	
      2672.560	     1.72506e+05	
      2687.451	     1.85265e+05	
      2702.341	     1.98529e+05	
      2708.136	     2.03845e+05	
      2717.232	     2.12352e+05	
      2720.129	     2.15103e+05	
      2732.122	     2.26794e+05	
      2744.115	     2.38885e+05	
      2756.108	     2.51216e+05	
      2768.101	     2.64231e+05	
      2780.095	     2.77620e+05	
      2792.088	     2.91403e+05	
      2804.081	     3.05598e+05	
      2828.067	     3.34859e+05	
      2849.560	     3.62128e+05	
      2852.053	     3.65352e+05	
      2854.546	     3.68581e+05	
      2859.533	     3.75496e+05	
      2869.507	     3.89548e+05	
      2889.454	     4.18523e+05	
      2909.401	     4.48899e+05	
      2929.348	     4.80739e+05	
      2945.607	     5.07609e+05	
      2949.295	     5.13817e+05	
      2952.983	     5.20069e+05	
      2960.359	     5.32189e+05	
      2975.112	     5.56891e+05	
      3004.616	     6.08175e+05	
      3016.821	     6.30307e+05	
      3034.121	     6.62446e+05	
      3042.771	     6.78842e+05	
      3051.421	     6.95464e+05	
      3060.070	     7.14404e+05	
      3068.720	     7.33678e+05	
      3077.370	     7.53250e+05	
      3086.020	     7.73124e+05	
      3103.320	     8.13776e+05	
      3120.619	     8.55578e+05	
      3125.981	     8.68767e+05	
      3137.919	     8.98574e+05	
      3149.857	     9.28997e+05	
      3161.795	     9.63504e+05	
      3173.733	     9.99168e+05	
      3197.609	     1.07283e+06	
      3221.485	     1.14969e+06	
      3242.428	     1.21957e+06	
      3245.361	     1.22954e+06	
      3248.294	     1.23953e+06	
      3254.161	     1.25475e+06	
      3260.027	     1.27006e+06	
      3271.760	     1.30093e+06	
      3295.226	     1.36368e+06	
      3337.586	     1.48078e+06	
      3342.158	     1.49371e+06	
      3346.730	     1.50668e+06	
      3355.874	     1.53357e+06	
      3374.161	     1.58794e+06	
      3376.303	     1.59436e+06	
      3410.736	     1.69905e+06	
      3445.167	     1.80621e+06	
      3479.598	     1.91592e+06	
      3484.457	     1.93157e+06	
      3495.922	     1.96866e+06	
      3514.030	     2.02769e+06	
      3543.602	     2.12515e+06	
      3591.283	     2.28622e+06	
      3635.884	     2.44043e+06	
      3638.963	     2.45115e+06	
      3642.042	     2.46212e+06	
      3643.122	     2.46596e+06	
      3645.121	     2.47309e+06	
      3645.281	     2.47366e+06	
      3647.121	     2.48022e+06	
      3648.960	     2.48678e+06	
      3651.320	     2.49519e+06	
      3652.639	     2.49990e+06	
      3653.959	     2.50461e+06	
      3654.239	     2.50561e+06	
      3656.598	     2.51403e+06	
      3658.958	     2.52246e+06	
      3663.397	     2.53830e+06	
      3663.676	     2.53930e+06	
      3663.956	     2.54030e+06	
      3664.516	     2.54230e+06	
      3665.636	     2.54630e+06	
      3666.796	     2.55044e+06	
      3667.875	     2.55430e+06	
      3668.275	     2.55573e+06	
      3668.955	     2.55815e+06	
      3671.115	     2.56587e+06	
      3673.954	     2.57601e+06	
      3675.202	     2.58047e+06	
      3678.952	     2.59387e+06	
      3682.583	     2.60683e+06	
      3682.703	     2.60726e+06	
      3682.822	     2.60769e+06	
      3683.062	     2.60855e+06	
      3683.178	     2.60896e+06	
      3683.542	     2.61026e+06	
      3684.502	     2.61369e+06	
      3684.819	     2.61482e+06	
      3685.826	     2.61842e+06	
      3686.832	     2.62201e+06	
      3688.742	     2.62883e+06	
      3688.846	     2.62920e+06	
      3688.939	     2.62954e+06	
      3688.950	     2.62958e+06	
      3689.158	     2.63032e+06	
      3689.377	     2.63110e+06	
      3689.730	     2.63236e+06	
      3689.815	     2.63266e+06	
      3689.900	     2.63297e+06	
      3690.070	     2.63358e+06	
      3690.410	     2.63479e+06	
      3690.624	     2.63555e+06	
      3691.089	     2.63722e+06	
      3691.469	     2.63857e+06	
      3691.554	     2.63887e+06	
      3691.700	     2.63940e+06	
      3692.484	     2.64220e+06	
      3693.499	     2.64582e+06	
      3694.397	     2.64903e+06	
      3695.297	     2.65224e+06	
      3695.808	     2.65406e+06	
      3696.197	     2.65545e+06	
      3696.525	     2.65662e+06	
      3696.586	     2.65684e+06	
      3696.647	     2.65706e+06	
      3696.666	     2.65713e+06	
      3696.759	     2.65746e+06	
      3696.769	     2.65750e+06	
      3696.872	     2.65786e+06	
      3696.929	     2.65807e+06	
      3696.985	     2.65827e+06	
      3697.041	     2.65847e+06	
      3697.097	     2.65867e+06	
      3697.153	     2.65886e+06	
      3697.209	     2.65907e+06	
      3697.265	     2.65927e+06	
      3697.322	     2.65947e+06	
      3697.347	     2.65956e+06	
      3697.405	     2.65977e+06	
      3697.434	     2.65987e+06	
      3697.463	     2.65997e+06	
      3697.499	     2.66010e+06	
      3697.529	     2.66021e+06	
      3697.579	     2.66039e+06	
      3697.659	     2.66067e+06	
      3697.819	     2.66124e+06	
      3698.109	     2.66228e+06	
      3698.429	     2.66342e+06	
      3698.688	     2.66435e+06	
      3698.886	     2.66505e+06	
      3698.947	     2.66527e+06	
      3699.008	     2.66549e+06	
      3699.130	     2.66592e+06	
      3699.374	     2.66679e+06	
      3699.533	     2.66736e+06	
      3699.862	     2.66854e+06	
      3699.879	     2.66860e+06	
      3700.191	     2.66971e+06	
      3700.198	     2.66973e+06	
      3700.503	     2.67082e+06	
      3700.808	     2.67191e+06	
      3700.842	     2.67203e+06	
      3701.092	     2.67293e+06	
      3701.418	     2.67409e+06	
      3701.994	     2.67614e+06	
      3702.444	     2.67775e+06	
      3702.895	     2.67936e+06	
      3703.121	     2.68017e+06	
      3703.346	     2.68097e+06	
      3703.458	     2.68137e+06	
      3703.571	     2.68177e+06	
      3703.628	     2.68197e+06	
      3703.684	     2.68218e+06	
      3703.740	     2.68237e+06	
      3703.797	     2.68258e+06	
      3703.853	     2.68278e+06	
      3703.909	     2.68298e+06	
      3703.966	     2.68318e+06	
      3704.022	     2.68338e+06	
      3704.085	     2.68360e+06	
      3704.134	     2.68378e+06	
      3704.185	     2.68396e+06	
      3704.210	     2.68405e+06	
      3704.222	     2.68410e+06	
      3704.285	     2.68432e+06	
      3704.314	     2.68442e+06	
      3704.360	     2.68459e+06	
      3704.406	     2.68475e+06	
      3704.491	     2.68505e+06	
      3704.567	     2.68532e+06	
      3704.590	     2.68541e+06	
      3704.689	     2.68576e+06	
      3704.811	     2.68619e+06	
      3705.055	     2.68706e+06	
      3705.373	     2.68820e+06	
      3705.543	     2.68880e+06	
      3705.713	     2.68941e+06	
      3706.052	     2.69062e+06	
      3706.073	     2.69070e+06	
      3706.732	     2.69305e+06	
      3707.267	     2.69496e+06	
      3707.391	     2.69540e+06	
      3707.515	     2.69584e+06	
      3707.614	     2.69619e+06	
      3707.763	     2.69672e+06	
      3707.912	     2.69726e+06	
      3708.118	     2.69799e+06	
      3708.210	     2.69832e+06	
      3708.302	     2.69864e+06	
      3708.486	     2.69930e+06	
      3708.763	     2.70029e+06	
      3708.854	     2.70061e+06	
      3708.873	     2.70068e+06	
      3708.945	     2.70094e+06	
      3709.127	     2.70158e+06	
      3709.206	     2.70187e+06	
      3709.491	     2.70288e+06	
      3710.108	     2.70508e+06	
      3710.902	     2.70791e+06	
      3711.011	     2.70830e+06	
      3711.120	     2.70869e+06	
      3711.213	     2.70902e+06	
      3711.323	     2.70941e+06	
      3711.338	     2.70947e+06	
      3711.463	     2.70991e+06	
      3711.517	     2.71010e+06	
      3711.576	     2.71031e+06	
      3711.603	     2.71041e+06	
      3711.689	     2.71072e+06	
      3711.746	     2.71092e+06	
      3711.802	     2.71112e+06	
      3711.858	     2.71132e+06	
      3711.915	     2.71152e+06	
      3711.971	     2.71172e+06	
      3712.027	     2.71192e+06	
      3712.084	     2.71213e+06	
      3712.140	     2.71233e+06	
      3712.203	     2.71255e+06	
      3712.252	     2.71272e+06	
      3712.303	     2.71291e+06	
      3712.327	     2.71299e+06	
      3712.331	     2.71301e+06	
      3712.403	     2.71326e+06	
      3712.479	     2.71353e+06	
      3712.631	     2.71408e+06	
      3712.931	     2.71514e+06	
      3713.228	     2.71620e+06	
      3713.531	     2.71728e+06	
      3713.833	     2.71836e+06	
      3714.242	     2.71982e+06	
      3714.420	     2.72045e+06	
      3714.439	     2.72052e+06	
      3714.636	     2.72122e+06	
      3715.030	     2.72263e+06	
      3715.640	     2.72480e+06	
      3716.765	     2.72881e+06	
      3716.790	     2.72890e+06	
      3716.860	     2.72915e+06	
      3716.955	     2.72948e+06	
      3717.145	     2.73016e+06	
      3717.524	     2.73151e+06	
      3718.189	     2.73388e+06	
      3718.259	     2.73413e+06	
      3718.329	     2.73438e+06	
      3718.469	     2.73488e+06	
      3718.556	     2.73519e+06	
      3718.631	     2.73546e+06	
      3718.734	     2.73582e+06	
      3718.749	     2.73588e+06	
      3718.942	     2.73657e+06	
      3719.253	     2.73767e+06	
      3719.474	     2.73846e+06	
      3719.772	     2.73952e+06	
      3720.070	     2.74058e+06	
      3720.356	     2.74150e+06	
      3720.523	     2.74203e+06	
      3720.666	     2.74248e+06	
      3720.976	     2.74347e+06	
      3721.202	     2.74415e+06	
      3721.428	     2.74483e+06	
      3721.542	     2.74517e+06	
      3721.655	     2.74551e+06	
      3721.711	     2.74568e+06	
      3721.768	     2.74585e+06	
      3721.825	     2.74602e+06	
      3721.881	     2.74619e+06	
      3721.938	     2.74636e+06	
      3721.995	     2.74653e+06	
      3722.051	     2.74670e+06	
      3722.108	     2.74687e+06	
      3722.221	     2.74721e+06	
      3722.398	     2.74774e+06	
      3722.447	     2.74789e+06	
      3722.498	     2.74804e+06	
      3722.598	     2.74834e+06	
      3722.695	     2.74863e+06	
      3722.798	     2.74894e+06	
      3722.901	     2.74925e+06	
      3723.107	     2.74986e+06	
      3723.231	     2.75024e+06	
      3723.519	     2.75110e+06	
      3723.807	     2.75196e+06	
      3724.383	     2.75369e+06	
      3725.451	     2.75689e+06	
      3725.534	     2.75714e+06	
      3725.617	     2.75739e+06	
      3725.751	     2.75779e+06	
      3725.783	     2.75789e+06	
      3725.916	     2.75829e+06	
      3725.931	     2.75833e+06	
      3726.115	     2.75888e+06	
      3726.479	     2.75997e+06	
      3727.042	     2.76166e+06	
      3727.366	     2.76263e+06	
      3728.153	     2.76499e+06	
      3728.639	     2.76645e+06	
      3728.940	     2.76735e+06	
      3729.009	     2.76756e+06	
      3729.240	     2.76825e+06	
      3729.842	     2.77006e+06	
      3730.676	     2.77256e+06	
      3732.194	     2.77710e+06	
      3732.344	     2.77755e+06	
      3732.494	     2.77800e+06	
      3732.794	     2.77890e+06	
      3733.352	     2.78057e+06	
      3733.384	     2.78067e+06	
      3733.393	     2.78070e+06	
      3733.402	     2.78072e+06	
      3733.452	     2.78087e+06	
      3733.552	     2.78117e+06	
      3733.648	     2.78146e+06	
      3733.752	     2.78177e+06	
      3733.856	     2.78208e+06	
      3734.004	     2.78252e+06	
      3734.044	     2.78265e+06	
      3734.064	     2.78271e+06	
      3734.084	     2.78277e+06	
      3734.131	     2.78290e+06	
      3734.140	     2.78293e+06	
      3734.164	     2.78300e+06	
      3734.197	     2.78310e+06	
      3734.254	     2.78328e+06	
      3734.311	     2.78344e+06	
      3734.368	     2.78361e+06	
      3734.425	     2.78379e+06	
      3734.482	     2.78396e+06	
      3734.539	     2.78413e+06	
      3734.652	     2.78447e+06	
      3734.829	     2.78500e+06	
      3734.878	     2.78514e+06	
      3734.929	     2.78530e+06	
      3735.029	     2.78560e+06	
      3735.124	     2.78588e+06	
      3735.173	     2.78603e+06	
      3735.229	     2.78619e+06	
      3735.334	     2.78651e+06	
      3735.391	     2.78668e+06	
      3735.495	     2.78699e+06	
      3735.817	     2.78796e+06	
      3736.000	     2.78850e+06	
      3736.243	     2.78923e+06	
      3736.486	     2.78996e+06	
      3736.971	     2.79141e+06	
      3737.826	     2.79397e+06	
      3737.943	     2.79432e+06	
      3738.060	     2.79467e+06	
      3738.294	     2.79537e+06	
      3738.587	     2.79625e+06	
      3738.762	     2.79677e+06	
      3738.937	     2.79730e+06	
      3739.287	     2.79835e+06	
      3739.498	     2.79898e+06	
      3739.987	     2.80044e+06	
      3740.476	     2.80190e+06	
      3741.212	     2.80411e+06	
      3741.453	     2.80483e+06	
      3741.694	     2.80555e+06	
      3742.092	     2.80674e+06	
      3742.176	     2.80699e+06	
      3742.260	     2.80724e+06	
      3742.428	     2.80775e+06	
      3742.671	     2.80847e+06	
      3742.733	     2.80866e+06	
      3742.764	     2.80875e+06	
      3742.795	     2.80884e+06	
      3742.864	     2.80905e+06	
      3742.919	     2.80921e+06	
      3743.167	     2.80995e+06	
      3743.663	     2.81144e+06	
      3744.620	     2.81430e+06	
      3744.654	     2.81441e+06	
      3746.445	     2.81976e+06	
      3747.605	     2.82323e+06	
      3748.269	     2.82522e+06	
      3748.844	     2.82693e+06	
      3748.904	     2.82711e+06	
      3748.934	     2.82720e+06	
      3748.964	     2.82729e+06	
      3748.986	     2.82736e+06	
      3749.084	     2.82765e+06	
      3749.118	     2.82775e+06	
      3749.182	     2.82794e+06	
      3749.378	     2.82853e+06	
      3749.409	     2.82862e+06	
      3749.638	     2.82931e+06	
      3749.753	     2.82965e+06	
      3749.867	     2.82999e+06	
      3749.924	     2.83016e+06	
      3749.981	     2.83033e+06	
      3750.038	     2.83050e+06	
      3750.095	     2.83067e+06	
      3750.152	     2.83084e+06	
      3750.209	     2.83101e+06	
      3750.266	     2.83118e+06	
      3750.323	     2.83135e+06	
      3750.437	     2.83169e+06	
      3750.616	     2.83223e+06	
      3750.665	     2.83238e+06	
      3750.716	     2.83253e+06	
      3750.816	     2.83282e+06	
      3750.910	     2.83311e+06	
      3751.016	     2.83342e+06	
      3751.122	     2.83374e+06	
      3751.334	     2.83437e+06	
      3751.481	     2.83481e+06	
      3751.758	     2.83564e+06	
      3752.035	     2.83647e+06	
      3752.588	     2.83812e+06	
      3753.533	     2.84094e+06	
      3753.696	     2.84143e+06	
      3753.782	     2.84169e+06	
      3753.859	     2.84192e+06	
      3754.185	     2.84289e+06	
      3754.274	     2.84316e+06	
      3754.837	     2.84484e+06	
      3755.892	     2.84799e+06	
      3756.086	     2.84857e+06	
      3757.473	     2.85271e+06	
      3757.509	     2.85281e+06	
      3757.548	     2.85293e+06	
      3758.932	     2.85706e+06	
      3760.390	     2.86141e+06	
      3761.656	     2.86518e+06	
      3762.717	     2.86835e+06	
      3763.233	     2.86988e+06	
      3764.809	     2.87458e+06	
      3765.066	     2.87535e+06	
      3766.902	     2.88082e+06	
      3768.545	     2.88571e+06	
      3768.737	     2.88628e+06	
      3768.929	     2.88685e+06	
      3768.971	     2.88698e+06	
      3769.196	     2.88765e+06	
      3769.313	     2.88799e+06	
      3769.655	     2.88901e+06	
      3769.885	     2.88970e+06	
      3770.114	     2.89038e+06	
      3770.228	     2.89071e+06	
      3770.343	     2.89106e+06	
      3770.401	     2.89123e+06	
      3770.458	     2.89140e+06	
      3770.515	     2.89157e+06	
      3770.573	     2.89174e+06	
      3770.630	     2.89191e+06	
      3770.687	     2.89208e+06	
      3770.745	     2.89225e+06	
      3770.802	     2.89242e+06	
      3770.867	     2.89262e+06	
      3770.916	     2.89276e+06	
      3770.967	     2.89291e+06	
      3770.988	     2.89298e+06	
      3771.003	     2.89302e+06	
      3771.067	     2.89321e+06	
      3771.146	     2.89345e+06	
      3771.304	     2.89392e+06	
      3771.604	     2.89481e+06	
      3771.890	     2.89566e+06	
      3771.951	     2.89584e+06	
      3772.206	     2.89660e+06	
      3772.522	     2.89754e+06	
      3773.154	     2.89942e+06	
      3774.357	     2.90300e+06	
      3775.497	     2.90639e+06	
      3776.762	     2.91015e+06	
      3777.127	     2.91123e+06	
      3778.027	     2.91391e+06	
      3778.399	     2.91501e+06	
      3778.927	     2.91658e+06	
      3780.726	     2.92192e+06	
      3781.844	     2.92524e+06	
      3783.053	     2.92883e+06	
      3783.159	     2.92915e+06	
      3784.263	     2.93242e+06	
      3785.367	     2.93569e+06	
      3786.225	     2.93824e+06	
      3787.401	     2.94172e+06	
      3787.574	     2.94224e+06	
      3788.924	     2.94624e+06	
      3790.447	     2.95075e+06	
      3792.841	     2.95784e+06	
      3793.492	     2.95977e+06	
      3794.143	     2.96170e+06	
      3794.897	     2.96393e+06	
      3795.066	     2.96443e+06	
      3795.444	     2.96554e+06	
      3795.991	     2.96716e+06	
      3796.454	     2.96853e+06	
      3796.916	     2.96990e+06	
      3797.147	     2.97058e+06	
      3797.378	     2.97126e+06	
      3797.494	     2.97160e+06	
      3797.609	     2.97194e+06	
      3797.666	     2.97211e+06	
      3797.724	     2.97228e+06	
      3797.782	     2.97245e+06	
      3797.840	     2.97262e+06	
      3797.898	     2.97279e+06	
      3797.956	     2.97296e+06	
      3798.014	     2.97314e+06	
      3798.072	     2.97331e+06	
      3798.187	     2.97365e+06	
      3798.367	     2.97419e+06	
      3798.416	     2.97433e+06	
      3798.467	     2.97449e+06	
      3798.567	     2.97478e+06	
      3798.655	     2.97504e+06	
      3798.753	     2.97533e+06	
      3798.767	     2.97537e+06	
      3798.837	     2.97558e+06	
      3798.879	     2.97570e+06	
      3798.921	     2.97583e+06	
      3799.046	     2.97620e+06	
      3799.089	     2.97632e+06	
      3799.425	     2.97732e+06	
      3799.471	     2.97745e+06	
      3799.804	     2.97844e+06	
      3800.562	     2.98068e+06	
      3801.653	     2.98390e+06	
      3802.319	     2.98587e+06	
      3803.834	     2.99034e+06	
      3805.349	     2.99481e+06	
      3807.837	     3.00215e+06	
      3808.378	     3.00375e+06	
      3808.919	     3.00534e+06	
      3810.000	     3.00853e+06	
      3811.586	     3.01321e+06	
      3812.164	     3.01490e+06	
      3812.742	     3.01661e+06	
      3813.897	     3.02001e+06	
      3815.777	     3.02554e+06	
      3816.093	     3.02647e+06	
      3816.209	     3.02681e+06	
      3816.641	     3.02808e+06	
      3817.439	     3.03050e+06	
      3817.504	     3.03069e+06	
      3818.916	     3.03496e+06	
      3820.393	     3.03950e+06	
      3822.566	     3.04618e+06	
      3823.346	     3.04857e+06	
      3823.512	     3.04908e+06	
      3824.126	     3.05097e+06	
      3825.685	     3.05575e+06	
      3826.804	     3.05919e+06	
      3827.859	     3.06242e+06	
      3828.914	     3.06565e+06	
      3830.454	     3.07038e+06	
      3831.023	     3.07212e+06	
      3831.592	     3.07386e+06	
      3832.001	     3.07511e+06	
      3832.525	     3.07672e+06	
      3832.730	     3.07734e+06	
      3833.458	     3.07957e+06	
      3833.925	     3.08100e+06	
      3834.392	     3.08243e+06	
      3834.626	     3.08315e+06	
      3834.859	     3.08386e+06	
      3834.975	     3.08421e+06	
      3835.092	     3.08457e+06	
      3835.151	     3.08475e+06	
      3835.209	     3.08492e+06	
      3835.267	     3.08510e+06	
      3835.326	     3.08528e+06	
      3835.384	     3.08545e+06	
      3835.442	     3.08563e+06	
      3835.501	     3.08581e+06	
      3835.559	     3.08599e+06	
      3835.626	     3.08620e+06	
      3835.675	     3.08635e+06	
      3835.726	     3.08651e+06	
      3835.743	     3.08656e+06	
      3835.774	     3.08666e+06	
      3835.826	     3.08682e+06	
      3835.909	     3.08707e+06	
      3836.075	     3.08758e+06	
      3836.376	     3.08850e+06	
      3836.646	     3.08933e+06	
      3836.977	     3.09034e+06	
      3837.029	     3.09050e+06	
      3837.308	     3.09136e+06	
      3837.970	     3.09338e+06	
      3838.647	     3.09545e+06	
      3838.911	     3.09626e+06	
      3839.175	     3.09706e+06	
      3839.703	     3.09868e+06	
      3840.758	     3.10189e+06	
      3842.753	     3.10798e+06	
      3842.831	     3.10822e+06	
      3842.870	     3.10834e+06	
      3842.909	     3.10846e+06	
      3843.065	     3.10894e+06	
      3843.377	     3.10989e+06	
      3844.001	     3.11179e+06	
      3844.588	     3.11359e+06	
      3845.248	     3.11560e+06	
      3845.547	     3.11651e+06	
      3845.908	     3.11761e+06	
      3847.228	     3.12163e+06	
      3847.442	     3.12229e+06	
      3848.908	     3.12676e+06	
      3850.375	     3.13123e+06	
      3851.976	     3.13610e+06	
      3853.308	     3.14015e+06	
      3854.640	     3.14420e+06	
      3855.701	     3.14744e+06	
      3857.303	     3.15231e+06	
      3858.906	     3.15714e+06	
      3862.006	     3.16654e+06	
      3862.111	     3.16685e+06	
      3862.216	     3.16720e+06	
      3862.426	     3.16782e+06	
      3862.846	     3.16908e+06	
      3863.685	     3.17163e+06	
      3865.170	     3.17612e+06	
      3865.365	     3.17672e+06	
      3865.560	     3.17731e+06	
      3865.950	     3.17847e+06	
      3866.730	     3.18083e+06	
      3867.675	     3.18369e+06	
      3868.289	     3.18554e+06	
      3868.903	     3.18740e+06	
      3870.131	     3.19110e+06	
      3871.324	     3.19472e+06	
      3872.586	     3.19852e+06	
      3873.848	     3.20232e+06	
      3876.324	     3.20980e+06	
      3876.368	     3.20992e+06	
      3876.371	     3.20992e+06	
      3876.374	     3.20992e+06	
      3876.424	     3.21008e+06	
      3876.524	     3.21039e+06	
      3876.724	     3.21099e+06	
      3876.947	     3.21165e+06	
      3877.124	     3.21218e+06	
      3877.924	     3.21460e+06	
      3878.900	     3.21752e+06	
      3880.290	     3.22170e+06	
      3880.854	     3.22340e+06	
      3881.418	     3.22510e+06	
      3882.546	     3.22849e+06	
      3884.398	     3.23405e+06	
      3884.801	     3.23527e+06	
      3884.923	     3.23562e+06	
      3885.204	     3.23647e+06	
      3886.010	     3.23889e+06	
      3886.151	     3.23930e+06	
      3887.096	     3.24216e+06	
      3887.568	     3.24357e+06	
      3888.042	     3.24498e+06	
      3888.280	     3.24567e+06	
      3888.516	     3.24640e+06	
      3888.633	     3.24674e+06	
      3888.752	     3.24709e+06	
      3888.844	     3.24737e+06	
      3888.866	     3.24743e+06	
      3888.871	     3.24743e+06	
      3888.898	     3.24753e+06	
      3888.930	     3.24762e+06	
      3888.989	     3.24778e+06	
      3889.048	     3.24797e+06	
      3889.107	     3.24812e+06	
      3889.166	     3.24831e+06	
      3889.225	     3.24850e+06	
      3889.294	     3.24872e+06	
      3889.343	     3.24885e+06	
      3889.394	     3.24900e+06	
      3889.408	     3.24907e+06	
      3889.450	     3.24919e+06	
      3889.494	     3.24932e+06	
      3889.580	     3.24957e+06	
      3889.752	     3.25010e+06	
      3890.054	     3.25101e+06	
      3890.315	     3.25180e+06	
      3890.474	     3.25227e+06	
      3890.657	     3.25281e+06	
      3890.999	     3.25384e+06	
      3891.683	     3.25588e+06	
      3892.892	     3.25950e+06	
      3893.942	     3.26264e+06	
      3894.458	     3.26418e+06	
      3895.309	     3.26672e+06	
      3896.219	     3.26946e+06	
      3896.677	     3.27084e+06	
      3898.895	     3.27744e+06	
      3899.603	     3.27957e+06	
      3901.572	     3.28545e+06	
      3903.894	     3.29236e+06	
      3904.248	     3.29339e+06	
      3908.893	     3.30722e+06	
      3913.891	     3.32208e+06	
      3918.890	     3.33807e+06	
      3923.889	     3.35425e+06	
      3928.216	     3.36820e+06	
      3928.353	     3.36864e+06	
      3928.887	     3.37036e+06	
      3929.559	     3.37253e+06	
      3930.903	     3.37687e+06	
      3933.453	     3.38507e+06	
      3935.810	     3.39264e+06	
      3937.347	     3.39760e+06	
      3938.885	     3.40253e+06	
      3940.036	     3.40621e+06	
      3941.960	     3.41237e+06	
      3943.883	     3.41856e+06	
      3946.579	     3.42716e+06	
      3947.730	     3.43084e+06	
      3948.882	     3.43451e+06	
      3950.653	     3.44017e+06	
      3951.015	     3.44133e+06	
      3951.186	     3.44187e+06	
      3951.718	     3.44359e+06	
      3952.784	     3.44702e+06	
      3954.554	     3.45270e+06	
      3957.306	     3.46153e+06	
      3958.093	     3.46405e+06	
      3958.624	     3.46574e+06	
      3958.880	     3.46656e+06	
      3960.453	     3.47159e+06	
      3962.283	     3.47746e+06	
      3965.737	     3.48849e+06	
      3965.942	     3.48912e+06	
      3966.147	     3.48978e+06	
      3966.557	     3.49109e+06	
      3966.675	     3.49147e+06	
      3967.279	     3.49339e+06	
      3967.376	     3.49370e+06	
      3968.078	     3.49593e+06	
      3968.709	     3.49791e+06	
      3968.877	     3.49845e+06	
      3969.045	     3.49898e+06	
      3969.234	     3.49958e+06	
      3969.287	     3.49977e+06	
      3969.381	     3.50005e+06	
      3969.528	     3.50052e+06	
      3969.648	     3.50090e+06	
      3969.769	     3.50124e+06	
      3969.830	     3.50143e+06	
      3969.890	     3.50162e+06	
      3969.950	     3.50181e+06	
      3970.011	     3.50196e+06	
      3970.071	     3.50215e+06	
      3970.131	     3.50237e+06	
      3970.192	     3.50256e+06	
      3970.252	     3.50278e+06	
      3970.323	     3.50300e+06	
      3970.372	     3.50316e+06	
      3970.423	     3.50335e+06	
      3970.432	     3.50338e+06	
      3970.495	     3.50357e+06	
      3970.523	     3.50366e+06	
      3970.613	     3.50398e+06	
      3970.795	     3.50454e+06	
      3971.096	     3.50551e+06	
      3971.333	     3.50627e+06	
      3971.591	     3.50709e+06	
      3971.698	     3.50743e+06	
      3972.063	     3.50859e+06	
      3972.793	     3.51092e+06	
      3973.995	     3.51475e+06	
      3974.936	     3.51774e+06	
      3976.398	     3.52239e+06	
      3976.845	     3.52380e+06	
      3977.860	     3.52700e+06	
      3978.874	     3.53021e+06	
      3979.577	     3.53244e+06	
      3980.904	     3.53665e+06	
      3982.230	     3.54083e+06	
      3984.180	     3.54698e+06	
      3984.884	     3.54921e+06	
      3985.119	     3.54994e+06	
      3985.588	     3.55141e+06	
      3986.995	     3.55584e+06	
      3988.872	     3.56175e+06	
      3991.379	     3.56963e+06	
      3992.625	     3.57353e+06	
      3993.854	     3.57739e+06	
      3993.870	     3.57746e+06	
      3996.362	     3.58525e+06	
      3998.869	     3.59307e+06	
      4003.868	     3.60865e+06	
      4008.866	     3.62417e+06	
      4013.865	     3.63991e+06	
      4018.864	     3.65593e+06	
      4023.863	     3.67189e+06	
      4025.341	     3.67661e+06	
      4028.861	     3.68779e+06	
      4032.381	     3.69897e+06	
      4032.946	     3.70076e+06	
      4033.860	     3.70365e+06	
      4035.902	     3.71010e+06	
      4038.859	     3.71943e+06	
      4043.857	     3.73513e+06	
      4048.856	     3.75081e+06	
      4053.855	     3.76642e+06	
      4058.853	     3.78194e+06	
      4063.852	     3.79740e+06	
      4068.851	     3.81279e+06	
      4073.849	     3.82809e+06	
      4075.421	     3.83290e+06	
      4078.848	     3.84333e+06	
      4082.275	     3.85376e+06	
      4082.559	     3.85461e+06	
      4084.004	     3.85898e+06	
      4085.702	     3.86413e+06	
      4088.845	     3.87358e+06	
      4089.695	     3.87616e+06	
      4093.687	     3.88813e+06	
      4096.515	     3.89658e+06	
      4097.679	     3.90004e+06	
      4098.010	     3.90104e+06	
      4098.678	     3.90302e+06	
      4098.843	     3.90349e+06	
      4099.676	     3.90597e+06	
      4100.174	     3.90745e+06	
      4100.673	     3.90890e+06	
      4100.922	     3.90962e+06	
      4101.172	     3.91034e+06	
      4101.297	     3.91069e+06	
      4101.422	     3.91103e+06	
      4101.485	     3.91122e+06	
      4101.547	     3.91138e+06	
      4101.609	     3.91153e+06	
      4101.672	     3.91166e+06	
      4101.734	     3.91185e+06	
      4101.797	     3.91204e+06	
      4101.859	     3.91226e+06	
      4101.922	     3.91248e+06	
      4102.047	     3.91292e+06	
      4102.296	     3.91370e+06	
      4102.745	     3.91505e+06	
      4102.794	     3.91521e+06	
      4102.845	     3.91537e+06	
      4102.945	     3.91568e+06	
      4103.145	     3.91628e+06	
      4103.296	     3.91672e+06	
      4103.545	     3.91747e+06	
      4103.794	     3.91823e+06	
      4104.291	     3.91970e+06	
      4104.785	     3.92118e+06	
      4105.287	     3.92269e+06	
      4105.789	     3.92419e+06	
      4106.793	     3.92718e+06	
      4108.680	     3.93277e+06	
      4108.760	     3.93302e+06	
      4108.800	     3.93312e+06	
      4108.840	     3.93324e+06	
      4108.859	     3.93331e+06	
      4109.000	     3.93375e+06	
      4109.320	     3.93478e+06	
      4109.781	     3.93623e+06	
      4110.703	     3.93915e+06	
      4111.319	     3.94110e+06	
      4112.546	     3.94499e+06	
      4113.774	     3.94889e+06	
      4114.693	     3.95178e+06	
      4116.229	     3.95662e+06	
      4116.694	     3.95806e+06	
      4117.766	     3.96145e+06	
      4118.126	     3.96259e+06	
      4118.838	     3.96482e+06	
      4120.981	     3.97151e+06	
      4123.836	     3.98043e+06	
      4126.144	     3.98762e+06	
      4128.835	     3.99598e+06	
      4129.605	     3.99837e+06	
      4131.526	     4.00431e+06	
      4133.834	     4.01141e+06	
      4134.219	     4.01260e+06	
      4138.832	     4.02677e+06	
      4143.831	     4.04200e+06	
      4148.830	     4.05718e+06	
      4153.828	     4.07223e+06	
      4158.827	     4.08718e+06	
      4163.826	     4.10207e+06	
      4168.824	     4.11684e+06	
      4173.823	     4.13151e+06	
      4178.822	     4.14609e+06	
      4183.820	     4.16057e+06	
      4188.819	     4.17496e+06	
      4193.818	     4.18925e+06	
      4198.817	     4.20345e+06	
      4203.815	     4.21756e+06	
      4208.814	     4.23176e+06	
      4213.813	     4.24605e+06	
      4216.525	     4.25375e+06	
      4217.242	     4.25576e+06	
      4218.811	     4.26022e+06	
      4221.098	     4.26666e+06	
      4223.810	     4.27426e+06	
      4224.954	     4.27747e+06	
      4228.809	     4.28824e+06	
      4233.807	     4.30207e+06	
      4238.806	     4.31583e+06	
      4243.805	     4.32946e+06	
      4248.803	     4.34297e+06	
      4253.802	     4.35638e+06	
      4258.801	     4.36967e+06	
      4263.799	     4.38287e+06	
      4268.798	     4.39597e+06	
      4273.797	     4.40894e+06	
      4278.795	     4.42179e+06	
      4283.794	     4.43455e+06	
      4288.793	     4.44718e+06	
      4293.791	     4.45968e+06	
      4298.790	     4.47209e+06	
      4303.789	     4.48428e+06	
      4308.788	     4.49600e+06	
      4313.786	     4.50756e+06	
      4314.073	     4.50822e+06	
      4318.785	     4.51902e+06	
      4320.854	     4.52374e+06	
      4323.497	     4.52977e+06	
      4326.139	     4.53574e+06	
      4326.475	     4.53649e+06	
      4328.782	     4.54167e+06	
      4330.233	     4.54491e+06	
      4331.090	     4.54683e+06	
      4331.149	     4.54695e+06	
      4331.946	     4.54874e+06	
      4333.660	     4.55254e+06	
      4334.060	     4.55342e+06	
      4336.171	     4.55811e+06	
      4337.786	     4.56162e+06	
      4338.220	     4.56257e+06	
      4338.283	     4.56269e+06	
      4338.780	     4.56376e+06	
      4338.812	     4.56382e+06	
      4339.339	     4.56495e+06	
      4339.602	     4.56549e+06	
      4339.867	     4.56602e+06	
      4340.001	     4.56627e+06	
      4340.132	     4.56649e+06	
      4340.197	     4.56659e+06	
      4340.263	     4.56665e+06	
      4340.329	     4.56671e+06	
      4340.395	     4.56678e+06	
      4340.461	     4.56687e+06	
      4340.527	     4.56706e+06	
      4340.593	     4.56731e+06	
      4340.659	     4.56753e+06	
      4340.791	     4.56794e+06	
      4341.005	     4.56854e+06	
      4341.055	     4.56866e+06	
      4341.105	     4.56879e+06	
      4341.205	     4.56904e+06	
      4341.227	     4.56910e+06	
      4341.238	     4.56913e+06	
      4341.405	     4.56954e+06	
      4341.583	     4.56995e+06	
      4341.939	     4.57080e+06	
      4342.640	     4.57243e+06	
      4343.330	     4.57400e+06	
      4343.570	     4.57454e+06	
      4344.041	     4.57560e+06	
      4344.752	     4.57724e+06	
      4346.174	     4.58044e+06	
      4348.578	     4.58581e+06	
      4348.777	     4.58629e+06	
      4348.976	     4.58673e+06	
      4349.374	     4.58760e+06	
      4350.170	     4.58936e+06	
      4350.322	     4.58971e+06	
      4351.761	     4.59291e+06	
      4353.201	     4.59612e+06	
      4354.734	     4.59951e+06	
      4356.077	     4.60246e+06	
      4356.080	     4.60246e+06	
      4357.426	     4.60545e+06	
      4358.774	     4.60840e+06	
      4359.170	     4.60925e+06	
      4361.472	     4.61409e+06	
      4363.773	     4.61912e+06	
      4367.980	     4.62819e+06	
      4368.376	     4.62904e+06	
      4368.524	     4.62939e+06	
      4368.772	     4.62992e+06	
      4369.563	     4.63162e+06	
      4371.147	     4.63501e+06	
      4373.770	     4.64060e+06	
      4378.769	     4.65119e+06	
      4383.768	     4.66165e+06	
      4388.766	     4.67205e+06	
      4393.765	     4.68232e+06	
      4398.764	     4.69250e+06	
      4403.762	     4.70070e+06	
      4408.761	     4.70808e+06	
      4413.760	     4.71540e+06	
      4418.758	     4.72269e+06	
      4423.757	     4.72992e+06	
      4428.756	     4.73711e+06	
      4433.754	     4.74421e+06	
      4438.753	     4.75128e+06	
      4443.752	     4.75832e+06	
      4448.751	     4.76529e+06	
      4453.749	     4.77220e+06	
      4458.748	     4.77908e+06	
      4463.747	     4.78590e+06	
      4468.745	     4.79269e+06	
      4473.744	     4.79941e+06	
      4478.743	     4.80607e+06	
      4483.741	     4.81270e+06	
      4488.740	     4.81927e+06	
      4493.739	     4.82580e+06	
      4498.737	     4.83350e+06	
      4503.736	     4.84415e+06	
      4508.735	     4.85461e+06	
      4513.733	     4.86498e+06	
      4514.118	     4.86576e+06	
      4518.732	     4.87519e+06	
      4523.346	     4.88445e+06	
      4527.190	     4.89212e+06	
      4527.960	     4.89366e+06	
      4528.729	     4.89517e+06	
      4530.269	     4.89818e+06	
      4532.968	     4.90346e+06	
      4533.288	     4.90409e+06	
      4533.348	     4.90421e+06	
      4533.728	     4.90497e+06	
      4534.488	     4.90641e+06	
      4536.007	     4.90937e+06	
      4538.727	     4.91461e+06	
      4543.725	     4.92413e+06	
      4548.724	     4.93349e+06	
      4553.723	     4.94276e+06	
      4558.721	     4.95187e+06	
      4563.720	     4.96086e+06	
      4568.719	     4.96972e+06	
      4573.717	     4.97845e+06	
      4578.716	     4.98706e+06	
      4583.715	     4.99554e+06	
      4588.713	     5.00393e+06	
      4593.712	     5.01216e+06	
      4596.529	     5.01612e+06	
      4596.984	     5.01675e+06	
      4598.711	     5.01917e+06	
      4600.892	     5.02212e+06	
      4603.709	     5.02592e+06	
      4604.800	     5.02737e+06	
      4608.708	     5.03258e+06	
      4613.707	     5.03918e+06	
      4618.705	     5.04568e+06	
      4623.704	     5.05212e+06	
      4628.703	     5.05847e+06	
      4633.701	     5.06475e+06	
      4638.700	     5.07097e+06	
      4643.699	     5.07710e+06	
      4648.697	     5.08313e+06	
      4653.696	     5.08910e+06	
      4658.695	     5.09500e+06	
      4663.694	     5.10085e+06	
      4668.692	     5.10660e+06	
      4673.691	     5.11228e+06	
      4678.690	     5.11787e+06	
      4683.688	     5.12340e+06	
      4688.687	     5.12887e+06	
      4693.686	     5.13405e+06	
      4698.684	     5.13895e+06	
      4703.683	     5.14379e+06	
      4708.682	     5.14854e+06	
      4713.680	     5.15325e+06	
      4715.603	     5.15504e+06	
      4718.679	     5.15790e+06	
      4720.984	     5.16000e+06	
      4721.755	     5.16073e+06	
      4723.678	     5.16248e+06	
      4724.830	     5.16352e+06	
      4728.676	     5.16698e+06	
      4733.675	     5.17144e+06	
      4738.674	     5.17581e+06	
      4743.672	     5.18011e+06	
      4748.671	     5.18435e+06	
      4753.670	     5.18853e+06	
      4758.668	     5.19264e+06	
      4763.667	     5.19667e+06	
      4768.666	     5.20062e+06	
      4773.664	     5.20449e+06	
      4778.663	     5.20829e+06	
      4783.662	     5.21203e+06	
      4788.660	     5.21564e+06	
      4793.659	     5.21910e+06	
      4798.658	     5.22246e+06	
      4803.656	     5.22573e+06	
      4808.655	     5.22890e+06	
      4813.654	     5.23198e+06	
      4818.652	     5.23496e+06	
      4823.651	     5.23785e+06	
      4828.650	     5.24065e+06	
      4833.648	     5.24335e+06	
      4834.972	     5.24404e+06	
      4838.647	     5.24596e+06	
      4839.161	     5.24621e+06	
      4842.322	     5.24787e+06	
      4845.483	     5.24948e+06	
      4845.503	     5.24948e+06	
      4847.054	     5.25026e+06	
      4848.644	     5.25105e+06	
      4851.785	     5.25259e+06	
      4854.393	     5.25387e+06	
      4856.517	     5.25488e+06	
      4858.401	     5.25573e+06	
      4858.642	     5.25582e+06	
      4858.664	     5.25582e+06	
      4858.883	     5.25592e+06	
      4859.364	     5.25610e+06	
      4859.473	     5.25614e+06	
      4860.065	     5.25626e+06	
      4860.361	     5.25629e+06	
      4860.657	     5.25626e+06	
      4860.805	     5.25620e+06	
      4860.953	     5.25604e+06	
      4861.027	     5.25592e+06	
      4861.101	     5.25570e+06	
      4861.175	     5.25541e+06	
      4861.248	     5.25516e+06	
      4861.322	     5.25504e+06	
      4861.396	     5.25526e+06	
      4861.470	     5.25560e+06	
      4861.543	     5.25598e+06	
      4861.641	     5.25636e+06	
      4861.687	     5.25648e+06	
      4861.689	     5.25651e+06	
      4861.691	     5.25651e+06	
      4861.695	     5.25651e+06	
      4861.741	     5.25664e+06	
      4861.841	     5.25686e+06	
      4861.979	     5.25711e+06	
      4861.987	     5.25711e+06	
      4862.279	     5.25752e+06	
      4862.579	     5.25790e+06	
      4862.596	     5.25790e+06	
      4863.178	     5.25849e+06	
      4863.727	     5.25899e+06	
      4863.761	     5.25903e+06	
      4864.927	     5.26003e+06	
      4866.127	     5.26104e+06	
      4868.413	     5.26286e+06	
      4868.526	     5.26295e+06	
      4868.639	     5.26305e+06	
      4868.865	     5.26320e+06	
      4869.317	     5.26358e+06	
      4869.583	     5.26377e+06	
      4870.221	     5.26427e+06	
      4870.858	     5.26478e+06	
      4872.134	     5.26578e+06	
      4874.623	     5.26773e+06	
      4874.685	     5.26779e+06	
      4874.747	     5.26782e+06	
      4874.871	     5.26792e+06	
      4875.119	     5.26814e+06	
      4875.615	     5.26851e+06	
      4876.607	     5.26927e+06	
      4878.452	     5.27071e+06	
      4878.544	     5.27078e+06	
      4878.590	     5.27081e+06	
      4878.636	     5.27087e+06	
      4878.820	     5.27100e+06	
      4879.188	     5.27128e+06	
      4879.526	     5.27156e+06	
      4879.924	     5.27184e+06	
      4880.322	     5.27216e+06	
      4880.941	     5.27263e+06	
      4881.118	     5.27279e+06	
      4882.709	     5.27398e+06	
      4884.478	     5.27533e+06	
      4887.396	     5.27753e+06	
      4888.015	     5.27800e+06	
      4888.634	     5.27847e+06	
      4889.871	     5.27938e+06	
      4891.061	     5.28026e+06	
      4892.347	     5.28121e+06	
      4893.632	     5.28212e+06	
      4893.777	     5.28224e+06	
      4896.204	     5.28397e+06	
      4898.631	     5.28570e+06	
      4903.340	     5.28900e+06	
      4903.485	     5.28909e+06	
      4903.630	     5.28919e+06	
      4903.920	     5.28941e+06	
      4904.499	     5.28978e+06	
      4905.659	     5.29057e+06	
      4907.328	     5.29170e+06	
      4907.977	     5.29214e+06	
      4908.628	     5.29258e+06	
      4909.929	     5.29346e+06	
      4911.434	     5.29446e+06	
      4912.530	     5.29519e+06	
      4913.014	     5.29550e+06	
      4913.627	     5.29588e+06	
      4915.550	     5.29713e+06	
      4915.820	     5.29732e+06	
      4918.240	     5.29886e+06	
      4918.626	     5.29911e+06	
      4921.701	     5.30103e+06	
      4923.624	     5.30222e+06	
      4925.162	     5.30317e+06	
      4928.623	     5.30527e+06	
      4933.622	     5.30825e+06	
      4938.620	     5.31115e+06	
      4943.619	     5.31394e+06	
      4948.618	     5.31671e+06	
      4953.616	     5.31938e+06	
      4958.615	     5.32202e+06	
      4963.614	     5.32456e+06	
      4968.612	     5.32704e+06	
      4973.611	     5.32949e+06	
      4978.610	     5.33188e+06	
      4983.608	     5.33420e+06	
      4988.607	     5.33637e+06	
      4993.606	     5.33848e+06	
      4998.604	     5.34055e+06	
      5003.603	     5.34259e+06	
      5008.602	     5.34457e+06	
      5013.600	     5.34652e+06	
      5018.599	     5.34840e+06	
      5023.598	     5.35026e+06	
      5028.596	     5.35208e+06	
      5033.595	     5.35387e+06	
      5038.594	     5.35560e+06	
      5043.592	     5.35730e+06	
      5048.591	     5.35896e+06	
      5053.590	     5.36059e+06	
      5058.588	     5.36216e+06	
      5063.587	     5.36374e+06	
      5068.586	     5.36524e+06	
      5073.584	     5.36672e+06	
      5078.583	     5.36817e+06	
      5083.582	     5.36939e+06	
      5088.580	     5.37052e+06	
      5093.579	     5.37162e+06	
      5098.578	     5.37269e+06	
      5103.576	     5.37373e+06	
      5108.575	     5.37473e+06	
      5113.574	     5.37570e+06	
      5118.572	     5.37665e+06	
      5123.571	     5.37756e+06	
      5128.570	     5.37847e+06	
      5133.568	     5.37932e+06	
      5138.567	     5.38017e+06	
      5143.566	     5.38098e+06	
      5148.564	     5.38177e+06	
      5153.563	     5.38252e+06	
      5158.562	     5.38324e+06	
      5163.560	     5.38394e+06	
      5168.559	     5.38463e+06	
      5173.558	     5.38529e+06	
      5178.556	     5.38585e+06	
      5183.555	     5.38623e+06	
      5188.554	     5.38661e+06	
      5193.552	     5.38695e+06	
      5198.551	     5.38727e+06	
      5203.550	     5.38758e+06	
      5208.548	     5.38786e+06	
      5213.547	     5.38811e+06	
      5218.546	     5.38833e+06	
      5223.544	     5.38855e+06	
      5228.543	     5.38874e+06	
      5233.542	     5.38890e+06	
      5238.540	     5.38903e+06	
      5243.539	     5.38915e+06	
      5248.537	     5.38925e+06	
      5253.536	     5.38931e+06	
      5258.535	     5.38934e+06	
      5263.533	     5.38937e+06	
      5268.532	     5.38937e+06	
      5273.531	     5.38937e+06	
      5278.529	     5.39003e+06	
      5283.528	     5.39078e+06	
      5288.527	     5.39151e+06	
      5293.525	     5.39220e+06	
      5298.524	     5.39283e+06	
      5303.523	     5.39342e+06	
      5308.521	     5.39399e+06	
      5313.520	     5.39452e+06	
      5318.519	     5.39499e+06	
      5323.517	     5.39543e+06	
      5328.516	     5.39584e+06	
      5333.515	     5.39622e+06	
      5338.513	     5.39657e+06	
      5343.512	     5.39685e+06	
      5348.511	     5.39713e+06	
      5353.509	     5.39735e+06	
      5358.508	     5.39754e+06	
      5363.507	     5.39788e+06	
      5368.505	     5.39801e+06	
      5373.504	     5.39776e+06	
      5378.503	     5.39704e+06	
      5383.501	     5.39631e+06	
      5388.500	     5.39556e+06	
      5393.499	     5.39477e+06	
      5398.497	     5.39399e+06	
      5403.496	     5.39317e+06	
      5408.495	     5.39236e+06	
      5413.493	     5.39148e+06	
      5418.492	     5.39063e+06	
      5423.491	     5.38972e+06	
      5428.489	     5.38881e+06	
      5433.488	     5.38789e+06	
      5438.487	     5.38695e+06	
      5443.485	     5.38598e+06	
      5448.484	     5.38500e+06	
      5453.483	     5.38400e+06	
      5458.481	     5.38299e+06	
      5463.480	     5.38196e+06	
      5468.479	     5.38089e+06	
      5473.477	     5.38032e+06	
      5478.476	     5.37973e+06	
      5483.475	     5.37913e+06	
      5488.473	     5.37850e+06	
      5493.472	     5.37784e+06	
      5498.471	     5.37718e+06	
      5503.469	     5.37649e+06	
      5508.468	     5.37577e+06	
      5513.466	     5.37501e+06	
      5518.465	     5.37426e+06	
      5523.464	     5.37347e+06	
      5528.462	     5.37266e+06	
      5533.461	     5.37184e+06	
      5538.460	     5.37096e+06	
      5543.458	     5.37011e+06	
      5548.457	     5.36920e+06	
      5553.456	     5.36829e+06	
      5558.454	     5.36735e+06	
      5563.453	     5.36641e+06	
      5568.452	     5.36543e+06	
      5573.450	     5.36440e+06	
      5578.449	     5.36336e+06	
      5583.448	     5.36232e+06	
      5588.446	     5.36125e+06	
      5593.445	     5.36015e+06	
      5598.444	     5.35905e+06	
      5603.442	     5.35789e+06	
      5608.441	     5.35676e+06	
      5613.440	     5.35560e+06	
      5618.438	     5.35440e+06	
      5623.437	     5.35318e+06	
      5628.436	     5.35195e+06	
      5633.434	     5.35070e+06	
      5638.433	     5.34944e+06	
      5643.432	     5.34815e+06	
      5648.430	     5.34687e+06	
      5653.429	     5.34555e+06	
      5658.428	     5.34419e+06	
      5663.426	     5.34284e+06	
      5668.425	     5.34156e+06	
      5673.424	     5.34014e+06	
      5673.979	     5.33998e+06	
      5678.422	     5.33873e+06	
      5682.865	     5.33744e+06	
      5686.198	     5.33647e+06	
      5687.309	     5.33615e+06	
      5687.864	     5.33600e+06	
      5688.420	     5.33581e+06	
      5690.641	     5.33518e+06	
      5693.418	     5.33436e+06	
      5698.417	     5.33285e+06	
      5703.415	     5.33135e+06	
      5704.770	     5.33094e+06	
      5708.414	     5.32981e+06	
      5708.882	     5.32968e+06	
      5712.058	     5.32871e+06	
      5713.413	     5.32827e+06	
      5715.234	     5.32770e+06	
      5718.411	     5.32673e+06	
      5723.410	     5.32513e+06	
      5728.409	     5.32355e+06	
      5733.407	     5.32192e+06	
      5738.406	     5.32032e+06	
      5743.405	     5.31865e+06	
      5748.403	     5.31702e+06	
      5753.402	     5.31532e+06	
      5758.401	     5.31363e+06	
      5763.399	     5.31061e+06	
      5768.398	     5.30885e+06	
      5773.397	     5.30709e+06	
      5778.395	     5.30533e+06	
      5783.394	     5.30354e+06	
      5788.393	     5.30175e+06	
      5793.391	     5.29993e+06	
      5798.390	     5.29811e+06	
      5803.389	     5.29625e+06	
      5808.387	     5.29440e+06	
      5813.386	     5.29252e+06	
      5818.385	     5.29060e+06	
      5823.383	     5.28871e+06	
      5828.382	     5.28677e+06	
      5833.381	     5.28485e+06	
      5838.379	     5.28287e+06	
      5843.378	     5.28092e+06	
      5848.377	     5.27894e+06	
      5853.375	     5.27693e+06	
      5858.374	     5.27492e+06	
      5863.372	     5.27291e+06	
      5868.371	     5.27087e+06	
      5873.370	     5.26883e+06	
      5878.368	     5.26679e+06	
      5883.367	     5.26468e+06	
      5888.366	     5.26261e+06	
      5893.364	     5.26050e+06	
      5898.363	     5.25840e+06	
      5903.362	     5.25626e+06	
      5908.360	     5.25409e+06	
      5913.359	     5.25196e+06	
      5918.358	     5.24979e+06	
      5923.356	     5.24759e+06	
      5928.355	     5.24539e+06	
      5933.354	     5.24316e+06	
      5938.352	     5.24093e+06	
      5943.351	     5.23870e+06	
      5948.350	     5.23644e+06	
      5953.348	     5.23418e+06	
      5958.347	     5.23188e+06	
      5963.346	     5.22956e+06	
      5968.344	     5.22723e+06	
      5973.343	     5.22488e+06	
      5978.342	     5.22252e+06	
      5983.340	     5.22016e+06	
      5988.339	     5.21778e+06	
      5993.338	     5.21539e+06	
      5998.336	     5.21297e+06	
      6003.335	     5.21055e+06	
      6008.333	     5.20813e+06	
      6013.332	     5.20568e+06	
      6018.331	     5.20323e+06	
      6023.329	     5.20075e+06	
      6028.328	     5.19827e+06	
      6033.327	     5.19579e+06	
      6038.325	     5.19327e+06	
      6043.324	     5.19076e+06	
      6048.323	     5.18825e+06	
      6053.321	     5.18570e+06	
      6058.320	     5.18313e+06	
      6063.319	     5.18058e+06	
      6068.317	     5.17800e+06	
      6073.316	     5.17540e+06	
      6078.315	     5.17279e+06	
      6083.313	     5.17018e+06	
      6088.312	     5.16754e+06	
      6093.311	     5.16490e+06	
      6098.309	     5.16227e+06	
      6103.308	     5.15959e+06	
      6108.307	     5.15692e+06	
      6113.305	     5.15422e+06	
      6118.304	     5.15152e+06	
      6123.303	     5.14882e+06	
      6128.301	     5.14612e+06	
      6133.300	     5.14335e+06	
      6138.298	     5.14062e+06	
      6143.297	     5.13785e+06	
      6148.296	     5.13509e+06	
      6153.294	     5.13229e+06	
      6158.293	     5.12950e+06	
      6163.292	     5.12667e+06	
      6168.290	     5.12384e+06	
      6173.289	     5.12102e+06	
      6178.288	     5.11816e+06	
      6183.286	     5.11530e+06	
      6188.285	     5.11244e+06	
      6193.284	     5.10955e+06	
      6198.282	     5.10666e+06	
      6203.281	     5.10374e+06	
      6208.280	     5.10082e+06	
      6213.278	     5.09786e+06	
      6218.277	     5.09491e+06	
      6223.276	     5.09196e+06	
      6228.274	     5.08897e+06	
      6233.273	     5.08599e+06	
      6238.272	     5.08297e+06	
      6243.270	     5.07996e+06	
      6244.381	     5.07930e+06	
      6248.269	     5.07694e+06	
      6252.157	     5.07455e+06	
      6253.821	     5.07355e+06	
      6256.044	     5.07220e+06	
      6258.266	     5.07081e+06	
      6262.157	     5.06843e+06	
      6262.711	     5.06808e+06	
      6263.265	     5.06773e+06	
      6264.372	     5.06704e+06	
      6264.912	     5.06673e+06	
      6266.588	     5.06569e+06	
      6268.263	     5.06466e+06	
      6269.967	     5.06359e+06	
      6271.615	     5.06255e+06	
      6273.262	     5.06155e+06	
      6274.854	     5.06054e+06	
      6276.557	     5.05947e+06	
      6278.261	     5.05840e+06	
      6280.076	     5.05727e+06	
      6281.668	     5.05627e+06	
      6283.259	     5.05526e+06	
      6284.627	     5.05441e+06	
      6286.443	     5.05328e+06	
      6288.258	     5.05212e+06	
      6290.521	     5.05068e+06	
      6291.889	     5.04983e+06	
      6293.257	     5.04895e+06	
      6293.729	     5.04863e+06	
      6295.992	     5.04719e+06	
      6298.255	     5.04574e+06	
      6302.310	     5.04317e+06	
      6302.782	     5.04285e+06	
      6303.254	     5.04254e+06	
      6303.918	     5.04213e+06	
      6304.198	     5.04194e+06	
      6306.085	     5.04072e+06	
      6308.253	     5.03933e+06	
      6311.924	     5.03695e+06	
      6312.587	     5.03651e+06	
      6313.251	     5.03607e+06	
      6314.579	     5.03522e+06	
      6316.219	     5.03415e+06	
      6317.234	     5.03346e+06	
      6317.314	     5.03343e+06	
      6318.250	     5.03280e+06	
      6320.281	     5.03148e+06	
      6323.249	     5.02953e+06	
      6328.247	     5.02620e+06	
      6333.246	     5.02287e+06	
      6338.245	     5.01954e+06	
      6343.243	     5.01615e+06	
      6348.242	     5.01276e+06	
      6353.241	     5.00933e+06	
      6358.239	     5.00588e+06	
      6363.238	     5.00239e+06	
      6368.236	     4.99890e+06	
      6373.235	     4.99535e+06	
      6378.234	     4.99177e+06	
      6383.232	     4.98819e+06	
      6388.231	     4.98455e+06	
      6393.230	     4.98087e+06	
      6398.228	     4.97716e+06	
      6403.227	     4.97339e+06	
      6408.226	     4.96962e+06	
      6413.224	     4.96576e+06	
      6418.223	     4.96186e+06	
      6423.222	     4.95794e+06	
      6428.220	     4.95395e+06	
      6433.219	     4.94989e+06	
      6438.218	     4.94578e+06	
      6443.216	     4.94163e+06	
      6448.215	     4.93739e+06	
      6453.214	     4.93309e+06	
      6458.212	     4.92869e+06	
      6463.211	     4.92423e+06	
      6468.210	     4.91970e+06	
      6473.208	     4.91508e+06	
      6478.207	     4.91037e+06	
      6483.205	     4.90557e+06	
      6488.204	     4.90066e+06	
      6493.203	     4.89564e+06	
      6498.201	     4.89055e+06	
      6503.200	     4.88537e+06	
      6508.199	     4.88006e+06	
      6513.197	     4.87468e+06	
      6518.196	     4.86919e+06	
      6523.195	     4.86363e+06	
      6523.719	     4.86306e+06	
      6528.193	     4.85800e+06	
      6532.668	     4.85294e+06	
      6536.095	     4.84905e+06	
      6537.143	     4.84785e+06	
      6537.383	     4.84757e+06	
      6538.191	     4.84666e+06	
      6540.286	     4.84427e+06	
      6543.189	     4.84104e+06	
      6546.457	     4.83730e+06	
      6546.724	     4.83702e+06	
      6548.188	     4.83532e+06	
      6549.918	     4.83328e+06	
      6553.113	     4.82957e+06	
      6554.426	     4.82803e+06	
      6556.306	     4.82574e+06	
      6556.871	     4.82502e+06	
      6557.903	     4.82366e+06	
      6558.185	     4.82329e+06	
      6559.500	     4.82137e+06	
      6560.298	     4.82002e+06	
      6561.096	     4.81832e+06	
      6561.496	     4.81722e+06	
      6561.895	     4.81575e+06	
      6562.094	     4.81474e+06	
      6562.294	     4.81330e+06	
      6562.394	     4.81229e+06	
      6562.494	     4.81094e+06	
      6562.594	     4.80918e+06	
      6562.693	     4.80748e+06	
      6562.793	     4.80651e+06	
      6562.892	     4.80736e+06	
      6562.992	     4.80893e+06	
      6563.092	     4.81056e+06	
      6563.291	     4.81267e+06	
      6563.641	     4.81443e+06	
      6563.687	     4.81458e+06	
      6563.689	     4.81462e+06	
      6563.691	     4.81462e+06	
      6563.741	     4.81477e+06	
      6563.841	     4.81502e+06	
      6564.041	     4.81550e+06	
      6564.294	     4.81590e+06	
      6564.392	     4.81606e+06	
      6564.441	     4.81612e+06	
      6564.490	     4.81616e+06	
      6564.685	     4.81638e+06	
      6565.077	     4.81669e+06	
      6565.636	     4.81700e+06	
      6565.861	     4.81710e+06	
      6566.086	     4.81716e+06	
      6566.536	     4.81729e+06	
      6566.689	     4.81732e+06	
      6567.085	     4.81738e+06	
      6567.436	     4.81741e+06	
      6568.183	     4.81744e+06	
      6569.280	     4.81744e+06	
      6570.478	     4.81738e+06	
      6571.476	     4.81729e+06	
      6572.473	     4.81719e+06	
      6573.270	     4.81710e+06	
      6574.469	     4.81697e+06	
      6575.667	     4.81682e+06	
      6577.950	     4.81656e+06	
      6578.065	     4.81656e+06	
      6578.180	     4.81653e+06	
      6578.410	     4.81650e+06	
      6578.870	     4.81644e+06	
      6579.789	     4.81631e+06	
      6580.079	     4.81628e+06	
      6581.629	     4.81603e+06	
      6583.178	     4.81581e+06	
      6584.378	     4.81565e+06	
      6586.278	     4.81537e+06	
      6587.911	     4.81512e+06	
      6588.177	     4.81509e+06	
      6588.443	     4.81506e+06	
      6588.975	     4.81496e+06	
      6590.039	     4.81480e+06	
      6591.023	     4.81465e+06	
      6592.166	     4.81449e+06	
      6593.014	     4.81433e+06	
      6593.309	     4.81430e+06	
      6595.594	     4.81393e+06	
      6598.174	     4.81352e+06	
      6603.335	     4.81261e+06	
      6613.656	     4.81056e+06	
      6634.299	     4.80513e+06	
      6639.690	     4.80340e+06	
      6675.584	     4.78911e+06	
      6711.477	     4.77104e+06	
      6741.748	     4.75392e+06	
      6783.263	     4.72857e+06	
      6824.779	     4.70171e+06	
      6907.811	     4.64572e+06	
      6990.842	     4.58754e+06	
      7038.601	     4.55346e+06	
      7073.874	     4.52801e+06	
      7109.146	     4.50244e+06	
      7179.691	     4.45132e+06	
      7250.236	     4.39974e+06	
      7320.781	     4.34781e+06	
      7389.137	     4.29789e+06	
      7391.326	     4.29625e+06	
      7393.514	     4.29462e+06	
      7397.891	     4.29138e+06	
      7406.645	     4.28494e+06	
      7424.152	     4.27203e+06	
      7459.167	     4.24621e+06	
      7529.196	     4.19443e+06	
      7599.225	     4.14263e+06	
      7660.626	     4.09717e+06	
      7669.254	     4.09079e+06	
      7677.881	     4.08442e+06	
      7695.137	     4.07179e+06	
      7729.647	     4.04650e+06	
      7798.668	     3.99601e+06	
      7867.690	     3.94562e+06	
      7911.174	     3.91392e+06	
      7936.711	     3.89535e+06	
      7962.248	     3.87682e+06	
      8013.322	     3.84003e+06	
      8046.242	     3.81638e+06	
      8064.396	     3.80334e+06	
      8082.550	     3.79033e+06	
      8118.857	     3.76444e+06	
      8180.092	     3.72097e+06	
      8191.471	     3.71292e+06	
      8200.850	     3.70629e+06	
      8202.850	     3.70488e+06	
      8204.849	     3.70347e+06	
      8208.848	     3.70064e+06	
      8216.846	     3.69502e+06	
      8232.842	     3.68377e+06	
      8264.833	     3.66134e+06	
      8289.715	     3.64393e+06	
      8328.816	     3.61666e+06	
      8343.441	     3.60649e+06	
      8367.916	     3.58949e+06	
      8371.465	     3.58704e+06	
      8388.684	     3.57516e+06	
      8392.391	     3.57262e+06	
      8408.650	     3.56140e+06	
      8413.318	     3.55820e+06	
      8432.024	     3.54535e+06	
      8437.951	     3.54130e+06	
      8467.252	     3.52125e+06	
      8473.978	     3.51664e+06	
      8502.481	     3.49722e+06	
      8516.584	     3.48761e+06	
      8530.983	     3.47784e+06	
      8545.382	     3.46813e+06	
      8549.972	     3.46505e+06	
      8574.180	     3.44878e+06	
      8598.388	     3.43254e+06	
      8628.597	     3.41237e+06	
      8646.805	     3.40024e+06	
      8652.391	     3.39650e+06	
      8665.013	     3.38811e+06	
      8685.587	     3.37448e+06	
      8701.429	     3.36399e+06	
      8750.468	     3.33166e+06	
      8767.917	     3.32022e+06	
      8815.350	     3.28922e+06	
      8862.782	     3.25865e+06	
      8900.383	     3.23455e+06	
      8957.646	     3.19811e+06	
      9014.908	     3.16195e+06	
      9044.624	     3.14329e+06	
      9072.171	     3.12609e+06	
      9099.717	     3.10894e+06	
      9154.810	     3.07513e+06	
      9190.798	     3.05320e+06	
      9209.903	     3.04161e+06	
      9229.009	     3.03004e+06	
      9267.221	     3.00701e+06	
      9303.204	     2.98545e+06	
      9343.644	     2.96136e+06	
      9384.084	     2.93743e+06	
      9464.964	     2.89042e+06	
      9545.723	     2.84407e+06	
      9545.844	     2.84401e+06	
      9545.965	     2.84394e+06	
      9546.207	     2.84380e+06	
      9546.691	     2.84352e+06	
      9546.866	     2.84342e+06	
      9547.658	     2.84297e+06	
      9549.594	     2.84187e+06	
      9553.465	     2.83967e+06	
      9561.207	     2.83526e+06	
      9576.691	     2.82647e+06	
      9607.658	     2.80895e+06	
      9668.451	     2.77482e+06	
      9729.243	     2.74133e+06	
      9790.036	     2.70818e+06	
      9850.828	     2.67537e+06	
      9870.422	     2.66487e+06	
      9911.620	     2.64291e+06	
      9952.819	     2.62111e+06	
     10021.070	     2.58564e+06	
     10035.217	     2.57834e+06	
     10049.364	     2.57106e+06	
     10077.658	     2.55656e+06	
     10134.247	     2.52776e+06	
     10144.484	     2.52258e+06	
     10190.835	     2.49926e+06	
     10237.187	     2.47613e+06	
     10329.890	     2.43142e+06	
     10422.592	     2.38744e+06	
     10515.295	     2.34418e+06	
     10607.998	     2.30164e+06	
     10700.701	     2.25983e+06	
     10793.403	     2.21873e+06	
     10834.127	     2.20091e+06	
     10886.106	     2.17836e+06	
     10938.085	     2.15602e+06	
     10990.064	     2.13393e+06	
     11042.043	     2.11205e+06	
     11094.022	     2.09039e+06	
     11146.000	     2.06895e+06	
     11197.979	     2.04772e+06	
     11239.008	     2.03113e+06	
     11249.958	     2.02672e+06	
     11260.908	     2.02232e+06	
     11282.808	     2.01387e+06	
     11326.608	     1.99708e+06	
     11414.209	     1.96388e+06	
     11501.809	     1.93122e+06	
     11589.411	     1.89910e+06	
     11677.011	     1.86751e+06	
     11764.612	     1.83644e+06	
     11852.212	     1.80589e+06	
     11939.813	     1.77586e+06	
     12027.413	     1.74633e+06	
     12115.014	     1.71732e+06	
     12120.600	     1.71548e+06	
     12202.614	     1.68880e+06	
     12284.629	     1.66255e+06	
     12366.644	     1.63782e+06	
     12448.658	     1.61345e+06	
     12530.673	     1.58945e+06	
     12612.688	     1.56581e+06	
     12694.701	     1.54253e+06	
     12735.367	     1.53112e+06	
     12776.716	     1.51960e+06	
     12818.066	     1.50817e+06	
     12900.764	     1.48561e+06	
     12983.464	     1.46339e+06	
     13066.162	     1.44151e+06	
     13148.861	     1.41998e+06	
     13154.771	     1.41845e+06	
     13231.560	     1.39879e+06	
     13308.350	     1.37941e+06	
     13385.140	     1.36133e+06	
     13461.929	     1.34349e+06	
     13538.719	     1.32588e+06	
     13615.509	     1.30850e+06	
     13692.299	     1.29135e+06	
     13769.088	     1.27443e+06	
     13845.878	     1.25774e+06	
     13922.668	     1.24127e+06	
     13999.458	     1.22502e+06	
     14076.247	     1.20899e+06	
     14153.038	     1.19317e+06	
     14229.828	     1.17758e+06	
     14281.164	     1.16727e+06	
     14306.618	     1.16220e+06	
     14332.071	     1.15715e+06	
     14382.978	     1.14744e+06	
     14410.128	     1.14231e+06	
     14427.096	     1.13911e+06	
     14433.884	     1.13783e+06	
     14457.640	     1.13337e+06	
     14505.152	     1.12457e+06	
     14581.211	     1.11064e+06	
     14583.210	     1.11027e+06	
     14585.210	     1.10991e+06	
     14589.208	     1.10921e+06	
     14597.206	     1.10780e+06	
     14613.202	     1.10499e+06	
     14645.193	     1.09938e+06	
     14709.176	     1.08825e+06	
     14773.158	     1.07722e+06	
     14837.141	     1.06630e+06	
     14901.123	     1.05548e+06	
     14965.106	     1.04477e+06	
     15029.088	     1.03416e+06	
     15093.071	     1.02365e+06	
     15157.054	     1.01325e+06	
     15221.036	     1.00295e+06	
     15285.019	     9.92753e+05	
     15349.001	     9.82659e+05	
     15412.984	     9.72665e+05	
     15471.572	     9.63608e+05	
     15476.966	     9.62779e+05	
     15482.361	     9.61949e+05	
     15493.150	     9.60259e+05	
     15514.728	     9.56885e+05	
     15557.884	     9.50175e+05	
     15644.197	     9.36898e+05	
     15730.509	     9.23814e+05	
     15816.821	     9.10917e+05	
     15903.134	     8.98206e+05	
     15989.446	     8.85678e+05	
     16075.759	     8.73331e+05	
     16162.071	     8.61167e+05	
     16248.384	     8.49185e+05	
     16289.880	     8.43486e+05	
     16334.696	     8.37379e+05	
     16379.512	     8.31316e+05	
     16469.143	     8.17292e+05	
     16558.775	     8.03550e+05	
     16648.406	     7.90089e+05	
     16738.038	     7.76900e+05	
     16827.669	     7.63979e+05	
     16917.301	     7.51318e+05	
     17006.933	     7.38909e+05	
     17096.564	     7.26748e+05	
     17186.196	     7.14832e+05	
     17275.827	     7.03151e+05	
     17327.685	     6.96501e+05	
     17365.459	     6.91703e+05	
     17403.232	     6.86947e+05	
     17478.780	     6.77544e+05	
     17554.327	     6.68302e+05	
     17629.874	     6.59210e+05	
     17705.422	     6.50266e+05	
     17780.969	     6.41472e+05	
     17856.517	     6.32824e+05	
     17932.064	     6.24316e+05	
     18007.611	     6.15714e+05	
     18083.159	     6.07461e+05	
     18158.706	     5.99340e+05	
     18234.253	     5.91348e+05	
     18309.801	     5.83479e+05	
     18343.743	     5.79985e+05	
     18385.348	     5.75738e+05	
     18426.953	     5.71525e+05	
     18510.162	     5.63212e+05	
     18593.371	     5.55047e+05	
     18602.053	     5.54202e+05	
     18676.581	     5.47033e+05	
     18751.108	     5.39974e+05	
     18825.636	     5.33097e+05	
     18900.163	     5.26324e+05	
     18974.691	     5.19660e+05	
     19049.219	     5.13104e+05	
     19123.746	     5.06645e+05	
     19198.274	     5.00280e+05	
     19272.802	     4.94009e+05	
     19347.329	     4.87833e+05	
     19393.041	     4.84088e+05	
     19421.857	     4.81748e+05	
     19450.673	     4.79416e+05	
     19508.305	     4.74801e+05	
     19565.938	     4.70372e+05	
     19623.570	     4.65848e+05	
     19681.202	     4.61377e+05	
     19738.834	     4.56960e+05	
     19796.467	     4.52597e+05	
     19854.099	     4.48280e+05	
     19911.731	     4.44017e+05	
     19969.363	     4.39801e+05	
     20026.996	     4.35635e+05	
     20084.628	     4.31520e+05	
     20142.260	     4.27448e+05	
     20199.892	     4.23427e+05	
     20257.525	     4.19450e+05	
     20315.157	     4.15520e+05	
     20372.789	     4.11633e+05	
     20386.449	     4.10719e+05	
     20430.421	     4.07791e+05	
     20474.393	     4.04892e+05	
     20562.337	     3.99168e+05	
     20650.280	     3.93541e+05	
     20738.224	     3.88012e+05	
     20826.167	     3.82580e+05	
     20914.111	     3.77239e+05	
     21002.055	     3.71990e+05	
     21089.998	     3.66828e+05	
     21177.942	     3.61758e+05	
     21265.885	     3.56772e+05	
     21353.829	     3.51871e+05	
     21441.773	     3.47052e+05	
     21529.716	     3.42311e+05	
     21604.704	     3.38334e+05	
     21617.660	     3.37652e+05	
     21630.617	     3.36974e+05	
     21656.529	     3.35619e+05	
     21708.356	     3.32930e+05	
     21760.182	     3.30269e+05	
     21812.008	     3.27634e+05	
     21863.835	     3.25023e+05	
     21915.661	     3.22441e+05	
     21967.487	     3.19880e+05	
     22019.313	     3.17348e+05	
     22071.139	     3.14838e+05	
     22122.966	     3.12353e+05	
     22174.792	     3.09891e+05	
     22226.619	     3.07454e+05	
     22278.445	     3.05041e+05	
     22330.271	     3.02651e+05	
     22382.097	     3.00284e+05	
     22433.923	     2.97940e+05	
     22485.750	     2.95618e+05	
     22537.576	     2.93318e+05	
     22589.403	     2.91041e+05	
     22641.228	     2.88785e+05	
     22693.054	     2.86550e+05	
     22702.925	     2.86127e+05	
     22744.881	     2.84337e+05	
     22784.838	     2.82645e+05	
     22786.838	     2.82561e+05	
     22788.837	     2.82477e+05	
     22792.836	     2.82308e+05	
     22800.834	     2.81971e+05	
     22816.829	     2.81300e+05	
     22848.821	     2.79963e+05	
     22912.803	     2.77312e+05	
     22976.786	     2.74691e+05	
     23040.768	     2.72102e+05	
     23104.751	     2.69542e+05	
     23168.733	     2.67012e+05	
     23232.716	     2.64511e+05	
     23296.698	     2.62039e+05	
     23360.681	     2.59595e+05	
     23424.663	     2.57179e+05	
     23488.646	     2.54791e+05	
     23552.628	     2.52431e+05	
     23616.611	     2.50097e+05	
     23680.593	     2.47790e+05	
     23744.576	     2.45509e+05	
     23808.558	     2.43254e+05	
     23872.541	     2.41024e+05	
     23936.523	     2.38819e+05	
     24000.506	     2.36640e+05	
     24064.488	     2.34484e+05	
     24128.471	     2.32353e+05	
     24192.453	     2.30246e+05	
     24256.436	     2.28163e+05	
     24320.419	     2.26102e+05	
     24384.401	     2.24065e+05	
     24448.384	     2.22050e+05	
     24512.366	     2.20057e+05	
     24576.349	     2.18087e+05	
     24640.331	     2.16138e+05	
     24704.314	     2.14211e+05	
     24768.296	     2.12305e+05	
     24832.279	     2.10419e+05	
     24896.261	     2.08555e+05	
     24960.244	     2.06711e+05	
     25004.437	     2.05449e+05	
     25024.226	     2.04887e+05	
     25044.016	     2.04327e+05	
     25083.595	     2.03213e+05	
     25162.753	     2.01007e+05	
     25241.912	     1.98830e+05	
     25321.070	     1.96683e+05	
     25400.228	     1.94564e+05	
     25479.387	     1.92474e+05	
     25558.545	     1.90411e+05	
     25637.703	     1.88376e+05	
     25716.862	     1.86367e+05	
     25796.020	     1.84384e+05	
     25875.179	     1.82428e+05	
     25954.337	     1.80497e+05	
     26033.495	     1.78592e+05	
     26112.654	     1.76711e+05	
     26191.812	     1.74855e+05	
     26270.970	     1.73023e+05	
     26350.129	     1.71214e+05	
     26429.287	     1.69429e+05	
     26508.445	     1.67666e+05	
     26587.604	     1.65927e+05	
     26666.762	     1.64209e+05	
     26745.921	     1.62514e+05	
     26825.079	     1.60840e+05	
     26904.237	     1.59188e+05	
     26983.396	     1.57556e+05	
     27062.554	     1.55945e+05	
     27141.712	     1.54354e+05	
     27142.547	     1.54338e+05	
     27220.871	     1.52784e+05	
     27299.194	     1.51249e+05	
     27377.518	     1.49734e+05	
     27455.842	     1.48238e+05	
     27534.165	     1.46760e+05	
     27612.489	     1.45301e+05	
     27690.812	     1.43859e+05	
     27769.136	     1.42435e+05	
     27847.459	     1.41028e+05	
     27925.783	     1.39639e+05	
     28004.107	     1.38267e+05	
     28082.430	     1.36911e+05	
     28160.754	     1.35571e+05	
     28239.077	     1.34248e+05	
     28317.401	     1.32941e+05	
     28395.725	     1.31650e+05	
     28474.048	     1.30374e+05	
     28552.372	     1.29113e+05	
     28630.695	     1.27867e+05	
     28709.019	     1.26637e+05	
     28787.343	     1.25421e+05	
     28865.666	     1.24219e+05	
     28943.990	     1.23031e+05	
     29022.313	     1.21858e+05	
     29100.637	     1.20698e+05	
     29178.961	     1.19552e+05	
     29257.284	     1.18420e+05	
     29335.608	     1.17300e+05	
     29413.931	     1.16194e+05	
     29492.255	     1.15101e+05	
     29570.578	     1.14021e+05	
     29648.902	     1.12953e+05	
     29727.226	     1.11897e+05	
     29805.549	     1.10854e+05	
     29883.873	     1.09822e+05	
     29932.600	     1.09186e+05	
     29962.196	     1.08802e+05	
     29991.792	     1.08420e+05	
#time:0.038866
