# Koester WD models
# teff = 70000 K (value for the effective temperature for the model. Temperatures are given in K)
# logg = 9.5 log(cm/s2) (value for Log(G) for the model.)
#
#   WAVELENGTH	#           FLUX	
#   (ANGSTROM)	#  (ERG/CM2/S/A)	
##############	################	
       899.230	     2.51365e+11	
       904.235	     2.48213e+11	
       908.450	     2.45585e+11	
       909.241	     2.45093e+11	
       910.032	     2.44602e+11	
       911.193	     2.43881e+11	
       911.613	     2.43620e+11	
       912.034	     2.43358e+11	
       912.465	     2.43090e+11	
       912.875	     2.42835e+11	
       913.037	     2.42734e+11	
       913.241	     2.42606e+11	
       913.284	     2.42580e+11	
       913.478	     2.42458e+11	
       913.531	     2.42425e+11	
       913.755	     2.42286e+11	
       913.822	     2.42244e+11	
       914.080	     2.42082e+11	
       914.165	     2.42029e+11	
       914.499	     2.41818e+11	
       914.575	     2.41771e+11	
       915.071	     2.41458e+11	
       915.540	     2.41159e+11	
       915.609	     2.41116e+11	
       915.643	     2.41094e+11	
       915.677	     2.41073e+11	
       915.741	     2.41034e+11	
       915.813	     2.40990e+11	
       916.085	     2.40823e+11	
       916.429	     2.40611e+11	
       916.858	     2.40344e+11	
       917.118	     2.40179e+11	
       917.196	     2.40129e+11	
       917.378	     2.40013e+11	
       917.899	     2.39677e+11	
       917.952	     2.39643e+11	
       918.287	     2.39418e+11	
       918.602	     2.39205e+11	
       919.251	     2.38764e+11	
       920.215	     2.38206e+11	
       921.882	     2.37107e+11	
       921.999	     2.37006e+11	
       922.143	     2.36880e+11	
       922.405	     2.36657e+11	
       922.810	     2.36414e+11	
       923.621	     2.36229e+11	
       925.001	     2.35081e+11	
       925.242	     2.34795e+11	
       925.484	     2.34553e+11	
       925.564	     2.34534e+11	
       925.966	     2.34617e+11	
       926.164	     2.34655e+11	
       926.369	     2.34657e+11	
       926.669	     2.34793e+11	
       927.173	     2.34740e+11	
       927.276	     2.34674e+11	
       927.678	     2.34403e+11	
       928.182	     2.33625e+11	
       928.917	     2.32120e+11	
       928.980	     2.31967e+11	
       929.089	     2.31658e+11	
       929.261	     2.31195e+11	
       929.317	     2.31058e+11	
       929.543	     2.30454e+11	
       929.655	     2.30179e+11	
       929.769	     2.29914e+11	
       929.827	     2.29794e+11	
       929.883	     2.29699e+11	
       929.910	     2.29668e+11	
       929.939	     2.29645e+11	
       929.954	     2.29639e+11	
       929.968	     2.29636e+11	
       929.982	     2.29636e+11	
       929.996	     2.29639e+11	
       930.010	     2.29646e+11	
       930.024	     2.29655e+11	
       930.038	     2.29667e+11	
       930.052	     2.29683e+11	
       930.081	     2.29726e+11	
       930.137	     2.29843e+11	
       930.201	     2.30027e+11	
       930.247	     2.30175e+11	
       930.249	     2.30182e+11	
       930.251	     2.30189e+11	
       930.301	     2.30364e+11	
       930.326	     2.30445e+11	
       930.329	     2.30456e+11	
       930.402	     2.30714e+11	
       930.478	     2.30988e+11	
       930.630	     2.31576e+11	
       930.931	     2.32714e+11	
       931.229	     2.33778e+11	
       931.490	     2.34704e+11	
       931.534	     2.34843e+11	
       931.838	     2.35644e+11	
       931.968	     2.35963e+11	
       932.447	     2.36871e+11	
       932.925	     2.37097e+11	
       933.265	     2.36907e+11	
       933.403	     2.36696e+11	
       933.432	     2.36664e+11	
       933.542	     2.36514e+11	
       933.652	     2.36314e+11	
       933.872	     2.35774e+11	
       933.973	     2.35438e+11	
       934.073	     2.35046e+11	
       934.312	     2.33810e+11	
       934.362	     2.33494e+11	
       934.652	     2.32119e+11	
       934.941	     2.30310e+11	
       935.230	     2.27959e+11	
       935.473	     2.25888e+11	
       935.688	     2.24034e+11	
       935.809	     2.22739e+11	
       936.144	     2.19422e+11	
       936.372	     2.17098e+11	
       936.601	     2.15007e+11	
       936.714	     2.13999e+11	
       936.829	     2.13004e+11	
       936.887	     2.12434e+11	
       936.944	     2.11849e+11	
       936.973	     2.11562e+11	
       937.001	     2.11294e+11	
       937.015	     2.11175e+11	
       937.029	     2.11080e+11	
       937.043	     2.11007e+11	
       937.058	     2.10961e+11	
       937.072	     2.10955e+11	
       937.086	     2.10988e+11	
       937.101	     2.11062e+11	
       937.115	     2.11161e+11	
       937.143	     2.11429e+11	
       937.200	     2.12097e+11	
       937.314	     2.13476e+11	
       937.493	     2.15427e+11	
       937.542	     2.15981e+11	
       937.593	     2.16560e+11	
       937.694	     2.17736e+11	
       937.788	     2.18834e+11	
       937.894	     2.20156e+11	
       938.000	     2.21592e+11	
       938.212	     2.24348e+11	
       938.359	     2.26325e+11	
       938.556	     2.28951e+11	
       938.636	     2.29922e+11	
       938.914	     2.33358e+11	
       939.271	     2.37740e+11	
       939.628	     2.41417e+11	
       939.986	     2.45018e+11	
       940.343	     2.48112e+11	
       940.580	     2.49750e+11	
       940.660	     2.50239e+11	
       940.700	     2.50472e+11	
       940.740	     2.50702e+11	
       940.901	     2.51703e+11	
       941.221	     2.53366e+11	
       941.541	     2.54726e+11	
       941.861	     2.55745e+11	
       941.957	     2.55974e+11	
       942.182	     2.56386e+11	
       942.502	     2.56614e+11	
       943.048	     2.56069e+11	
       943.320	     2.55451e+11	
       943.593	     2.54641e+11	
       943.865	     2.53448e+11	
       944.139	     2.51825e+11	
       944.411	     2.49704e+11	
       944.684	     2.46990e+11	
       944.956	     2.43934e+11	
       945.151	     2.41431e+11	
       945.230	     2.40327e+11	
       945.308	     2.39163e+11	
       945.464	     2.37123e+11	
       945.776	     2.32817e+11	
       946.088	     2.27596e+11	
       946.401	     2.21740e+11	
       946.892	     2.13424e+11	
       947.025	     2.10913e+11	
       947.158	     2.08251e+11	
       947.425	     2.02805e+11	
       947.831	     1.94426e+11	
       947.957	     1.91557e+11	
       948.083	     1.89070e+11	
       948.125	     1.88171e+11	
       948.335	     1.83556e+11	
       948.546	     1.79782e+11	
       948.693	     1.77491e+11	
       948.735	     1.76975e+11	
       948.756	     1.76735e+11	
       948.777	     1.76488e+11	
       948.829	     1.75946e+11	
       948.835	     1.75915e+11	
       948.861	     1.75760e+11	
       948.893	     1.75634e+11	
       948.922	     1.75604e+11	
       948.951	     1.75669e+11	
       948.966	     1.75719e+11	
       948.980	     1.75771e+11	
       948.994	     1.75821e+11	
       949.009	     1.75856e+11	
       949.023	     1.75866e+11	
       949.037	     1.75852e+11	
       949.052	     1.75812e+11	
       949.066	     1.75759e+11	
       949.095	     1.75647e+11	
       949.153	     1.75595e+11	
       949.230	     1.75998e+11	
       949.258	     1.76272e+11	
       949.269	     1.76412e+11	
       949.280	     1.76543e+11	
       949.330	     1.77069e+11	
       949.360	     1.77495e+11	
       949.430	     1.78545e+11	
       949.500	     1.79638e+11	
       949.640	     1.82174e+11	
       949.781	     1.84833e+11	
       949.795	     1.85107e+11	
       949.879	     1.87047e+11	
       949.921	     1.87967e+11	
       949.963	     1.88866e+11	
       950.047	     1.90578e+11	
       950.131	     1.92343e+11	
       950.467	     1.99750e+11	
       950.888	     2.08617e+11	
       951.308	     2.17091e+11	
       951.728	     2.25178e+11	
       952.400	     2.39574e+11	
       952.569	     2.42593e+11	
       952.738	     2.45698e+11	
       953.076	     2.52645e+11	
       953.415	     2.58954e+11	
       953.753	     2.64783e+11	
       954.091	     2.69845e+11	
       954.430	     2.74327e+11	
       954.768	     2.78264e+11	
       955.106	     2.82213e+11	
       955.552	     2.86771e+11	
       955.783	     2.88834e+11	
       956.014	     2.90665e+11	
       956.476	     2.93770e+11	
       956.939	     2.96321e+11	
       957.401	     2.98472e+11	
       957.864	     3.00178e+11	
       958.326	     3.01474e+11	
       958.788	     3.02388e+11	
       959.137	     3.02820e+11	
       959.213	     3.02886e+11	
       959.251	     3.02915e+11	
       959.289	     3.02941e+11	
       959.441	     3.03013e+11	
       959.745	     3.03044e+11	
       960.278	     3.02703e+11	
       960.354	     3.02613e+11	
       960.430	     3.02512e+11	
       960.582	     3.02257e+11	
       960.886	     3.01616e+11	
       961.495	     2.99797e+11	
       962.103	     2.97218e+11	
       962.712	     2.93815e+11	
       963.320	     2.89603e+11	
       963.626	     2.87115e+11	
       963.929	     2.84408e+11	
       964.231	     2.81595e+11	
       964.835	     2.75110e+11	
       965.440	     2.67474e+11	
       966.044	     2.58678e+11	
       966.649	     2.49535e+11	
       967.253	     2.39364e+11	
       967.684	     2.31425e+11	
       967.858	     2.28065e+11	
       968.032	     2.24607e+11	
       968.380	     2.18070e+11	
       968.858	     2.08907e+11	
       969.077	     2.04319e+11	
       969.297	     1.99749e+11	
       969.547	     1.94465e+11	
       969.736	     1.90683e+11	
       969.738	     1.90653e+11	
       969.927	     1.86593e+11	
       970.306	     1.78373e+11	
       970.401	     1.76408e+11	
       970.874	     1.66214e+11	
       971.110	     1.61135e+11	
       971.348	     1.55865e+11	
       971.467	     1.53363e+11	
       971.585	     1.50349e+11	
       971.644	     1.48588e+11	
       971.703	     1.46172e+11	
       971.732	     1.44700e+11	
       971.762	     1.43129e+11	
       971.778	     1.42341e+11	
       971.792	     1.41752e+11	
       971.806	     1.41293e+11	
       971.821	     1.40979e+11	
       971.836	     1.40868e+11	
       971.851	     1.40972e+11	
       971.866	     1.41280e+11	
       971.880	     1.41734e+11	
       971.910	     1.43097e+11	
       971.969	     1.46113e+11	
       972.037	     1.48801e+11	
       972.087	     1.50233e+11	
       972.137	     1.51533e+11	
       972.150	     1.51820e+11	
       972.199	     1.53040e+11	
       972.237	     1.53981e+11	
       972.324	     1.55628e+11	
       972.499	     1.59450e+11	
       972.798	     1.65700e+11	
       973.047	     1.70813e+11	
       973.396	     1.78076e+11	
       973.746	     1.85426e+11	
       974.444	     1.99495e+11	
       974.645	     2.03575e+11	
       975.143	     2.13188e+11	
       975.640	     2.22238e+11	
       976.137	     2.31769e+11	
       976.635	     2.40704e+11	
       977.132	     2.49095e+11	
       977.630	     2.56989e+11	
       977.944	     2.62144e+11	
       978.624	     2.72561e+11	
       979.305	     2.81949e+11	
       979.985	     2.90518e+11	
       980.666	     2.98645e+11	
       981.346	     3.06094e+11	
       982.027	     3.12954e+11	
       982.707	     3.19176e+11	
       982.853	     3.20424e+11	
       983.388	     3.24825e+11	
       983.923	     3.28903e+11	
       984.994	     3.36355e+11	
       985.511	     3.39644e+11	
       986.065	     3.42911e+11	
       986.618	     3.45946e+11	
       987.725	     3.51268e+11	
       988.352	     3.53929e+11	
       988.832	     3.55804e+11	
       989.312	     3.57551e+11	
       990.273	     3.60545e+11	
       990.509	     3.61211e+11	
       991.234	     3.63093e+11	
       992.194	     3.65267e+11	
       993.880	     3.68232e+11	
       995.565	     3.69825e+11	
       996.053	     3.70095e+11	
       997.250	     3.70400e+11	
       997.574	     3.70391e+11	
       998.447	     3.70180e+11	
       999.319	     3.69605e+11	
      1001.064	     3.67409e+11	
      1001.297	     3.67023e+11	
      1002.810	     3.63919e+11	
      1004.323	     3.59712e+11	
      1005.836	     3.54114e+11	
      1007.349	     3.47171e+11	
      1008.397	     3.41450e+11	
      1008.862	     3.38664e+11	
      1009.326	     3.35707e+11	
      1010.255	     3.29217e+11	
      1011.183	     3.22064e+11	
      1012.112	     3.14175e+11	
      1013.040	     3.05547e+11	
      1013.609	     2.99908e+11	
      1013.969	     2.96182e+11	
      1014.329	     2.92329e+11	
      1015.050	     2.84252e+11	
      1015.770	     2.75689e+11	
      1016.491	     2.66680e+11	
      1016.531	     2.66165e+11	
      1017.211	     2.57200e+11	
      1017.231	     2.56932e+11	
      1017.931	     2.47313e+11	
      1018.632	     2.37186e+11	
      1019.332	     2.26592e+11	
      1020.033	     2.15603e+11	
      1020.422	     2.09357e+11	
      1020.733	     2.04270e+11	
      1021.044	     1.99100e+11	
      1021.667	     1.88680e+11	
      1022.780	     1.69485e+11	
      1022.911	     1.67222e+11	
      1023.043	     1.64923e+11	
      1023.305	     1.60205e+11	
      1023.617	     1.54539e+11	
      1023.829	     1.50645e+11	
      1024.041	     1.46710e+11	
      1024.390	     1.40050e+11	
      1024.465	     1.38569e+11	
      1024.540	     1.36920e+11	
      1024.590	     1.35790e+11	
      1024.691	     1.33353e+11	
      1024.791	     1.30589e+11	
      1024.865	     1.27890e+11	
      1024.867	     1.27809e+11	
      1024.891	     1.26682e+11	
      1024.915	     1.25407e+11	
      1024.947	     1.23637e+11	
      1024.952	     1.23329e+11	
      1024.965	     1.22643e+11	
      1024.978	     1.21955e+11	
      1024.993	     1.21195e+11	
      1025.009	     1.20533e+11	
      1025.025	     1.20041e+11	
      1025.040	     1.19735e+11	
      1025.044	     1.19687e+11	
      1025.054	     1.19614e+11	
      1025.056	     1.19610e+11	
      1025.058	     1.19607e+11	
      1025.072	     1.19682e+11	
      1025.087	     1.19927e+11	
      1025.103	     1.20371e+11	
      1025.134	     1.21720e+11	
      1025.196	     1.25115e+11	
      1025.271	     1.28607e+11	
      1025.320	     1.30325e+11	
      1025.371	     1.31710e+11	
      1025.471	     1.34350e+11	
      1025.571	     1.36602e+11	
      1025.671	     1.38721e+11	
      1025.868	     1.42504e+11	
      1025.871	     1.42560e+11	
      1026.070	     1.46146e+11	
      1026.469	     1.53260e+11	
      1027.069	     1.63697e+11	
      1027.472	     1.70420e+11	
      1027.669	     1.73720e+11	
      1028.270	     1.83511e+11	
      1028.796	     1.91829e+11	
      1029.067	     1.96121e+11	
      1029.338	     2.00357e+11	
      1029.881	     2.08631e+11	
      1030.965	     2.24471e+11	
      1032.050	     2.39317e+11	
      1033.082	     2.52394e+11	
      1033.135	     2.53031e+11	
      1033.187	     2.53667e+11	
      1033.230	     2.54191e+11	
      1033.291	     2.54932e+11	
      1033.499	     2.57440e+11	
      1033.915	     2.62342e+11	
      1033.989	     2.63194e+11	
      1034.747	     2.71743e+11	
      1035.507	     2.79841e+11	
      1036.265	     2.87473e+11	
      1037.024	     2.94678e+11	
      1037.783	     3.01464e+11	
      1038.542	     3.07866e+11	
      1039.172	     3.12897e+11	
      1039.258	     3.13564e+11	
      1039.301	     3.13894e+11	
      1039.344	     3.14222e+11	
      1039.516	     3.15526e+11	
      1039.860	     3.18077e+11	
      1040.549	     3.22943e+11	
      1041.925	     3.31796e+11	
      1042.258	     3.33763e+11	
      1043.302	     3.39490e+11	
      1044.347	     3.44614e+11	
      1045.391	     3.49201e+11	
      1045.611	     3.50105e+11	
      1046.436	     3.53294e+11	
      1047.480	     3.56888e+11	
      1049.349	     3.62210e+11	
      1051.218	     3.66322e+11	
      1051.823	     3.67422e+11	
      1053.087	     3.69410e+11	
      1054.352	     3.71010e+11	
      1054.408	     3.71072e+11	
      1056.881	     3.73221e+11	
      1059.355	     3.74343e+11	
      1061.828	     3.74682e+11	
      1064.245	     3.74428e+11	
      1064.301	     3.74418e+11	
      1064.357	     3.74406e+11	
      1064.469	     3.74380e+11	
      1064.693	     3.74327e+11	
      1065.141	     3.74214e+11	
      1066.038	     3.73941e+11	
      1066.302	     3.73850e+11	
      1067.831	     3.73243e+11	
      1069.359	     3.72505e+11	
      1070.472	     3.71902e+11	
      1072.417	     3.70720e+11	
      1074.362	     3.69407e+11	
      1077.139	     3.67350e+11	
      1078.251	     3.66473e+11	
      1079.364	     3.65571e+11	
      1080.736	     3.64431e+11	
      1081.589	     3.63705e+11	
      1082.393	     3.63011e+11	
      1082.442	     3.62970e+11	
      1084.149	     3.61469e+11	
      1084.366	     3.61274e+11	
      1085.905	     3.59888e+11	
      1089.368	     3.56687e+11	
      1094.370	     3.51927e+11	
      1099.372	     3.47064e+11	
      1104.374	     3.42151e+11	
      1109.376	     3.37212e+11	
      1114.378	     3.32271e+11	
      1118.684	     3.28026e+11	
      1119.380	     3.27341e+11	
      1120.076	     3.26657e+11	
      1121.469	     3.25290e+11	
      1123.778	     3.23022e+11	
      1124.254	     3.22557e+11	
      1124.730	     3.22089e+11	
      1125.682	     3.21156e+11	
      1125.790	     3.21049e+11	
      1127.075	     3.19792e+11	
      1127.587	     3.19293e+11	
      1127.845	     3.19041e+11	
      1129.384	     3.17536e+11	
      1131.692	     3.15284e+11	
      1134.385	     3.12658e+11	
      1135.540	     3.11533e+11	
      1139.387	     3.07788e+11	
      1144.388	     3.02914e+11	
      1149.390	     2.98009e+11	
      1154.391	     2.93037e+11	
      1159.393	     2.87954e+11	
      1164.394	     2.82682e+11	
      1169.395	     2.77119e+11	
      1174.397	     2.71084e+11	
      1177.860	     2.66478e+11	
      1179.398	     2.64281e+11	
      1180.936	     2.61971e+11	
      1182.858	     2.58898e+11	
      1184.013	     2.56931e+11	
      1185.168	     2.54862e+11	
      1185.558	     2.54139e+11	
      1187.479	     2.50357e+11	
      1189.400	     2.46169e+11	
      1191.322	     2.41493e+11	
      1192.085	     2.39481e+11	
      1193.243	     2.36247e+11	
      1194.402	     2.32746e+11	
      1195.560	     2.28961e+11	
      1196.718	     2.24881e+11	
      1197.876	     2.20467e+11	
      1198.667	     2.17237e+11	
      1199.035	     2.15667e+11	
      1199.403	     2.14056e+11	
      1200.139	     2.10711e+11	
      1201.611	     2.03499e+11	
      1201.763	     2.02710e+11	
      1203.083	     1.95512e+11	
      1204.404	     1.87632e+11	
      1205.724	     1.79017e+11	
      1206.384	     1.74431e+11	
      1207.044	     1.69629e+11	
      1207.324	     1.67529e+11	
      1207.704	     1.64613e+11	
      1208.365	     1.59376e+11	
      1208.485	     1.58402e+11	
      1209.405	     1.50679e+11	
      1210.325	     1.42523e+11	
      1211.245	     1.33966e+11	
      1211.639	     1.30158e+11	
      1212.165	     1.24961e+11	
      1212.691	     1.19640e+11	
      1213.218	     1.14176e+11	
      1213.613	     1.09913e+11	
      1213.744	     1.08477e+11	
      1213.807	     1.07784e+11	
      1213.875	     1.07029e+11	
      1214.137	     1.04068e+11	
      1214.171	     1.03675e+11	
      1214.319	     1.01932e+11	
      1214.467	     1.00080e+11	
      1214.615	     9.79464e+10	
      1214.763	     9.50885e+10	
      1214.837	     9.28865e+10	
      1214.911	     8.80529e+10	
      1214.948	     8.47143e+10	
      1214.985	     8.13522e+10	
      1215.004	     7.99356e+10	
      1215.022	     7.89429e+10	
      1215.040	     7.81949e+10	
      1215.059	     7.77239e+10	
      1215.077	     7.75804e+10	
      1215.095	     7.77199e+10	
      1215.114	     7.81858e+10	
      1215.132	     7.89291e+10	
      1215.169	     8.13283e+10	
      1215.193	     8.33694e+10	
      1215.195	     8.35682e+10	
      1215.243	     8.80048e+10	
      1215.293	     9.16720e+10	
      1215.391	     9.49876e+10	
      1215.487	     9.69112e+10	
      1215.587	     9.85455e+10	
      1215.687	     9.98703e+10	
      1215.695	     9.99696e+10	
      1215.787	     1.01089e+11	
      1215.987	     1.03393e+11	
      1216.279	     1.06575e+11	
      1216.863	     1.12677e+11	
      1217.402	     1.18009e+11	
      1217.432	     1.18301e+11	
      1217.447	     1.18447e+11	
      1217.462	     1.18592e+11	
      1217.522	     1.19172e+11	
      1217.642	     1.20327e+11	
      1217.882	     1.22609e+11	
      1218.363	     1.27075e+11	
      1219.239	     1.34885e+11	
      1219.321	     1.35590e+11	
      1219.323	     1.35607e+11	
      1219.407	     1.36325e+11	
      1219.575	     1.37753e+11	
      1219.829	     1.39878e+11	
      1220.337	     1.44021e+11	
      1221.353	     1.51848e+11	
      1222.369	     1.59067e+11	
      1223.385	     1.65688e+11	
      1224.185	     1.70481e+11	
      1224.402	     1.71727e+11	
      1224.619	     1.72949e+11	
      1225.053	     1.75326e+11	
      1225.921	     1.79786e+11	
      1226.789	     1.83895e+11	
      1227.657	     1.87654e+11	
      1228.525	     1.91106e+11	
      1229.349	     1.94103e+11	
      1229.379	     1.94207e+11	
      1229.394	     1.94259e+11	
      1229.409	     1.94311e+11	
      1229.469	     1.94517e+11	
      1229.480	     1.94555e+11	
      1229.589	     1.94924e+11	
      1229.829	     1.95722e+11	
      1230.178	     1.96850e+11	
      1230.876	     1.98983e+11	
      1232.272	     2.02768e+11	
      1232.542	     2.03428e+11	
      1233.668	     2.05949e+11	
      1234.794	     2.08135e+11	
      1235.921	     2.10031e+11	
      1237.047	     2.11656e+11	
      1239.188	     2.14082e+11	
      1239.299	     2.14186e+11	
      1239.410	     2.14289e+11	
      1239.632	     2.14489e+11	
      1240.075	     2.14867e+11	
      1240.962	     2.15542e+11	
      1241.063	     2.15612e+11	
      1242.737	     2.16600e+11	
      1244.411	     2.17291e+11	
      1246.107	     2.17738e+11	
      1247.760	     2.17976e+11	
      1249.412	     2.18046e+11	
      1251.019	     2.17977e+11	
      1252.716	     2.17783e+11	
      1254.413	     2.17484e+11	
      1256.198	     2.17073e+11	
      1257.806	     2.16632e+11	
      1259.413	     2.16135e+11	
      1260.842	     2.15651e+11	
      1262.629	     2.15001e+11	
      1264.414	     2.14307e+11	
      1266.555	     2.13431e+11	
      1267.985	     2.12822e+11	
      1269.415	     2.12196e+11	
      1270.132	     2.11877e+11	
      1272.274	     2.10905e+11	
      1274.415	     2.09908e+11	
      1277.981	     2.08208e+11	
      1278.699	     2.07861e+11	
      1279.416	     2.07513e+11	
      1280.851	     2.06812e+11	
      1283.025	     2.05743e+11	
      1283.720	     2.05400e+11	
      1284.416	     2.05055e+11	
      1285.807	     2.04364e+11	
      1287.766	     2.03390e+11	
      1288.591	     2.02978e+11	
      1289.417	     2.02565e+11	
      1291.068	     2.01740e+11	
      1294.234	     2.00156e+11	
      1294.325	     2.00110e+11	
      1294.371	     2.00087e+11	
      1294.417	     2.00064e+11	
      1294.600	     1.99973e+11	
      1294.911	     1.99817e+11	
      1294.966	     1.99790e+11	
      1295.700	     1.99423e+11	
      1297.165	     1.98691e+11	
      1299.418	     1.97566e+11	
      1303.431	     1.95568e+11	
      1303.924	     1.95323e+11	
      1304.418	     1.95078e+11	
      1305.343	     1.94620e+11	
      1305.405	     1.94588e+11	
      1307.381	     1.93612e+11	
      1309.419	     1.92608e+11	
      1312.570	     1.91063e+11	
      1313.117	     1.90796e+11	
      1313.494	     1.90612e+11	
      1314.419	     1.90161e+11	
      1316.268	     1.89263e+11	
      1319.420	     1.87741e+11	
      1324.420	     1.85349e+11	
      1329.420	     1.82987e+11	
      1334.421	     1.80657e+11	
      1339.421	     1.78358e+11	
      1344.421	     1.76092e+11	
      1349.421	     1.73858e+11	
      1354.422	     1.71657e+11	
      1359.422	     1.69488e+11	
      1364.422	     1.67351e+11	
      1365.191	     1.67025e+11	
      1369.422	     1.65246e+11	
      1373.653	     1.63489e+11	
      1376.346	     1.62383e+11	
      1377.884	     1.61755e+11	
      1379.422	     1.61130e+11	
      1380.574	     1.60664e+11	
      1382.499	     1.59889e+11	
      1384.423	     1.59118e+11	
      1387.119	     1.58046e+11	
      1388.271	     1.57590e+11	
      1389.031	     1.57291e+11	
      1389.423	     1.57137e+11	
      1391.727	     1.56234e+11	
      1394.423	     1.55186e+11	
      1399.423	     1.53264e+11	
      1404.423	     1.51372e+11	
      1409.423	     1.49508e+11	
      1414.423	     1.47674e+11	
      1419.423	     1.45867e+11	
      1424.423	     1.44087e+11	
      1429.423	     1.42334e+11	
      1434.423	     1.40608e+11	
      1439.423	     1.38907e+11	
      1444.422	     1.37232e+11	
      1449.422	     1.35581e+11	
      1454.422	     1.33955e+11	
      1459.422	     1.32353e+11	
      1464.422	     1.30775e+11	
      1465.960	     1.30294e+11	
      1469.422	     1.29220e+11	
      1472.884	     1.28157e+11	
      1473.268	     1.28039e+11	
      1474.422	     1.27688e+11	
      1476.345	     1.27104e+11	
      1479.421	     1.26178e+11	
      1484.421	     1.24691e+11	
      1489.421	     1.23226e+11	
      1494.421	     1.21782e+11	
      1499.420	     1.20359e+11	
      1504.420	     1.18956e+11	
      1509.420	     1.17574e+11	
      1514.420	     1.16212e+11	
      1519.419	     1.14869e+11	
      1524.419	     1.13546e+11	
      1529.419	     1.12242e+11	
      1534.418	     1.10956e+11	
      1539.418	     1.09689e+11	
      1544.418	     1.08440e+11	
      1549.417	     1.07209e+11	
      1554.417	     1.05996e+11	
      1559.417	     1.04799e+11	
      1564.416	     1.03620e+11	
      1566.724	     1.03081e+11	
      1569.416	     1.02457e+11	
      1570.186	     1.02280e+11	
      1572.107	     1.01838e+11	
      1574.415	     1.01311e+11	
      1574.800	     1.01223e+11	
      1579.415	     1.00181e+11	
      1584.414	     9.90657e+10	
      1589.414	     9.79665e+10	
      1594.413	     9.68823e+10	
      1599.413	     9.58129e+10	
      1604.413	     9.47580e+10	
      1609.412	     9.37178e+10	
      1614.412	     9.26921e+10	
      1619.411	     9.16802e+10	
      1624.410	     9.06821e+10	
      1629.410	     8.96975e+10	
      1634.409	     8.87261e+10	
      1639.409	     8.77679e+10	
      1644.408	     8.68226e+10	
      1649.408	     8.58902e+10	
      1654.407	     8.49700e+10	
      1659.407	     8.40624e+10	
      1664.406	     8.31668e+10	
      1665.560	     8.29619e+10	
      1669.405	     8.22830e+10	
      1670.174	     8.21482e+10	
      1673.251	     8.16114e+10	
      1674.405	     8.14112e+10	
      1676.328	     8.10792e+10	
      1679.404	     8.05511e+10	
      1684.404	     7.97025e+10	
      1689.403	     7.88653e+10	
      1694.402	     7.80387e+10	
      1699.402	     7.72235e+10	
      1704.401	     7.64186e+10	
      1709.400	     7.56241e+10	
      1714.400	     7.48400e+10	
      1719.399	     7.40662e+10	
      1724.398	     7.33025e+10	
      1729.398	     7.25482e+10	
      1734.397	     7.18036e+10	
      1739.396	     7.10688e+10	
      1744.396	     7.03434e+10	
      1749.395	     6.96271e+10	
      1754.394	     6.89199e+10	
      1759.393	     6.82219e+10	
      1764.393	     6.75326e+10	
      1767.084	     6.71651e+10	
      1767.854	     6.70604e+10	
      1769.392	     6.68521e+10	
      1771.700	     6.65408e+10	
      1774.391	     6.61802e+10	
      1775.545	     6.60262e+10	
      1779.391	     6.55163e+10	
      1784.390	     6.48610e+10	
      1789.389	     6.42142e+10	
      1794.388	     6.35752e+10	
      1799.387	     6.29440e+10	
      1809.386	     6.17053e+10	
      1823.999	     5.99488e+10	
      1829.383	     5.93174e+10	
      1834.767	     5.86941e+10	
      1845.535	     5.74726e+10	
      1863.998	     5.54513e+10	
      1867.072	     5.51236e+10	
      1870.145	     5.47982e+10	
      1876.292	     5.41551e+10	
      1888.586	     5.28966e+10	
      1906.980	     5.10817e+10	
      1913.174	     5.04879e+10	
      1919.368	     4.99029e+10	
      1931.755	     4.87585e+10	
      1944.472	     4.76177e+10	
      1956.531	     4.65666e+10	
      1967.603	     4.56269e+10	
      1968.590	     4.55443e+10	
      1992.707	     4.35839e+10	
      2017.811	     4.16541e+10	
      2018.799	     4.15802e+10	
      2042.916	     3.98313e+10	
      2067.032	     3.81732e+10	
      2091.148	     3.66014e+10	
      2114.275	     3.51692e+10	
      2115.264	     3.51095e+10	
      2116.253	     3.50501e+10	
      2118.231	     3.49314e+10	
      2122.186	     3.46957e+10	
      2126.360	     3.44491e+10	
      2130.096	     3.42302e+10	
      2145.917	     3.33219e+10	
      2165.474	     3.22409e+10	
      2185.031	     3.12036e+10	
      2194.481	     3.07173e+10	
      2204.588	     3.02076e+10	
      2205.902	     3.01421e+10	
      2214.695	     2.97084e+10	
      2234.908	     2.87410e+10	
      2263.914	     2.74205e+10	
      2272.705	     2.70355e+10	
      2292.920	     2.61755e+10	
      2313.134	     2.53494e+10	
      2333.349	     2.45559e+10	
      2344.772	     2.41213e+10	
      2350.599	     2.39033e+10	
      2353.563	     2.37934e+10	
      2362.354	     2.34710e+10	
      2379.936	     2.28427e+10	
      2409.274	     2.18404e+10	
      2421.028	     2.14543e+10	
      2438.611	     2.08926e+10	
      2451.595	     2.04896e+10	
      2456.194	     2.03492e+10	
      2460.793	     2.02100e+10	
      2466.761	     2.00311e+10	
      2469.991	     1.99351e+10	
      2488.387	     1.93993e+10	
      2510.013	     1.87922e+10	
      2531.639	     1.82089e+10	
      2547.297	     1.78006e+10	
      2553.265	     1.76480e+10	
      2559.232	     1.74970e+10	
      2571.167	     1.72001e+10	
      2595.038	     1.66249e+10	
      2618.908	     1.60736e+10	
      2627.887	     1.58721e+10	
      2642.779	     1.55450e+10	
      2657.670	     1.52262e+10	
      2687.453	     1.46130e+10	
      2717.236	     1.40304e+10	
      2737.929	     1.36426e+10	
      2747.019	     1.34765e+10	
      2756.108	     1.33129e+10	
      2774.288	     1.29932e+10	
      2810.647	     1.23821e+10	
      2839.466	     1.19232e+10	
      2846.591	     1.18130e+10	
      2847.006	     1.18066e+10	
      2854.546	     1.16915e+10	
      2869.627	     1.14656e+10	
      2873.190	     1.14130e+10	
      2899.787	     1.10298e+10	
      2926.386	     1.06626e+10	
      2952.933	     1.03112e+10	
      2952.983	     1.03105e+10	
      2953.033	     1.03099e+10	
      2953.133	     1.03086e+10	
      2953.333	     1.03060e+10	
      2953.733	     1.03008e+10	
      2954.533	     1.02905e+10	
      2956.132	     1.02699e+10	
      2956.820	     1.02610e+10	
      2959.332	     1.02287e+10	
      2965.730	     1.01471e+10	
      2978.527	     9.98618e+09	
      3004.120	     9.67384e+09	
      3051.421	     9.12809e+09	
      3098.721	     8.62053e+09	
      3142.185	     8.18495e+09	
      3146.021	     8.14781e+09	
      3149.857	     8.11093e+09	
      3157.529	     8.03780e+09	
      3158.829	     8.02548e+09	
      3172.873	     7.89394e+09	
      3203.561	     7.61579e+09	
      3248.294	     7.23195e+09	
      3293.027	     6.87208e+09	
      3328.789	     6.60036e+09	
      3337.759	     6.53432e+09	
      3346.730	     6.46910e+09	
      3355.942	     6.40301e+09	
      3364.671	     6.34115e+09	
      3400.554	     6.09456e+09	
      3445.167	     5.80453e+09	
      3489.779	     5.53156e+09	
      3525.181	     5.32632e+09	
      3532.764	     5.28359e+09	
      3534.392	     5.27448e+09	
      3543.602	     5.22327e+09	
      3562.024	     5.12278e+09	
      3591.283	     4.96799e+09	
      3635.884	     4.74308e+09	
      3638.963	     4.72803e+09	
      3642.042	     4.71305e+09	
      3643.122	     4.70780e+09	
      3645.121	     4.69813e+09	
      3645.281	     4.69734e+09	
      3647.121	     4.68848e+09	
      3648.960	     4.67959e+09	
      3651.320	     4.66825e+09	
      3652.639	     4.66193e+09	
      3653.959	     4.65562e+09	
      3654.239	     4.65427e+09	
      3656.598	     4.64302e+09	
      3658.958	     4.63178e+09	
      3663.397	     4.61073e+09	
      3663.676	     4.60941e+09	
      3663.956	     4.60809e+09	
      3664.516	     4.60545e+09	
      3665.636	     4.60017e+09	
      3666.796	     4.59470e+09	
      3667.875	     4.58965e+09	
      3668.275	     4.58776e+09	
      3668.955	     4.58456e+09	
      3671.115	     4.57435e+09	
      3673.954	     4.56109e+09	
      3675.202	     4.55528e+09	
      3678.952	     4.53787e+09	
      3682.583	     4.52107e+09	
      3682.703	     4.52053e+09	
      3682.822	     4.51997e+09	
      3683.062	     4.51887e+09	
      3683.178	     4.51833e+09	
      3683.542	     4.51664e+09	
      3684.502	     4.51224e+09	
      3684.819	     4.51076e+09	
      3685.826	     4.50614e+09	
      3686.832	     4.50153e+09	
      3688.742	     4.49276e+09	
      3688.846	     4.49229e+09	
      3688.939	     4.49188e+09	
      3688.950	     4.49182e+09	
      3689.158	     4.49088e+09	
      3689.377	     4.48987e+09	
      3689.730	     4.48827e+09	
      3689.815	     4.48786e+09	
      3689.900	     4.48748e+09	
      3690.070	     4.48670e+09	
      3690.410	     4.48516e+09	
      3690.624	     4.48415e+09	
      3691.089	     4.48205e+09	
      3691.469	     4.48032e+09	
      3691.554	     4.47991e+09	
      3691.700	     4.47925e+09	
      3692.484	     4.47567e+09	
      3693.499	     4.47105e+09	
      3694.397	     4.46697e+09	
      3695.297	     4.46288e+09	
      3695.808	     4.46056e+09	
      3696.197	     4.45880e+09	
      3696.525	     4.45732e+09	
      3696.586	     4.45704e+09	
      3696.647	     4.45676e+09	
      3696.666	     4.45669e+09	
      3696.759	     4.45625e+09	
      3696.769	     4.45622e+09	
      3696.872	     4.45575e+09	
      3696.929	     4.45550e+09	
      3696.985	     4.45525e+09	
      3697.041	     4.45500e+09	
      3697.097	     4.45475e+09	
      3697.153	     4.45446e+09	
      3697.209	     4.45421e+09	
      3697.265	     4.45396e+09	
      3697.322	     4.45371e+09	
      3697.347	     4.45362e+09	
      3697.405	     4.45333e+09	
      3697.434	     4.45321e+09	
      3697.463	     4.45308e+09	
      3697.499	     4.45292e+09	
      3697.529	     4.45277e+09	
      3697.579	     4.45255e+09	
      3697.659	     4.45220e+09	
      3697.819	     4.45148e+09	
      3698.109	     4.45016e+09	
      3698.429	     4.44872e+09	
      3698.688	     4.44752e+09	
      3698.886	     4.44664e+09	
      3698.947	     4.44636e+09	
      3699.008	     4.44608e+09	
      3699.130	     4.44554e+09	
      3699.374	     4.44444e+09	
      3699.533	     4.44372e+09	
      3699.862	     4.44224e+09	
      3699.879	     4.44215e+09	
      3700.191	     4.44074e+09	
      3700.198	     4.44070e+09	
      3700.503	     4.43935e+09	
      3700.808	     4.43797e+09	
      3700.842	     4.43781e+09	
      3701.092	     4.43668e+09	
      3701.418	     4.43521e+09	
      3701.994	     4.43263e+09	
      3702.444	     4.43059e+09	
      3702.895	     4.42858e+09	
      3703.121	     4.42754e+09	
      3703.346	     4.42654e+09	
      3703.458	     4.42603e+09	
      3703.571	     4.42553e+09	
      3703.628	     4.42528e+09	
      3703.684	     4.42503e+09	
      3703.740	     4.42478e+09	
      3703.797	     4.42452e+09	
      3703.853	     4.42427e+09	
      3703.909	     4.42402e+09	
      3703.966	     4.42374e+09	
      3704.022	     4.42349e+09	
      3704.085	     4.42321e+09	
      3704.134	     4.42299e+09	
      3704.185	     4.42277e+09	
      3704.210	     4.42267e+09	
      3704.222	     4.42261e+09	
      3704.285	     4.42233e+09	
      3704.314	     4.42220e+09	
      3704.360	     4.42198e+09	
      3704.406	     4.42179e+09	
      3704.491	     4.42138e+09	
      3704.567	     4.42107e+09	
      3704.590	     4.42094e+09	
      3704.689	     4.42050e+09	
      3704.811	     4.41997e+09	
      3705.055	     4.41887e+09	
      3705.373	     4.41746e+09	
      3705.543	     4.41667e+09	
      3705.713	     4.41592e+09	
      3706.052	     4.41441e+09	
      3706.073	     4.41431e+09	
      3706.732	     4.41136e+09	
      3707.267	     4.40897e+09	
      3707.391	     4.40841e+09	
      3707.515	     4.40784e+09	
      3707.614	     4.40740e+09	
      3707.763	     4.40674e+09	
      3707.912	     4.40608e+09	
      3708.118	     4.40517e+09	
      3708.210	     4.40476e+09	
      3708.302	     4.40432e+09	
      3708.486	     4.40351e+09	
      3708.763	     4.40228e+09	
      3708.854	     4.40187e+09	
      3708.873	     4.40178e+09	
      3708.945	     4.40147e+09	
      3709.127	     4.40065e+09	
      3709.206	     4.40030e+09	
      3709.491	     4.39905e+09	
      3710.108	     4.39628e+09	
      3710.902	     4.39273e+09	
      3711.011	     4.39226e+09	
      3711.120	     4.39179e+09	
      3711.213	     4.39135e+09	
      3711.323	     4.39088e+09	
      3711.338	     4.39082e+09	
      3711.463	     4.39025e+09	
      3711.517	     4.39000e+09	
      3711.576	     4.38975e+09	
      3711.603	     4.38962e+09	
      3711.689	     4.38924e+09	
      3711.746	     4.38899e+09	
      3711.802	     4.38874e+09	
      3711.858	     4.38849e+09	
      3711.915	     4.38824e+09	
      3711.971	     4.38799e+09	
      3712.027	     4.38774e+09	
      3712.084	     4.38749e+09	
      3712.140	     4.38723e+09	
      3712.203	     4.38695e+09	
      3712.252	     4.38673e+09	
      3712.303	     4.38651e+09	
      3712.327	     4.38642e+09	
      3712.331	     4.38639e+09	
      3712.403	     4.38607e+09	
      3712.479	     4.38573e+09	
      3712.631	     4.38507e+09	
      3712.931	     4.38372e+09	
      3713.228	     4.38240e+09	
      3713.531	     4.38108e+09	
      3713.833	     4.37973e+09	
      3714.242	     4.37790e+09	
      3714.420	     4.37712e+09	
      3714.439	     4.37702e+09	
      3714.636	     4.37618e+09	
      3715.030	     4.37442e+09	
      3715.640	     4.37171e+09	
      3716.765	     4.36675e+09	
      3716.790	     4.36663e+09	
      3716.860	     4.36631e+09	
      3716.955	     4.36590e+09	
      3717.145	     4.36505e+09	
      3717.524	     4.36339e+09	
      3718.189	     4.36047e+09	
      3718.259	     4.36015e+09	
      3718.329	     4.35984e+09	
      3718.469	     4.35921e+09	
      3718.556	     4.35883e+09	
      3718.631	     4.35849e+09	
      3718.734	     4.35805e+09	
      3718.749	     4.35799e+09	
      3718.942	     4.35714e+09	
      3719.253	     4.35576e+09	
      3719.474	     4.35478e+09	
      3719.772	     4.35349e+09	
      3720.070	     4.35217e+09	
      3720.356	     4.35092e+09	
      3720.523	     4.35016e+09	
      3720.666	     4.34954e+09	
      3720.976	     4.34818e+09	
      3721.202	     4.34718e+09	
      3721.428	     4.34620e+09	
      3721.542	     4.34570e+09	
      3721.655	     4.34520e+09	
      3721.711	     4.34495e+09	
      3721.768	     4.34470e+09	
      3721.825	     4.34445e+09	
      3721.881	     4.34419e+09	
      3721.938	     4.34394e+09	
      3721.995	     4.34369e+09	
      3722.051	     4.34347e+09	
      3722.108	     4.34322e+09	
      3722.221	     4.34272e+09	
      3722.398	     4.34193e+09	
      3722.447	     4.34171e+09	
      3722.498	     4.34149e+09	
      3722.598	     4.34105e+09	
      3722.695	     4.34064e+09	
      3722.798	     4.34017e+09	
      3722.901	     4.33973e+09	
      3723.107	     4.33882e+09	
      3723.231	     4.33829e+09	
      3723.519	     4.33703e+09	
      3723.807	     4.33574e+09	
      3724.383	     4.33323e+09	
      3725.451	     4.32855e+09	
      3725.534	     4.32820e+09	
      3725.617	     4.32783e+09	
      3725.751	     4.32726e+09	
      3725.783	     4.32710e+09	
      3725.916	     4.32654e+09	
      3725.931	     4.32648e+09	
      3726.115	     4.32566e+09	
      3726.479	     4.32406e+09	
      3727.042	     4.32161e+09	
      3727.366	     4.32019e+09	
      3728.153	     4.31677e+09	
      3728.639	     4.31466e+09	
      3728.940	     4.31334e+09	
      3729.009	     4.31303e+09	
      3729.240	     4.31202e+09	
      3729.842	     4.30942e+09	
      3730.676	     4.30577e+09	
      3732.194	     4.29921e+09	
      3732.344	     4.29855e+09	
      3732.494	     4.29789e+09	
      3732.794	     4.29660e+09	
      3733.352	     4.29418e+09	
      3733.384	     4.29405e+09	
      3733.393	     4.29399e+09	
      3733.402	     4.29396e+09	
      3733.452	     4.29374e+09	
      3733.552	     4.29330e+09	
      3733.648	     4.29289e+09	
      3733.752	     4.29245e+09	
      3733.856	     4.29201e+09	
      3734.004	     4.29135e+09	
      3734.044	     4.29120e+09	
      3734.064	     4.29110e+09	
      3734.084	     4.29101e+09	
      3734.131	     4.29082e+09	
      3734.140	     4.29076e+09	
      3734.164	     4.29066e+09	
      3734.197	     4.29054e+09	
      3734.254	     4.29028e+09	
      3734.311	     4.29003e+09	
      3734.368	     4.28978e+09	
      3734.425	     4.28953e+09	
      3734.482	     4.28928e+09	
      3734.539	     4.28906e+09	
      3734.652	     4.28856e+09	
      3734.829	     4.28780e+09	
      3734.878	     4.28758e+09	
      3734.929	     4.28736e+09	
      3735.029	     4.28692e+09	
      3735.124	     4.28651e+09	
      3735.173	     4.28629e+09	
      3735.229	     4.28607e+09	
      3735.334	     4.28560e+09	
      3735.391	     4.28535e+09	
      3735.495	     4.28491e+09	
      3735.817	     4.28353e+09	
      3736.000	     4.28274e+09	
      3736.243	     4.28168e+09	
      3736.486	     4.28064e+09	
      3736.971	     4.27854e+09	
      3737.826	     4.27486e+09	
      3737.943	     4.27436e+09	
      3738.060	     4.27385e+09	
      3738.294	     4.27285e+09	
      3738.587	     4.27159e+09	
      3738.762	     4.27084e+09	
      3738.937	     4.27008e+09	
      3739.287	     4.26858e+09	
      3739.498	     4.26767e+09	
      3739.987	     4.26556e+09	
      3740.476	     4.26349e+09	
      3741.212	     4.26031e+09	
      3741.453	     4.25928e+09	
      3741.694	     4.25824e+09	
      3742.092	     4.25654e+09	
      3742.176	     4.25620e+09	
      3742.260	     4.25582e+09	
      3742.428	     4.25510e+09	
      3742.671	     4.25406e+09	
      3742.733	     4.25381e+09	
      3742.764	     4.25369e+09	
      3742.795	     4.25353e+09	
      3742.864	     4.25325e+09	
      3742.919	     4.25299e+09	
      3743.167	     4.25196e+09	
      3743.663	     4.24982e+09	
      3744.620	     4.24574e+09	
      3744.654	     4.24558e+09	
      3746.445	     4.23795e+09	
      3747.605	     4.23301e+09	
      3748.269	     4.23019e+09	
      3748.844	     4.22774e+09	
      3748.904	     4.22748e+09	
      3748.934	     4.22736e+09	
      3748.964	     4.22723e+09	
      3748.986	     4.22714e+09	
      3749.084	     4.22673e+09	
      3749.118	     4.22657e+09	
      3749.182	     4.22632e+09	
      3749.378	     4.22547e+09	
      3749.409	     4.22535e+09	
      3749.638	     4.22437e+09	
      3749.753	     4.22390e+09	
      3749.867	     4.22340e+09	
      3749.924	     4.22315e+09	
      3749.981	     4.22293e+09	
      3750.038	     4.22268e+09	
      3750.095	     4.22243e+09	
      3750.152	     4.22221e+09	
      3750.209	     4.22195e+09	
      3750.266	     4.22170e+09	
      3750.323	     4.22148e+09	
      3750.437	     4.22098e+09	
      3750.616	     4.22023e+09	
      3750.665	     4.22004e+09	
      3750.716	     4.21982e+09	
      3750.816	     4.21938e+09	
      3750.910	     4.21897e+09	
      3751.016	     4.21853e+09	
      3751.122	     4.21809e+09	
      3751.334	     4.21718e+09	
      3751.481	     4.21658e+09	
      3751.758	     4.21539e+09	
      3752.035	     4.21423e+09	
      3752.588	     4.21187e+09	
      3753.533	     4.20788e+09	
      3753.696	     4.20719e+09	
      3753.782	     4.20684e+09	
      3753.859	     4.20653e+09	
      3754.185	     4.20515e+09	
      3754.274	     4.20477e+09	
      3754.837	     4.20238e+09	
      3755.892	     4.19795e+09	
      3756.086	     4.19714e+09	
      3757.473	     4.19129e+09	
      3757.509	     4.19114e+09	
      3757.548	     4.19098e+09	
      3758.932	     4.18517e+09	
      3760.390	     4.17907e+09	
      3761.656	     4.17376e+09	
      3762.717	     4.16933e+09	
      3763.233	     4.16717e+09	
      3764.809	     4.16060e+09	
      3765.066	     4.15953e+09	
      3766.902	     4.15190e+09	
      3768.545	     4.14508e+09	
      3768.737	     4.14429e+09	
      3768.929	     4.14348e+09	
      3768.971	     4.14332e+09	
      3769.196	     4.14238e+09	
      3769.313	     4.14191e+09	
      3769.655	     4.14049e+09	
      3769.885	     4.13952e+09	
      3770.114	     4.13858e+09	
      3770.228	     4.13811e+09	
      3770.343	     4.13763e+09	
      3770.401	     4.13738e+09	
      3770.458	     4.13716e+09	
      3770.515	     4.13691e+09	
      3770.573	     4.13669e+09	
      3770.630	     4.13644e+09	
      3770.687	     4.13622e+09	
      3770.745	     4.13597e+09	
      3770.802	     4.13575e+09	
      3770.867	     4.13547e+09	
      3770.916	     4.13528e+09	
      3770.967	     4.13506e+09	
      3770.988	     4.13496e+09	
      3771.003	     4.13490e+09	
      3771.067	     4.13465e+09	
      3771.146	     4.13430e+09	
      3771.304	     4.13368e+09	
      3771.604	     4.13242e+09	
      3771.890	     4.13126e+09	
      3771.951	     4.13101e+09	
      3772.206	     4.12994e+09	
      3772.522	     4.12865e+09	
      3773.154	     4.12604e+09	
      3774.357	     4.12108e+09	
      3775.497	     4.11640e+09	
      3776.762	     4.11121e+09	
      3777.127	     4.10971e+09	
      3778.027	     4.10603e+09	
      3778.399	     4.10449e+09	
      3778.927	     4.10235e+09	
      3780.726	     4.09500e+09	
      3781.844	     4.09042e+09	
      3783.053	     4.08548e+09	
      3783.159	     4.08508e+09	
      3784.263	     4.08058e+09	
      3785.367	     4.07609e+09	
      3786.225	     4.07260e+09	
      3787.401	     4.06783e+09	
      3787.574	     4.06714e+09	
      3788.924	     4.06167e+09	
      3790.447	     4.05551e+09	
      3792.841	     4.04587e+09	
      3793.492	     4.04323e+09	
      3794.143	     4.04062e+09	
      3794.897	     4.03757e+09	
      3795.066	     4.03692e+09	
      3795.444	     4.03538e+09	
      3795.991	     4.03321e+09	
      3796.454	     4.03135e+09	
      3796.916	     4.02950e+09	
      3797.147	     4.02856e+09	
      3797.378	     4.02765e+09	
      3797.494	     4.02718e+09	
      3797.609	     4.02670e+09	
      3797.666	     4.02649e+09	
      3797.724	     4.02627e+09	
      3797.782	     4.02601e+09	
      3797.840	     4.02579e+09	
      3797.898	     4.02557e+09	
      3797.956	     4.02532e+09	
      3798.014	     4.02510e+09	
      3798.072	     4.02485e+09	
      3798.187	     4.02441e+09	
      3798.367	     4.02369e+09	
      3798.416	     4.02350e+09	
      3798.467	     4.02328e+09	
      3798.567	     4.02287e+09	
      3798.655	     4.02253e+09	
      3798.753	     4.02215e+09	
      3798.767	     4.02209e+09	
      3798.837	     4.02180e+09	
      3798.879	     4.02165e+09	
      3798.921	     4.02146e+09	
      3799.046	     4.02099e+09	
      3799.089	     4.02080e+09	
      3799.425	     4.01945e+09	
      3799.471	     4.01929e+09	
      3799.804	     4.01794e+09	
      3800.562	     4.01492e+09	
      3801.653	     4.01059e+09	
      3802.319	     4.00795e+09	
      3803.834	     4.00192e+09	
      3805.349	     3.99592e+09	
      3807.837	     3.98608e+09	
      3808.378	     3.98395e+09	
      3808.919	     3.98181e+09	
      3810.000	     3.97757e+09	
      3811.586	     3.97132e+09	
      3812.164	     3.96903e+09	
      3812.742	     3.96676e+09	
      3813.897	     3.96224e+09	
      3815.777	     3.95486e+09	
      3816.093	     3.95360e+09	
      3816.209	     3.95316e+09	
      3816.641	     3.95146e+09	
      3817.439	     3.94832e+09	
      3817.504	     3.94807e+09	
      3818.916	     3.94254e+09	
      3820.393	     3.93679e+09	
      3822.566	     3.92831e+09	
      3823.346	     3.92526e+09	
      3823.512	     3.92463e+09	
      3824.126	     3.92225e+09	
      3825.685	     3.91618e+09	
      3826.804	     3.91185e+09	
      3827.859	     3.90773e+09	
      3828.914	     3.90365e+09	
      3830.454	     3.89771e+09	
      3831.023	     3.89551e+09	
      3831.592	     3.89331e+09	
      3832.001	     3.89174e+09	
      3832.525	     3.88973e+09	
      3832.730	     3.88891e+09	
      3833.458	     3.88612e+09	
      3833.925	     3.88433e+09	
      3834.392	     3.88254e+09	
      3834.626	     3.88166e+09	
      3834.859	     3.88075e+09	
      3834.975	     3.88031e+09	
      3835.092	     3.87987e+09	
      3835.151	     3.87965e+09	
      3835.209	     3.87943e+09	
      3835.267	     3.87921e+09	
      3835.326	     3.87899e+09	
      3835.384	     3.87877e+09	
      3835.442	     3.87855e+09	
      3835.501	     3.87830e+09	
      3835.559	     3.87808e+09	
      3835.626	     3.87782e+09	
      3835.675	     3.87764e+09	
      3835.726	     3.87745e+09	
      3835.743	     3.87739e+09	
      3835.774	     3.87726e+09	
      3835.826	     3.87707e+09	
      3835.909	     3.87676e+09	
      3836.075	     3.87613e+09	
      3836.376	     3.87500e+09	
      3836.646	     3.87396e+09	
      3836.977	     3.87270e+09	
      3837.029	     3.87252e+09	
      3837.308	     3.87148e+09	
      3837.970	     3.86897e+09	
      3838.647	     3.86642e+09	
      3838.911	     3.86542e+09	
      3839.175	     3.86444e+09	
      3839.703	     3.86246e+09	
      3840.758	     3.85822e+09	
      3842.753	     3.85074e+09	
      3842.831	     3.85043e+09	
      3842.870	     3.85030e+09	
      3842.909	     3.85015e+09	
      3843.065	     3.84958e+09	
      3843.377	     3.84839e+09	
      3844.001	     3.84606e+09	
      3844.588	     3.84386e+09	
      3845.248	     3.84138e+09	
      3845.547	     3.84028e+09	
      3845.908	     3.83893e+09	
      3847.228	     3.83400e+09	
      3847.442	     3.83321e+09	
      3848.908	     3.82775e+09	
      3850.375	     3.82228e+09	
      3851.976	     3.81631e+09	
      3853.308	     3.81135e+09	
      3854.640	     3.80639e+09	
      3855.701	     3.80243e+09	
      3857.303	     3.79646e+09	
      3858.906	     3.79049e+09	
      3862.006	     3.77899e+09	
      3862.111	     3.77858e+09	
      3862.216	     3.77820e+09	
      3862.426	     3.77742e+09	
      3862.846	     3.77588e+09	
      3863.685	     3.77274e+09	
      3865.170	     3.76724e+09	
      3865.365	     3.76652e+09	
      3865.560	     3.76576e+09	
      3865.950	     3.76432e+09	
      3866.730	     3.76143e+09	
      3867.675	     3.75791e+09	
      3868.289	     3.75565e+09	
      3868.903	     3.75335e+09	
      3870.131	     3.74880e+09	
      3871.324	     3.74440e+09	
      3872.586	     3.73972e+09	
      3873.848	     3.73501e+09	
      3876.324	     3.72583e+09	
      3876.368	     3.72568e+09	
      3876.371	     3.72565e+09	
      3876.374	     3.72565e+09	
      3876.424	     3.72546e+09	
      3876.524	     3.72508e+09	
      3876.724	     3.72436e+09	
      3876.947	     3.72354e+09	
      3877.124	     3.72288e+09	
      3877.924	     3.71993e+09	
      3878.900	     3.71632e+09	
      3880.290	     3.71119e+09	
      3880.854	     3.70912e+09	
      3881.418	     3.70705e+09	
      3882.546	     3.70290e+09	
      3884.398	     3.69612e+09	
      3884.801	     3.69464e+09	
      3884.923	     3.69420e+09	
      3885.204	     3.69316e+09	
      3886.010	     3.69024e+09	
      3886.151	     3.68971e+09	
      3887.096	     3.68628e+09	
      3887.568	     3.68459e+09	
      3888.042	     3.68289e+09	
      3888.280	     3.68204e+09	
      3888.516	     3.68122e+09	
      3888.633	     3.68078e+09	
      3888.752	     3.68038e+09	
      3888.844	     3.68006e+09	
      3888.866	     3.67997e+09	
      3888.871	     3.67997e+09	
      3888.898	     3.67987e+09	
      3888.930	     3.67975e+09	
      3888.989	     3.67953e+09	
      3889.048	     3.67934e+09	
      3889.107	     3.67912e+09	
      3889.166	     3.67893e+09	
      3889.225	     3.67871e+09	
      3889.294	     3.67846e+09	
      3889.343	     3.67830e+09	
      3889.394	     3.67811e+09	
      3889.408	     3.67808e+09	
      3889.450	     3.67793e+09	
      3889.494	     3.67777e+09	
      3889.580	     3.67749e+09	
      3889.752	     3.67689e+09	
      3890.054	     3.67582e+09	
      3890.315	     3.67494e+09	
      3890.474	     3.67438e+09	
      3890.657	     3.67375e+09	
      3890.999	     3.67258e+09	
      3891.683	     3.67026e+09	
      3892.892	     3.66618e+09	
      3893.942	     3.66263e+09	
      3894.458	     3.66087e+09	
      3895.309	     3.65801e+09	
      3896.219	     3.65496e+09	
      3896.677	     3.65342e+09	
      3898.895	     3.64598e+09	
      3899.603	     3.64359e+09	
      3901.572	     3.63696e+09	
      3903.894	     3.62920e+09	
      3904.248	     3.62804e+09	
      3908.893	     3.61245e+09	
      3913.891	     3.59568e+09	
      3918.890	     3.57871e+09	
      3923.889	     3.56156e+09	
      3928.216	     3.54651e+09	
      3928.353	     3.54604e+09	
      3928.887	     3.54419e+09	
      3929.559	     3.54189e+09	
      3930.903	     3.53724e+09	
      3933.453	     3.52832e+09	
      3935.810	     3.52000e+09	
      3937.347	     3.51447e+09	
      3938.885	     3.50888e+09	
      3940.036	     3.50482e+09	
      3941.960	     3.49794e+09	
      3943.883	     3.49103e+09	
      3946.579	     3.48129e+09	
      3947.730	     3.47708e+09	
      3948.882	     3.47284e+09	
      3950.653	     3.46624e+09	
      3951.015	     3.46496e+09	
      3951.186	     3.46433e+09	
      3951.718	     3.46241e+09	
      3952.784	     3.45852e+09	
      3954.554	     3.45204e+09	
      3957.306	     3.44180e+09	
      3958.093	     3.43894e+09	
      3958.624	     3.43703e+09	
      3958.880	     3.43609e+09	
      3960.453	     3.43034e+09	
      3962.283	     3.42364e+09	
      3965.737	     3.41133e+09	
      3965.942	     3.41061e+09	
      3966.147	     3.40988e+09	
      3966.557	     3.40844e+09	
      3966.675	     3.40803e+09	
      3967.279	     3.40589e+09	
      3967.376	     3.40555e+09	
      3968.078	     3.40310e+09	
      3968.709	     3.40093e+09	
      3968.877	     3.40033e+09	
      3969.045	     3.39977e+09	
      3969.234	     3.39911e+09	
      3969.287	     3.39892e+09	
      3969.381	     3.39861e+09	
      3969.528	     3.39810e+09	
      3969.648	     3.39770e+09	
      3969.769	     3.39729e+09	
      3969.830	     3.39707e+09	
      3969.890	     3.39688e+09	
      3969.950	     3.39669e+09	
      3970.011	     3.39650e+09	
      3970.071	     3.39631e+09	
      3970.131	     3.39612e+09	
      3970.192	     3.39594e+09	
      3970.252	     3.39578e+09	
      3970.323	     3.39559e+09	
      3970.372	     3.39543e+09	
      3970.423	     3.39531e+09	
      3970.432	     3.39528e+09	
      3970.495	     3.39512e+09	
      3970.523	     3.39502e+09	
      3970.613	     3.39481e+09	
      3970.795	     3.39430e+09	
      3971.096	     3.39352e+09	
      3971.333	     3.39292e+09	
      3971.591	     3.39223e+09	
      3971.698	     3.39195e+09	
      3972.063	     3.39100e+09	
      3972.793	     3.38912e+09	
      3973.995	     3.38604e+09	
      3974.936	     3.38362e+09	
      3976.398	     3.37995e+09	
      3976.845	     3.37885e+09	
      3977.860	     3.37630e+09	
      3978.874	     3.37379e+09	
      3979.577	     3.37209e+09	
      3980.904	     3.36886e+09	
      3982.230	     3.36559e+09	
      3984.180	     3.36088e+09	
      3984.884	     3.35918e+09	
      3985.119	     3.35861e+09	
      3985.588	     3.35748e+09	
      3986.995	     3.35400e+09	
      3988.872	     3.34935e+09	
      3991.379	     3.34319e+09	
      3992.625	     3.34011e+09	
      3993.854	     3.33703e+09	
      3993.870	     3.33700e+09	
      3996.362	     3.33062e+09	
      3998.869	     3.32415e+09	
      4003.868	     3.31108e+09	
      4008.866	     3.29754e+09	
      4013.865	     3.28366e+09	
      4018.864	     3.26958e+09	
      4023.863	     3.25504e+09	
      4025.341	     3.25061e+09	
      4028.861	     3.23992e+09	
      4032.381	     3.22893e+09	
      4032.946	     3.22714e+09	
      4033.860	     3.22422e+09	
      4035.902	     3.21778e+09	
      4038.859	     3.20832e+09	
      4043.857	     3.19180e+09	
      4048.856	     3.17480e+09	
      4053.855	     3.15664e+09	
      4058.853	     3.13690e+09	
      4063.852	     3.11807e+09	
      4068.851	     3.09784e+09	
      4073.849	     3.07641e+09	
      4075.421	     3.06964e+09	
      4078.848	     3.05531e+09	
      4082.275	     3.03986e+09	
      4082.559	     3.03863e+09	
      4084.004	     3.03217e+09	
      4085.702	     3.02463e+09	
      4088.845	     3.01025e+09	
      4089.695	     3.00633e+09	
      4093.687	     2.98831e+09	
      4096.515	     2.97682e+09	
      4097.679	     2.97257e+09	
      4098.010	     2.97140e+09	
      4098.678	     2.96929e+09	
      4098.843	     2.96878e+09	
      4099.676	     2.96638e+09	
      4100.174	     2.96513e+09	
      4100.673	     2.96403e+09	
      4100.922	     2.96356e+09	
      4101.172	     2.96310e+09	
      4101.297	     2.96288e+09	
      4101.422	     2.96266e+09	
      4101.485	     2.96254e+09	
      4101.547	     2.96242e+09	
      4101.609	     2.96230e+09	
      4101.672	     2.96216e+09	
      4101.734	     2.96200e+09	
      4101.797	     2.96185e+09	
      4101.859	     2.96168e+09	
      4101.922	     2.96149e+09	
      4102.047	     2.96111e+09	
      4102.296	     2.96031e+09	
      4102.745	     2.95892e+09	
      4102.794	     2.95877e+09	
      4102.845	     2.95863e+09	
      4102.945	     2.95836e+09	
      4103.145	     2.95780e+09	
      4103.296	     2.95739e+09	
      4103.545	     2.95676e+09	
      4103.794	     2.95617e+09	
      4104.291	     2.95507e+09	
      4104.785	     2.95414e+09	
      4105.287	     2.95321e+09	
      4105.789	     2.95245e+09	
      4106.793	     2.95106e+09	
      4108.680	     2.94927e+09	
      4108.760	     2.94921e+09	
      4108.800	     2.94917e+09	
      4108.840	     2.94914e+09	
      4108.859	     2.94912e+09	
      4109.000	     2.94900e+09	
      4109.320	     2.94869e+09	
      4109.781	     2.94832e+09	
      4110.703	     2.94788e+09	
      4111.319	     2.94760e+09	
      4112.546	     2.94691e+09	
      4113.774	     2.94637e+09	
      4114.693	     2.94602e+09	
      4116.229	     2.94544e+09	
      4116.694	     2.94525e+09	
      4117.766	     2.94465e+09	
      4118.126	     2.94439e+09	
      4118.838	     2.94389e+09	
      4120.981	     2.94278e+09	
      4123.836	     2.94135e+09	
      4126.144	     2.93964e+09	
      4128.835	     2.93707e+09	
      4129.605	     2.93664e+09	
      4131.526	     2.93524e+09	
      4133.834	     2.93331e+09	
      4134.219	     2.93303e+09	
      4138.832	     2.92844e+09	
      4143.831	     2.92200e+09	
      4148.830	     2.91626e+09	
      4153.828	     2.90915e+09	
      4158.827	     2.90085e+09	
      4163.826	     2.89203e+09	
      4168.824	     2.88255e+09	
      4173.823	     2.87285e+09	
      4178.822	     2.86264e+09	
      4183.820	     2.85199e+09	
      4188.819	     2.84101e+09	
      4193.818	     2.82976e+09	
      4198.817	     2.81841e+09	
      4203.815	     2.80682e+09	
      4208.814	     2.79499e+09	
      4213.813	     2.78295e+09	
      4216.525	     2.77631e+09	
      4217.242	     2.77454e+09	
      4218.811	     2.77067e+09	
      4221.098	     2.76497e+09	
      4223.810	     2.75813e+09	
      4224.954	     2.75523e+09	
      4228.809	     2.74532e+09	
      4233.807	     2.73216e+09	
      4238.806	     2.71847e+09	
      4243.805	     2.70426e+09	
      4248.803	     2.68945e+09	
      4253.802	     2.67459e+09	
      4258.801	     2.65895e+09	
      4263.799	     2.64236e+09	
      4268.798	     2.62454e+09	
      4273.797	     2.60547e+09	
      4278.795	     2.58595e+09	
      4283.794	     2.56527e+09	
      4288.793	     2.54451e+09	
      4293.791	     2.52151e+09	
      4298.790	     2.49665e+09	
      4303.789	     2.47357e+09	
      4308.788	     2.44923e+09	
      4313.786	     2.42203e+09	
      4314.073	     2.42074e+09	
      4318.785	     2.39755e+09	
      4320.854	     2.38596e+09	
      4323.497	     2.37135e+09	
      4326.139	     2.35689e+09	
      4326.475	     2.35491e+09	
      4328.782	     2.34120e+09	
      4330.233	     2.33285e+09	
      4331.090	     2.32733e+09	
      4331.149	     2.32693e+09	
      4331.946	     2.32172e+09	
      4333.660	     2.31043e+09	
      4334.060	     2.30771e+09	
      4336.171	     2.29191e+09	
      4337.786	     2.27811e+09	
      4338.220	     2.27423e+09	
      4338.283	     2.27358e+09	
      4338.780	     2.26838e+09	
      4338.812	     2.26808e+09	
      4339.339	     2.26244e+09	
      4339.602	     2.25934e+09	
      4339.867	     2.25614e+09	
      4340.001	     2.25455e+09	
      4340.132	     2.25306e+09	
      4340.197	     2.25237e+09	
      4340.263	     2.25179e+09	
      4340.329	     2.25130e+09	
      4340.395	     2.25095e+09	
      4340.461	     2.25074e+09	
      4340.527	     2.25071e+09	
      4340.593	     2.25081e+09	
      4340.659	     2.25105e+09	
      4340.791	     2.25184e+09	
      4341.005	     2.25351e+09	
      4341.055	     2.25392e+09	
      4341.105	     2.25438e+09	
      4341.205	     2.25519e+09	
      4341.227	     2.25535e+09	
      4341.238	     2.25542e+09	
      4341.405	     2.25683e+09	
      4341.583	     2.25824e+09	
      4341.939	     2.26083e+09	
      4342.640	     2.26540e+09	
      4343.330	     2.26921e+09	
      4343.570	     2.27053e+09	
      4344.041	     2.27267e+09	
      4344.752	     2.27570e+09	
      4346.174	     2.28106e+09	
      4348.578	     2.28819e+09	
      4348.777	     2.28880e+09	
      4348.976	     2.28921e+09	
      4349.374	     2.29044e+09	
      4350.170	     2.29240e+09	
      4350.322	     2.29278e+09	
      4351.761	     2.29575e+09	
      4353.201	     2.29808e+09	
      4354.734	     2.30152e+09	
      4356.077	     2.30386e+09	
      4356.080	     2.30386e+09	
      4357.426	     2.30562e+09	
      4358.774	     2.30792e+09	
      4359.170	     2.30851e+09	
      4361.472	     2.31183e+09	
      4363.773	     2.31469e+09	
      4367.980	     2.31825e+09	
      4368.376	     2.31892e+09	
      4368.524	     2.31916e+09	
      4368.772	     2.31955e+09	
      4369.563	     2.32071e+09	
      4371.147	     2.32268e+09	
      4373.770	     2.32536e+09	
      4378.769	     2.32852e+09	
      4383.768	     2.33070e+09	
      4388.766	     2.33451e+09	
      4393.765	     2.33567e+09	
      4398.764	     2.33486e+09	
      4403.762	     2.33444e+09	
      4408.761	     2.33252e+09	
      4413.760	     2.33018e+09	
      4418.758	     2.32647e+09	
      4423.757	     2.32171e+09	
      4428.756	     2.31612e+09	
      4433.754	     2.31004e+09	
      4438.753	     2.30378e+09	
      4443.752	     2.29699e+09	
      4448.751	     2.28975e+09	
      4453.749	     2.28213e+09	
      4458.748	     2.27426e+09	
      4463.747	     2.26620e+09	
      4468.745	     2.25800e+09	
      4473.744	     2.24967e+09	
      4478.743	     2.24125e+09	
      4483.741	     2.23275e+09	
      4488.740	     2.22419e+09	
      4493.739	     2.21560e+09	
      4498.737	     2.20697e+09	
      4503.736	     2.19831e+09	
      4508.735	     2.18964e+09	
      4513.733	     2.18095e+09	
      4514.118	     2.18028e+09	
      4518.732	     2.17226e+09	
      4523.346	     2.16425e+09	
      4527.190	     2.15757e+09	
      4527.960	     2.15624e+09	
      4528.729	     2.15490e+09	
      4530.269	     2.15223e+09	
      4532.968	     2.14755e+09	
      4533.288	     2.14699e+09	
      4533.348	     2.14689e+09	
      4533.728	     2.14623e+09	
      4534.488	     2.14491e+09	
      4536.007	     2.14228e+09	
      4538.727	     2.13757e+09	
      4543.725	     2.12893e+09	
      4548.724	     2.12031e+09	
      4553.723	     2.11171e+09	
      4558.721	     2.10312e+09	
      4563.720	     2.09456e+09	
      4568.719	     2.08602e+09	
      4573.717	     2.07750e+09	
      4578.716	     2.06901e+09	
      4583.715	     2.06054e+09	
      4588.713	     2.05209e+09	
      4593.712	     2.04367e+09	
      4596.529	     2.03893e+09	
      4596.984	     2.03817e+09	
      4598.711	     2.03527e+09	
      4600.892	     2.03161e+09	
      4603.709	     2.02693e+09	
      4604.800	     2.02510e+09	
      4608.708	     2.01857e+09	
      4613.707	     2.01024e+09	
      4618.705	     2.00193e+09	
      4623.704	     1.99364e+09	
      4628.703	     1.98536e+09	
      4633.701	     1.97710e+09	
      4638.700	     1.96883e+09	
      4643.699	     1.96058e+09	
      4648.697	     1.95234e+09	
      4653.696	     1.94410e+09	
      4658.695	     1.93587e+09	
      4663.694	     1.92763e+09	
      4668.692	     1.91939e+09	
      4673.691	     1.91114e+09	
      4678.690	     1.90287e+09	
      4683.688	     1.89458e+09	
      4688.687	     1.88626e+09	
      4693.686	     1.87789e+09	
      4698.684	     1.86944e+09	
      4703.683	     1.86092e+09	
      4708.682	     1.85232e+09	
      4713.680	     1.84362e+09	
      4715.603	     1.84024e+09	
      4718.679	     1.83484e+09	
      4720.984	     1.83077e+09	
      4721.755	     1.82940e+09	
      4723.678	     1.82597e+09	
      4724.830	     1.82391e+09	
      4728.676	     1.81695e+09	
      4733.675	     1.80774e+09	
      4738.674	     1.79834e+09	
      4743.672	     1.78872e+09	
      4748.671	     1.77882e+09	
      4753.670	     1.76858e+09	
      4758.668	     1.75814e+09	
      4763.667	     1.74731e+09	
      4768.666	     1.73601e+09	
      4773.664	     1.72473e+09	
      4778.663	     1.71302e+09	
      4783.662	     1.70071e+09	
      4788.660	     1.68769e+09	
      4793.659	     1.67383e+09	
      4798.658	     1.65962e+09	
      4803.656	     1.64451e+09	
      4808.655	     1.62946e+09	
      4813.654	     1.61310e+09	
      4818.652	     1.59523e+09	
      4823.651	     1.57732e+09	
      4828.650	     1.55837e+09	
      4833.648	     1.53717e+09	
      4834.972	     1.53150e+09	
      4838.647	     1.51621e+09	
      4839.161	     1.51398e+09	
      4842.322	     1.49935e+09	
      4845.483	     1.48453e+09	
      4845.503	     1.48444e+09	
      4847.054	     1.47724e+09	
      4848.644	     1.46899e+09	
      4851.785	     1.45358e+09	
      4854.393	     1.44021e+09	
      4856.517	     1.42980e+09	
      4858.401	     1.42375e+09	
      4858.642	     1.42344e+09	
      4858.664	     1.42340e+09	
      4858.883	     1.42300e+09	
      4859.364	     1.42334e+09	
      4859.473	     1.42355e+09	
      4860.065	     1.42592e+09	
      4860.361	     1.42812e+09	
      4860.657	     1.43189e+09	
      4860.805	     1.43449e+09	
      4860.953	     1.43728e+09	
      4861.027	     1.43859e+09	
      4861.101	     1.43981e+09	
      4861.175	     1.44077e+09	
      4861.248	     1.44135e+09	
      4861.322	     1.44151e+09	
      4861.396	     1.44119e+09	
      4861.470	     1.44044e+09	
      4861.543	     1.43933e+09	
      4861.641	     1.43749e+09	
      4861.687	     1.43657e+09	
      4861.689	     1.43653e+09	
      4861.691	     1.43648e+09	
      4861.695	     1.43639e+09	
      4861.741	     1.43540e+09	
      4861.841	     1.43334e+09	
      4861.979	     1.43062e+09	
      4861.987	     1.43046e+09	
      4862.279	     1.42613e+09	
      4862.579	     1.42325e+09	
      4862.596	     1.42310e+09	
      4863.178	     1.41959e+09	
      4863.761	     1.41783e+09	
      4864.927	     1.41776e+09	
      4865.991	     1.41947e+09	
      4866.059	     1.41953e+09	
      4866.093	     1.41956e+09	
      4866.127	     1.41959e+09	
      4866.263	     1.41970e+09	
      4866.535	     1.42055e+09	
      4867.078	     1.42219e+09	
      4867.693	     1.42398e+09	
      4868.166	     1.42515e+09	
      4868.311	     1.42555e+09	
      4868.639	     1.42639e+09	
      4869.585	     1.42905e+09	
      4870.858	     1.43301e+09	
      4872.064	     1.43590e+09	
      4873.406	     1.43975e+09	
      4874.747	     1.44369e+09	
      4876.225	     1.44760e+09	
      4876.951	     1.44926e+09	
      4877.431	     1.45020e+09	
      4878.636	     1.45290e+09	
      4880.322	     1.45730e+09	
      4882.908	     1.46323e+09	
      4883.461	     1.46437e+09	
      4883.635	     1.46472e+09	
      4883.693	     1.46484e+09	
      4884.478	     1.46635e+09	
      4886.047	     1.46928e+09	
      4888.634	     1.47368e+09	
      4893.632	     1.48284e+09	
      4898.631	     1.48951e+09	
      4903.630	     1.49499e+09	
      4908.628	     1.50009e+09	
      4913.627	     1.50369e+09	
      4915.550	     1.50469e+09	
      4918.240	     1.50577e+09	
      4918.626	     1.50589e+09	
      4921.701	     1.50718e+09	
      4923.624	     1.50787e+09	
      4925.162	     1.50830e+09	
      4928.623	     1.50895e+09	
      4933.622	     1.50953e+09	
      4938.620	     1.50928e+09	
      4943.619	     1.50830e+09	
      4948.618	     1.50670e+09	
      4953.616	     1.50459e+09	
      4958.615	     1.50244e+09	
      4963.614	     1.49983e+09	
      4968.612	     1.49683e+09	
      4973.611	     1.49361e+09	
      4978.610	     1.49008e+09	
      4983.608	     1.48627e+09	
      4988.607	     1.48224e+09	
      4993.606	     1.47804e+09	
      4998.604	     1.47368e+09	
      5003.603	     1.46918e+09	
      5008.602	     1.46458e+09	
      5013.600	     1.45991e+09	
      5018.599	     1.45515e+09	
      5023.598	     1.45032e+09	
      5028.596	     1.44543e+09	
      5033.595	     1.44048e+09	
      5038.594	     1.43549e+09	
      5043.592	     1.43046e+09	
      5048.591	     1.42542e+09	
      5053.590	     1.42036e+09	
      5058.588	     1.41529e+09	
      5063.587	     1.41021e+09	
      5068.586	     1.40513e+09	
      5073.584	     1.40005e+09	
      5078.583	     1.39497e+09	
      5083.582	     1.38989e+09	
      5088.580	     1.38483e+09	
      5093.579	     1.37977e+09	
      5098.578	     1.37471e+09	
      5103.576	     1.36967e+09	
      5108.575	     1.36463e+09	
      5113.574	     1.35962e+09	
      5118.572	     1.35462e+09	
      5123.571	     1.34963e+09	
      5128.570	     1.34466e+09	
      5133.568	     1.33971e+09	
      5138.567	     1.33478e+09	
      5143.566	     1.32986e+09	
      5148.564	     1.32497e+09	
      5153.563	     1.32008e+09	
      5158.562	     1.31522e+09	
      5163.560	     1.31038e+09	
      5168.559	     1.30556e+09	
      5173.558	     1.30076e+09	
      5178.556	     1.29598e+09	
      5183.555	     1.29121e+09	
      5188.554	     1.28647e+09	
      5193.552	     1.28174e+09	
      5198.551	     1.27704e+09	
      5203.550	     1.27235e+09	
      5208.548	     1.26769e+09	
      5213.547	     1.26305e+09	
      5218.546	     1.25842e+09	
      5223.544	     1.25382e+09	
      5228.543	     1.24923e+09	
      5233.542	     1.24466e+09	
      5238.540	     1.24012e+09	
      5243.539	     1.23559e+09	
      5248.537	     1.23108e+09	
      5253.536	     1.22659e+09	
      5258.535	     1.22213e+09	
      5263.533	     1.21768e+09	
      5268.532	     1.21325e+09	
      5273.531	     1.20884e+09	
      5278.529	     1.20445e+09	
      5283.528	     1.20008e+09	
      5288.527	     1.19573e+09	
      5293.525	     1.19139e+09	
      5298.524	     1.18708e+09	
      5303.523	     1.18278e+09	
      5308.521	     1.17851e+09	
      5313.520	     1.17425e+09	
      5318.519	     1.17001e+09	
      5323.517	     1.16579e+09	
      5328.516	     1.16159e+09	
      5333.515	     1.15741e+09	
      5338.513	     1.15325e+09	
      5343.512	     1.14910e+09	
      5348.511	     1.14498e+09	
      5353.509	     1.14087e+09	
      5358.508	     1.13678e+09	
      5363.507	     1.13287e+09	
      5368.505	     1.12881e+09	
      5373.504	     1.12477e+09	
      5378.503	     1.12074e+09	
      5383.501	     1.11674e+09	
      5388.500	     1.11275e+09	
      5393.499	     1.10877e+09	
      5398.497	     1.10482e+09	
      5403.496	     1.10088e+09	
      5408.495	     1.09697e+09	
      5413.493	     1.09306e+09	
      5418.492	     1.08918e+09	
      5423.491	     1.08531e+09	
      5428.489	     1.08146e+09	
      5433.488	     1.07763e+09	
      5438.487	     1.07381e+09	
      5443.485	     1.07001e+09	
      5448.484	     1.06623e+09	
      5453.483	     1.06246e+09	
      5458.481	     1.05871e+09	
      5463.480	     1.05498e+09	
      5468.479	     1.05126e+09	
      5473.477	     1.04756e+09	
      5478.476	     1.04388e+09	
      5483.475	     1.04021e+09	
      5488.473	     1.03656e+09	
      5493.472	     1.03292e+09	
      5498.471	     1.02931e+09	
      5503.469	     1.02570e+09	
      5508.468	     1.02211e+09	
      5513.466	     1.01854e+09	
      5518.465	     1.01498e+09	
      5523.464	     1.01144e+09	
      5528.462	     1.00791e+09	
      5533.461	     1.00440e+09	
      5538.460	     1.00091e+09	
      5543.458	     9.97427e+08	
      5548.457	     9.93962e+08	
      5553.456	     9.90513e+08	
      5558.454	     9.87076e+08	
      5563.453	     9.83655e+08	
      5568.452	     9.80249e+08	
      5573.450	     9.76859e+08	
      5578.449	     9.73482e+08	
      5583.448	     9.70121e+08	
      5588.446	     9.66772e+08	
      5593.445	     9.63439e+08	
      5598.444	     9.60121e+08	
      5603.442	     9.56816e+08	
      5608.441	     9.53524e+08	
      5613.440	     9.50250e+08	
      5618.438	     9.46986e+08	
      5623.437	     9.43738e+08	
      5628.436	     9.40505e+08	
      5633.434	     9.37285e+08	
      5638.433	     9.34077e+08	
      5643.432	     9.30882e+08	
      5648.430	     9.27703e+08	
      5653.429	     9.24539e+08	
      5658.428	     9.21385e+08	
      5663.426	     9.18247e+08	
      5668.425	     9.15570e+08	
      5673.424	     9.12454e+08	
      5673.979	     9.12108e+08	
      5678.422	     9.09350e+08	
      5682.865	     9.06601e+08	
      5686.198	     9.04546e+08	
      5687.309	     9.03861e+08	
      5687.864	     9.03519e+08	
      5688.420	     9.03180e+08	
      5690.641	     9.01816e+08	
      5693.418	     9.00113e+08	
      5698.417	     8.97060e+08	
      5703.415	     8.94022e+08	
      5704.770	     8.93199e+08	
      5708.414	     8.90997e+08	
      5708.882	     8.90714e+08	
      5712.058	     8.88797e+08	
      5713.413	     8.87981e+08	
      5715.234	     8.86887e+08	
      5718.411	     8.84980e+08	
      5723.410	     8.81993e+08	
      5728.409	     8.79018e+08	
      5733.407	     8.76052e+08	
      5738.406	     8.73102e+08	
      5743.405	     8.70165e+08	
      5748.403	     8.67240e+08	
      5753.402	     8.64324e+08	
      5758.401	     8.61425e+08	
      5763.399	     8.58434e+08	
      5768.398	     8.55556e+08	
      5773.397	     8.52688e+08	
      5778.395	     8.49835e+08	
      5783.394	     8.46992e+08	
      5788.393	     8.44162e+08	
      5793.391	     8.41344e+08	
      5798.390	     8.38538e+08	
      5803.389	     8.35742e+08	
      5808.387	     8.32959e+08	
      5813.386	     8.30188e+08	
      5818.385	     8.27426e+08	
      5823.383	     8.24677e+08	
      5828.382	     8.21941e+08	
      5833.381	     8.19214e+08	
      5838.379	     8.16500e+08	
      5843.378	     8.13795e+08	
      5848.377	     8.11103e+08	
      5853.375	     8.08420e+08	
      5858.374	     8.05749e+08	
      5863.372	     8.03092e+08	
      5868.371	     8.00443e+08	
      5873.370	     7.97804e+08	
      5878.368	     7.95178e+08	
      5883.367	     7.92561e+08	
      5888.366	     7.89957e+08	
      5893.364	     7.87362e+08	
      5898.363	     7.84776e+08	
      5903.362	     7.82203e+08	
      5908.360	     7.79640e+08	
      5913.359	     7.77086e+08	
      5918.358	     7.74544e+08	
      5923.356	     7.72012e+08	
      5928.355	     7.69489e+08	
      5933.354	     7.66976e+08	
      5938.352	     7.64475e+08	
      5943.351	     7.61984e+08	
      5948.350	     7.59502e+08	
      5953.348	     7.57030e+08	
      5958.347	     7.54570e+08	
      5963.346	     7.52116e+08	
      5968.344	     7.49675e+08	
      5973.343	     7.47244e+08	
      5978.342	     7.44821e+08	
      5983.340	     7.42409e+08	
      5988.339	     7.40005e+08	
      5993.338	     7.37611e+08	
      5998.336	     7.35224e+08	
      6003.335	     7.32852e+08	
      6008.333	     7.30486e+08	
      6013.332	     7.28130e+08	
      6018.331	     7.25783e+08	
      6023.329	     7.23446e+08	
      6028.328	     7.21118e+08	
      6033.327	     7.18800e+08	
      6038.325	     7.16490e+08	
      6043.324	     7.14188e+08	
      6048.323	     7.11897e+08	
      6053.321	     7.09614e+08	
      6058.320	     7.07339e+08	
      6063.319	     7.05074e+08	
      6068.317	     7.02818e+08	
      6073.316	     7.00572e+08	
      6078.315	     6.98332e+08	
      6083.313	     6.96102e+08	
      6088.312	     6.93877e+08	
      6093.311	     6.91666e+08	
      6098.309	     6.89460e+08	
      6103.308	     6.87261e+08	
      6108.307	     6.85075e+08	
      6113.305	     6.82894e+08	
      6118.304	     6.80720e+08	
      6123.303	     6.78556e+08	
      6128.301	     6.76401e+08	
      6133.300	     6.74252e+08	
      6138.298	     6.72109e+08	
      6143.297	     6.69979e+08	
      6148.296	     6.67855e+08	
      6153.294	     6.65738e+08	
      6158.293	     6.63627e+08	
      6163.292	     6.61525e+08	
      6168.290	     6.59433e+08	
      6173.289	     6.57347e+08	
      6178.288	     6.55267e+08	
      6183.286	     6.53194e+08	
      6188.285	     6.51130e+08	
      6193.284	     6.49069e+08	
      6198.282	     6.47017e+08	
      6203.281	     6.44975e+08	
      6208.280	     6.42940e+08	
      6213.278	     6.40910e+08	
      6218.277	     6.38887e+08	
      6223.276	     6.36870e+08	
      6228.274	     6.34856e+08	
      6233.273	     6.32852e+08	
      6238.272	     6.30854e+08	
      6243.270	     6.28862e+08	
      6244.381	     6.28419e+08	
      6248.269	     6.26873e+08	
      6252.157	     6.25334e+08	
      6253.821	     6.24674e+08	
      6256.044	     6.23795e+08	
      6258.266	     6.22918e+08	
      6262.157	     6.21385e+08	
      6262.711	     6.21165e+08	
      6263.265	     6.20948e+08	
      6264.372	     6.20512e+08	
      6264.912	     6.20298e+08	
      6266.588	     6.19641e+08	
      6268.263	     6.18982e+08	
      6269.967	     6.18313e+08	
      6271.615	     6.17669e+08	
      6273.262	     6.17021e+08	
      6274.854	     6.16399e+08	
      6276.557	     6.15733e+08	
      6278.261	     6.15067e+08	
      6280.076	     6.14357e+08	
      6281.668	     6.13735e+08	
      6283.259	     6.13113e+08	
      6284.627	     6.12582e+08	
      6286.443	     6.11872e+08	
      6288.258	     6.11165e+08	
      6290.521	     6.10286e+08	
      6291.889	     6.09755e+08	
      6293.257	     6.09224e+08	
      6293.729	     6.09039e+08	
      6295.992	     6.08162e+08	
      6298.255	     6.07286e+08	
      6302.310	     6.05721e+08	
      6302.782	     6.05539e+08	
      6303.254	     6.05357e+08	
      6303.918	     6.05099e+08	
      6304.198	     6.04992e+08	
      6306.085	     6.04263e+08	
      6308.253	     6.03428e+08	
      6311.924	     6.02011e+08	
      6312.587	     6.01756e+08	
      6313.251	     6.01502e+08	
      6314.579	     6.00990e+08	
      6316.219	     6.00358e+08	
      6317.234	     5.99969e+08	
      6317.314	     5.99937e+08	
      6318.250	     5.99576e+08	
      6320.281	     5.98797e+08	
      6323.249	     5.97657e+08	
      6328.247	     5.95737e+08	
      6333.246	     5.93821e+08	
      6338.245	     5.91911e+08	
      6343.243	     5.90001e+08	
      6348.242	     5.88090e+08	
      6353.241	     5.86183e+08	
      6358.239	     5.84270e+08	
      6363.238	     5.82360e+08	
      6368.236	     5.80444e+08	
      6373.235	     5.78524e+08	
      6378.234	     5.76602e+08	
      6383.232	     5.74673e+08	
      6388.231	     5.72734e+08	
      6393.230	     5.70787e+08	
      6398.228	     5.68829e+08	
      6403.227	     5.66856e+08	
      6408.226	     5.64868e+08	
      6413.224	     5.62863e+08	
      6418.223	     5.60837e+08	
      6423.222	     5.58786e+08	
      6428.220	     5.56706e+08	
      6433.219	     5.54592e+08	
      6438.218	     5.52446e+08	
      6443.216	     5.50253e+08	
      6448.215	     5.48013e+08	
      6453.214	     5.45720e+08	
      6458.212	     5.43367e+08	
      6463.211	     5.40948e+08	
      6468.210	     5.38450e+08	
      6473.208	     5.35877e+08	
      6478.207	     5.33223e+08	
      6483.205	     5.30452e+08	
      6488.204	     5.27561e+08	
      6493.203	     5.24527e+08	
      6498.201	     5.21332e+08	
      6503.200	     5.17961e+08	
      6508.199	     5.14423e+08	
      6513.197	     5.10672e+08	
      6518.196	     5.06638e+08	
      6523.195	     5.02353e+08	
      6523.719	     5.01888e+08	
      6528.193	     4.97788e+08	
      6532.668	     4.93397e+08	
      6536.095	     4.89815e+08	
      6537.143	     4.88772e+08	
      6537.383	     4.88524e+08	
      6538.191	     4.87682e+08	
      6540.286	     4.85420e+08	
      6543.189	     4.82093e+08	
      6546.457	     4.78147e+08	
      6546.724	     4.77827e+08	
      6548.188	     4.75995e+08	
      6549.918	     4.73658e+08	
      6553.113	     4.69209e+08	
      6554.426	     4.67133e+08	
      6556.306	     4.64117e+08	
      6556.871	     4.63083e+08	
      6557.903	     4.61063e+08	
      6558.185	     4.60473e+08	
      6558.701	     4.59266e+08	
      6559.500	     4.57108e+08	
      6560.298	     4.54331e+08	
      6560.698	     4.52524e+08	
      6561.096	     4.50140e+08	
      6561.495	     4.47074e+08	
      6561.845	     4.42936e+08	
      6561.895	     4.42179e+08	
      6561.945	     4.41372e+08	
      6562.045	     4.39631e+08	
      6562.098	     4.38651e+08	
      6562.196	     4.36898e+08	
      6562.245	     4.35990e+08	
      6562.294	     4.35004e+08	
      6562.444	     4.32575e+08	
      6562.486	     4.31938e+08	
      6562.490	     4.31887e+08	
      6562.494	     4.31834e+08	
      6562.544	     4.31234e+08	
      6562.594	     4.30709e+08	
      6562.693	     4.30015e+08	
      6562.793	     4.29754e+08	
      6562.892	     4.29962e+08	
      6562.992	     4.30615e+08	
      6563.092	     4.31689e+08	
      6563.289	     4.34705e+08	
      6563.291	     4.34737e+08	
      6563.490	     4.38346e+08	
      6563.691	     4.41730e+08	
      6563.696	     4.41802e+08	
      6563.892	     4.44378e+08	
      6564.093	     4.46439e+08	
      6564.490	     4.49276e+08	
      6564.886	     4.51441e+08	
      6565.274	     4.52999e+08	
      6565.613	     4.54136e+08	
      6565.680	     4.54340e+08	
      6566.086	     4.55405e+08	
      6566.898	     4.57168e+08	
      6567.085	     4.57520e+08	
      6568.183	     4.59257e+08	
      6569.280	     4.60711e+08	
      6570.478	     4.61977e+08	
      6571.476	     4.63061e+08	
      6572.473	     4.64079e+08	
      6573.270	     4.64805e+08	
      6574.469	     4.65817e+08	
      6575.667	     4.66778e+08	
      6577.950	     4.68550e+08	
      6578.065	     4.68631e+08	
      6578.180	     4.68710e+08	
      6578.410	     4.68867e+08	
      6578.870	     4.69175e+08	
      6579.789	     4.69756e+08	
      6580.079	     4.69954e+08	
      6581.629	     4.70972e+08	
      6583.178	     4.71924e+08	
      6584.378	     4.72618e+08	
      6586.278	     4.73636e+08	
      6587.911	     4.74434e+08	
      6588.177	     4.74556e+08	
      6588.443	     4.74679e+08	
      6588.975	     4.74893e+08	
      6590.039	     4.75373e+08	
      6591.023	     4.75848e+08	
      6592.166	     4.76375e+08	
      6593.014	     4.76749e+08	
      6593.309	     4.76878e+08	
      6595.594	     4.77808e+08	
      6598.174	     4.78741e+08	
      6603.335	     4.80331e+08	
      6613.656	     4.82567e+08	
      6623.977	     4.83654e+08	
      6634.299	     4.83922e+08	
      6644.620	     4.83494e+08	
      6654.941	     4.82536e+08	
      6675.584	     4.79570e+08	
      6680.975	     4.78615e+08	
      6696.226	     4.75625e+08	
      6711.477	     4.72326e+08	
      6741.979	     4.65201e+08	
      6781.185	     4.55609e+08	
      6802.982	     4.50231e+08	
      6824.779	     4.44868e+08	
      6868.373	     4.34262e+08	
      6955.562	     4.13719e+08	
      6976.354	     4.08976e+08	
      7042.750	     3.94248e+08	
      7109.146	     3.80145e+08	
      7175.542	     3.66658e+08	
      7241.938	     3.53756e+08	
      7308.334	     3.41416e+08	
      7355.946	     3.32893e+08	
      7374.730	     3.29619e+08	
      7393.514	     3.26367e+08	
      7431.082	     3.19990e+08	
      7506.218	     3.07694e+08	
      7581.353	     2.95983e+08	
      7635.097	     2.87947e+08	
      7656.489	     2.84824e+08	
      7677.881	     2.81744e+08	
      7720.666	     2.75707e+08	
      7806.234	     2.64111e+08	
      7821.358	     2.62126e+08	
      7891.803	     2.53120e+08	
      7962.248	     2.44497e+08	
      7982.837	     2.42046e+08	
      8032.693	     2.36238e+08	
      8082.550	     2.30604e+08	
      8161.675	     2.22002e+08	
      8182.262	     2.19830e+08	
      8200.850	     2.17892e+08	
      8202.850	     2.17685e+08	
      8204.849	     2.17478e+08	
      8208.848	     2.17065e+08	
      8216.846	     2.16241e+08	
      8232.842	     2.14606e+08	
      8264.833	     2.11381e+08	
      8289.715	     2.08916e+08	
      8328.816	     2.05113e+08	
      8343.441	     2.03712e+08	
      8367.916	     2.01396e+08	
      8371.465	     2.01063e+08	
      8388.684	     1.99456e+08	
      8392.391	     1.99112e+08	
      8408.650	     1.97613e+08	
      8413.318	     1.97185e+08	
      8432.024	     1.95482e+08	
      8437.951	     1.94947e+08	
      8467.252	     1.92325e+08	
      8473.978	     1.91730e+08	
      8502.481	     1.89232e+08	
      8516.584	     1.88010e+08	
      8530.983	     1.86774e+08	
      8545.382	     1.85548e+08	
      8549.972	     1.85159e+08	
      8574.180	     1.83125e+08	
      8598.388	     1.81120e+08	
      8628.597	     1.78655e+08	
      8646.805	     1.77190e+08	
      8652.391	     1.76743e+08	
      8665.013	     1.75739e+08	
      8685.587	     1.74119e+08	
      8701.429	     1.72883e+08	
      8750.468	     1.69127e+08	
      8767.917	     1.67815e+08	
      8815.350	     1.64314e+08	
      8862.782	     1.60905e+08	
      8900.383	     1.58265e+08	
      8957.646	     1.54345e+08	
      9014.908	     1.50546e+08	
      9044.624	     1.48622e+08	
      9072.171	     1.46866e+08	
      9099.717	     1.45135e+08	
      9154.810	     1.41753e+08	
      9190.798	     1.39594e+08	
      9209.903	     1.38465e+08	
      9229.009	     1.37349e+08	
      9267.221	     1.35140e+08	
      9303.204	     1.33112e+08	
      9343.644	     1.30875e+08	
      9384.084	     1.28682e+08	
      9464.964	     1.24424e+08	
      9545.723	     1.20337e+08	
      9545.844	     1.20331e+08	
      9545.965	     1.20325e+08	
      9546.207	     1.20313e+08	
      9546.691	     1.20290e+08	
      9546.866	     1.20281e+08	
      9547.658	     1.20242e+08	
      9549.594	     1.20127e+08	
      9553.465	     1.19939e+08	
      9561.207	     1.19564e+08	
      9576.691	     1.18820e+08	
      9607.658	     1.17348e+08	
      9668.451	     1.14514e+08	
      9729.243	     1.11757e+08	
      9790.036	     1.09065e+08	
      9850.828	     1.06442e+08	
      9870.422	     1.05605e+08	
      9911.620	     1.03861e+08	
      9952.819	     1.02141e+08	
     10021.070	     9.93610e+07	
     10035.217	     9.87946e+07	
     10049.364	     9.82565e+07	
     10077.658	     9.72109e+07	
     10134.247	     9.52003e+07	
     10144.484	     9.48425e+07	
     10190.835	     9.32356e+07	
     10237.187	     9.16481e+07	
     10329.890	     8.85348e+07	
     10422.592	     8.55270e+07	
     10515.295	     8.25551e+07	
     10607.998	     7.97317e+07	
     10700.701	     7.69473e+07	
     10793.403	     7.41856e+07	
     10834.127	     7.29817e+07	
     10886.106	     7.14540e+07	
     10912.096	     7.06692e+07	
     10925.091	     7.02567e+07	
     10938.085	     6.98194e+07	
     10951.079	     6.96111e+07	
     10964.074	     6.93764e+07	
     10977.069	     6.91229e+07	
     10990.064	     6.88621e+07	
     11016.053	     6.83199e+07	
     11068.032	     6.72313e+07	
     11120.010	     6.61418e+07	
     11171.989	     6.50454e+07	
     11187.029	     6.47256e+07	
     11223.968	     6.39408e+07	
     11260.908	     6.31592e+07	
     11334.787	     6.15994e+07	
     11408.666	     6.00710e+07	
     11482.545	     5.86048e+07	
     11556.424	     5.71493e+07	
     11630.303	     5.57422e+07	
     11704.182	     5.43744e+07	
     11778.061	     5.30483e+07	
     11851.940	     5.17593e+07	
     11925.819	     5.05121e+07	
     11999.698	     4.93023e+07	
     12073.577	     4.81056e+07	
     12147.455	     4.69593e+07	
     12158.041	     4.67975e+07	
     12221.334	     4.58421e+07	
     12284.629	     4.49056e+07	
     12347.924	     4.39832e+07	
     12411.218	     4.30719e+07	
     12474.512	     4.21674e+07	
     12537.806	     4.12532e+07	
     12601.101	     4.03289e+07	
     12664.395	     3.93645e+07	
     12727.689	     3.83466e+07	
     12763.901	     3.77349e+07	
     12777.443	     3.75150e+07	
     12790.984	     3.73114e+07	
     12797.754	     3.72244e+07	
     12804.524	     3.71578e+07	
     12811.295	     3.71289e+07	
     12818.016	     3.72059e+07	
     12818.066	     3.72056e+07	
     12818.116	     3.72049e+07	
     12818.216	     3.72034e+07	
     12818.416	     3.71999e+07	
     12818.815	     3.71902e+07	
     12819.615	     3.71625e+07	
     12821.215	     3.70959e+07	
     12824.414	     3.69891e+07	
     12830.812	     3.68669e+07	
     12837.210	     3.67821e+07	
     12850.007	     3.66592e+07	
     12875.600	     3.64965e+07	
     12901.193	     3.63410e+07	
     12952.379	     3.59948e+07	
     13003.565	     3.55902e+07	
     13054.751	     3.51519e+07	
     13105.937	     3.46857e+07	
     13157.123	     3.42082e+07	
     13208.309	     3.37219e+07	
     13210.641	     3.36996e+07	
     13259.495	     3.32340e+07	
     13308.350	     3.27712e+07	
     13406.059	     3.18579e+07	
     13503.769	     3.09682e+07	
     13601.478	     3.01055e+07	
     13699.187	     2.92772e+07	
     13796.897	     2.84687e+07	
     13894.606	     2.76880e+07	
     13992.315	     2.69338e+07	
     14090.025	     2.62051e+07	
     14187.734	     2.55009e+07	
     14238.816	     2.51421e+07	
     14285.443	     2.48201e+07	
     14332.071	     2.45033e+07	
     14393.010	     2.40963e+07	
     14425.325	     2.38839e+07	
     14457.640	     2.36739e+07	
     14461.331	     2.36500e+07	
     14522.271	     2.32606e+07	
     14581.211	     2.28916e+07	
     14583.210	     2.28792e+07	
     14585.210	     2.28669e+07	
     14589.208	     2.28421e+07	
     14597.206	     2.27928e+07	
     14613.202	     2.26944e+07	
     14645.193	     2.24993e+07	
     14709.176	     2.21154e+07	
     14773.158	     2.17396e+07	
     14837.141	     2.13718e+07	
     14901.123	     2.10118e+07	
     14965.106	     2.06592e+07	
     15029.088	     2.03141e+07	
     15093.071	     1.99761e+07	
     15157.054	     1.96451e+07	
     15221.036	     1.93210e+07	
     15285.019	     1.90035e+07	
     15349.001	     1.86925e+07	
     15412.984	     1.83879e+07	
     15471.572	     1.81143e+07	
     15476.966	     1.80894e+07	
     15482.361	     1.80645e+07	
     15493.150	     1.80149e+07	
     15514.728	     1.79161e+07	
     15557.884	     1.77206e+07	
     15644.197	     1.73375e+07	
     15730.509	     1.69647e+07	
     15816.821	     1.66019e+07	
     15903.134	     1.62487e+07	
     15989.446	     1.59049e+07	
     16075.759	     1.55701e+07	
     16162.071	     1.52440e+07	
     16248.384	     1.49265e+07	
     16289.880	     1.47768e+07	
     16334.696	     1.46172e+07	
     16379.512	     1.44597e+07	
     16469.143	     1.41512e+07	
     16558.775	     1.38508e+07	
     16648.406	     1.35584e+07	
     16738.038	     1.32736e+07	
     16827.669	     1.29963e+07	
     16917.301	     1.27262e+07	
     17006.933	     1.24631e+07	
     17096.564	     1.22067e+07	
     17186.196	     1.19569e+07	
     17275.827	     1.17135e+07	
     17327.685	     1.15754e+07	
     17365.459	     1.14762e+07	
     17403.232	     1.13780e+07	
     17478.780	     1.11848e+07	
     17554.327	     1.09957e+07	
     17629.874	     1.08105e+07	
     17705.422	     1.06293e+07	
     17780.969	     1.04518e+07	
     17856.517	     1.02781e+07	
     17932.064	     1.01079e+07	
     18007.611	     9.93438e+06	
     18083.159	     9.76932e+06	
     18158.706	     9.60693e+06	
     18234.253	     9.44667e+06	
     18309.801	     9.28758e+06	
     18343.743	     9.21624e+06	
     18385.348	     9.12859e+06	
     18426.953	     9.04003e+06	
     18510.162	     8.85744e+06	
     18593.371	     8.65820e+06	
     18602.053	     8.63574e+06	
     18639.317	     8.53313e+06	
     18657.949	     8.47774e+06	
     18676.581	     8.41743e+06	
     18695.212	     8.35126e+06	
     18704.529	     8.31438e+06	
     18713.844	     8.27172e+06	
     18723.161	     8.22299e+06	
     18727.819	     8.19365e+06	
     18732.476	     8.15950e+06	
     18737.134	     8.11797e+06	
     18741.793	     8.06186e+06	
     18744.121	     8.02272e+06	
     18746.450	     7.96812e+06	
     18748.779	     7.88025e+06	
     18749.944	     7.82546e+06	
     18750.526	     7.80588e+06	
     18751.108	     7.79800e+06	
     18751.690	     7.80400e+06	
     18752.273	     7.82165e+06	
     18752.855	     7.84594e+06	
     18753.438	     7.87261e+06	
     18754.019	     7.89696e+06	
     18754.601	     7.91842e+06	
     18755.184	     7.93657e+06	
     18755.766	     7.95266e+06	
     18756.931	     7.97836e+06	
     18759.260	     8.01618e+06	
     18761.588	     8.04285e+06	
     18763.918	     8.06265e+06	
     18768.575	     8.09039e+06	
     18777.892	     8.12463e+06	
     18787.207	     8.14244e+06	
     18796.524	     8.15350e+06	
     18815.156	     8.16063e+06	
     18833.788	     8.15749e+06	
     18852.420	     8.15011e+06	
     18889.683	     8.12268e+06	
     18926.947	     8.08536e+06	
     18964.211	     8.04141e+06	
     19038.739	     7.94069e+06	
     19113.266	     7.83174e+06	
     19187.794	     7.71930e+06	
     19262.322	     7.60624e+06	
     19336.849	     7.49367e+06	
     19372.080	     7.44083e+06	
     19411.377	     7.38224e+06	
     19450.673	     7.32412e+06	
     19529.267	     7.20926e+06	
     19607.859	     7.09874e+06	
     19686.453	     6.98728e+06	
     19765.046	     6.87798e+06	
     19843.639	     6.77082e+06	
     19922.232	     6.66577e+06	
     20000.825	     6.56269e+06	
     20079.418	     6.46163e+06	
     20158.012	     6.36251e+06	
     20236.604	     6.26528e+06	
     20315.198	     6.16990e+06	
     20393.791	     6.07631e+06	
     20470.376	     5.98684e+06	
     20472.384	     5.98451e+06	
     20474.393	     5.98219e+06	
     20478.411	     5.97754e+06	
     20486.448	     5.96827e+06	
     20502.522	     5.94977e+06	
     20534.669	     5.91298e+06	
     20598.962	     5.84025e+06	
     20663.256	     5.76866e+06	
     20727.550	     5.69816e+06	
     20791.844	     5.62870e+06	
     20856.137	     5.56034e+06	
     20920.431	     5.49298e+06	
     20984.725	     5.42663e+06	
     21049.018	     5.36132e+06	
     21113.312	     5.29695e+06	
     21177.606	     5.23355e+06	
     21241.900	     5.17112e+06	
     21306.193	     5.10958e+06	
     21370.487	     5.04898e+06	
     21434.781	     4.98929e+06	
     21499.074	     4.93045e+06	
     21563.368	     4.87248e+06	
     21624.707	     4.81798e+06	
     21627.661	     4.81537e+06	
     21630.617	     4.81276e+06	
     21636.526	     4.80755e+06	
     21648.345	     4.79718e+06	
     21671.983	     4.77648e+06	
     21719.259	     4.73542e+06	
     21813.810	     4.65462e+06	
     21908.363	     4.57554e+06	
     22002.914	     4.49813e+06	
     22097.466	     4.42236e+06	
     22192.018	     4.34818e+06	
     22286.569	     4.27555e+06	
     22381.121	     4.20442e+06	
     22475.674	     4.13474e+06	
     22570.225	     4.06654e+06	
     22664.777	     3.99972e+06	
     22731.820	     3.95316e+06	
     22759.329	     3.93428e+06	
     22784.838	     3.91684e+06	
     22786.838	     3.91546e+06	
     22788.837	     3.91411e+06	
     22792.836	     3.91138e+06	
     22800.834	     3.90594e+06	
     22816.829	     3.89510e+06	
     22848.821	     3.87352e+06	
     22912.803	     3.83083e+06	
     22976.786	     3.78870e+06	
     23040.768	     3.74717e+06	
     23104.751	     3.70620e+06	
     23168.733	     3.66577e+06	
     23232.716	     3.62590e+06	
     23296.698	     3.58657e+06	
     23360.681	     3.54780e+06	
     23424.663	     3.50950e+06	
     23488.646	     3.47174e+06	
     23552.628	     3.43451e+06	
     23616.611	     3.39776e+06	
     23680.593	     3.36150e+06	
     23744.576	     3.32572e+06	
     23808.558	     3.29041e+06	
     23872.541	     3.25557e+06	
     23936.523	     3.22120e+06	
     24000.506	     3.18727e+06	
     24064.488	     3.15378e+06	
     24128.471	     3.12074e+06	
     24192.453	     3.08812e+06	
     24256.436	     3.05594e+06	
     24320.419	     3.02417e+06	
     24384.401	     2.99281e+06	
     24448.384	     2.96186e+06	
     24512.366	     2.93130e+06	
     24576.349	     2.90114e+06	
     24640.331	     2.87137e+06	
     24704.314	     2.84198e+06	
     24768.296	     2.81296e+06	
     24832.279	     2.78431e+06	
     24896.261	     2.75602e+06	
     24960.244	     2.72810e+06	
     25004.437	     2.70901e+06	
     25024.226	     2.70052e+06	
     25044.016	     2.69207e+06	
     25083.595	     2.67525e+06	
     25162.753	     2.64202e+06	
     25241.912	     2.60930e+06	
     25321.070	     2.57709e+06	
     25400.228	     2.54537e+06	
     25479.387	     2.51413e+06	
     25558.545	     2.48338e+06	
     25637.703	     2.45309e+06	
     25716.862	     2.42326e+06	
     25796.020	     2.39388e+06	
     25875.179	     2.36495e+06	
     25954.337	     2.33645e+06	
     26033.495	     2.30839e+06	
     26112.654	     2.28074e+06	
     26191.812	     2.25350e+06	
     26270.970	     2.22667e+06	
     26350.129	     2.20024e+06	
     26429.287	     2.17419e+06	
     26508.445	     2.14854e+06	
     26587.604	     2.12325e+06	
     26666.762	     2.09834e+06	
     26745.921	     2.07379e+06	
     26825.079	     2.04960e+06	
     26904.237	     2.02576e+06	
     26983.396	     2.00227e+06	
     27062.554	     1.97912e+06	
     27141.712	     1.95630e+06	
     27142.547	     1.95606e+06	
     27220.871	     1.93381e+06	
     27299.194	     1.91187e+06	
     27377.518	     1.89023e+06	
     27455.842	     1.86890e+06	
     27534.165	     1.84786e+06	
     27612.489	     1.82712e+06	
     27690.812	     1.80667e+06	
     27769.136	     1.78651e+06	
     27847.459	     1.76663e+06	
     27925.783	     1.74702e+06	
     28004.107	     1.72768e+06	
     28082.430	     1.70861e+06	
     28160.754	     1.68980e+06	
     28239.077	     1.67126e+06	
     28317.401	     1.65296e+06	
     28395.725	     1.63491e+06	
     28474.048	     1.61711e+06	
     28552.372	     1.59955e+06	
     28630.695	     1.58223e+06	
     28709.019	     1.56514e+06	
     28787.343	     1.54828e+06	
     28865.666	     1.53165e+06	
     28943.990	     1.51524e+06	
     29022.313	     1.49905e+06	
     29100.637	     1.48308e+06	
     29178.961	     1.46732e+06	
     29257.284	     1.45176e+06	
     29335.608	     1.43641e+06	
     29413.931	     1.42127e+06	
     29492.255	     1.40632e+06	
     29570.578	     1.39157e+06	
     29648.902	     1.37701e+06	
     29727.226	     1.36265e+06	
     29805.549	     1.34847e+06	
     29883.873	     1.33447e+06	
     29932.600	     1.32585e+06	
     29962.196	     1.32065e+06	
     29991.792	     1.31548e+06	
#time:0.046620
