# Koester WD models
# teff = 80000 K (value for the effective temperature for the model. Temperatures are given in K)
# logg = 8.75 log(cm/s2) (value for Log(G) for the model.)
#
#   WAVELENGTH	#           FLUX	
#   (ANGSTROM)	#  (ERG/CM2/S/A)	
##############	################	
       899.230	     3.48481e+11	
       904.235	     3.43706e+11	
       908.450	     3.39735e+11	
       909.241	     3.38994e+11	
       910.032	     3.38252e+11	
       911.193	     3.37165e+11	
       911.613	     3.36769e+11	
       912.034	     3.36377e+11	
       912.465	     3.35974e+11	
       912.875	     3.35588e+11	
       913.037	     3.35437e+11	
       913.241	     3.35246e+11	
       913.284	     3.35205e+11	
       913.478	     3.35023e+11	
       913.531	     3.34972e+11	
       913.755	     3.34762e+11	
       913.822	     3.34699e+11	
       914.080	     3.34454e+11	
       914.165	     3.34375e+11	
       914.499	     3.34058e+11	
       914.575	     3.33986e+11	
       915.071	     3.33511e+11	
       915.540	     3.33056e+11	
       915.609	     3.32990e+11	
       915.643	     3.32955e+11	
       915.677	     3.32927e+11	
       915.741	     3.32871e+11	
       915.813	     3.32808e+11	
       916.085	     3.32569e+11	
       916.429	     3.32258e+11	
       916.858	     3.31868e+11	
       917.118	     3.31620e+11	
       917.196	     3.31548e+11	
       917.378	     3.31372e+11	
       917.899	     3.30873e+11	
       917.952	     3.30819e+11	
       918.287	     3.30467e+11	
       918.602	     3.30125e+11	
       919.251	     3.29446e+11	
       920.215	     3.28727e+11	
       921.882	     3.27137e+11	
       921.999	     3.26939e+11	
       922.143	     3.26688e+11	
       922.405	     3.26270e+11	
       922.810	     3.26100e+11	
       923.621	     3.26424e+11	
       924.432	     3.25425e+11	
       925.001	     3.23835e+11	
       925.242	     3.23069e+11	
       925.484	     3.22503e+11	
       925.564	     3.22579e+11	
       925.725	     3.22975e+11	
       925.966	     3.23681e+11	
       926.164	     3.24234e+11	
       926.369	     3.24690e+11	
       926.669	     3.25582e+11	
       927.173	     3.26217e+11	
       927.276	     3.26173e+11	
       927.678	     3.25793e+11	
       927.729	     3.25670e+11	
       928.182	     3.23804e+11	
       928.636	     3.21190e+11	
       928.917	     3.18982e+11	
       928.980	     3.18466e+11	
       929.089	     3.17401e+11	
       929.261	     3.15831e+11	
       929.317	     3.15353e+11	
       929.543	     3.13194e+11	
       929.655	     3.12181e+11	
       929.769	     3.11201e+11	
       929.827	     3.10747e+11	
       929.883	     3.10381e+11	
       929.910	     3.10261e+11	
       929.939	     3.10167e+11	
       929.954	     3.10139e+11	
       929.968	     3.10122e+11	
       929.982	     3.10117e+11	
       929.996	     3.10125e+11	
       930.010	     3.10143e+11	
       930.024	     3.10172e+11	
       930.038	     3.10211e+11	
       930.052	     3.10262e+11	
       930.081	     3.10404e+11	
       930.137	     3.10807e+11	
       930.201	     3.11451e+11	
       930.247	     3.11971e+11	
       930.249	     3.11997e+11	
       930.251	     3.12022e+11	
       930.301	     3.12638e+11	
       930.326	     3.12921e+11	
       930.329	     3.12960e+11	
       930.402	     3.13866e+11	
       930.478	     3.14828e+11	
       930.630	     3.16864e+11	
       930.931	     3.20835e+11	
       931.229	     3.24586e+11	
       931.534	     3.28362e+11	
       931.838	     3.31287e+11	
       932.142	     3.33907e+11	
       932.447	     3.35824e+11	
       932.751	     3.36892e+11	
       933.055	     3.37589e+11	
       933.265	     3.37614e+11	
       933.315	     3.37564e+11	
       933.359	     3.37498e+11	
       933.403	     3.37410e+11	
       933.432	     3.37363e+11	
       933.542	     3.37099e+11	
       933.652	     3.36713e+11	
       933.872	     3.35535e+11	
       933.973	     3.34787e+11	
       934.073	     3.33914e+11	
       934.092	     3.33728e+11	
       934.312	     3.31136e+11	
       934.362	     3.30423e+11	
       934.652	     3.27074e+11	
       934.941	     3.22315e+11	
       935.230	     3.16314e+11	
       935.473	     3.11124e+11	
       935.520	     3.10158e+11	
       935.688	     3.06140e+11	
       935.809	     3.02671e+11	
       936.144	     2.94083e+11	
       936.372	     2.87899e+11	
       936.601	     2.82237e+11	
       936.714	     2.79475e+11	
       936.829	     2.76707e+11	
       936.887	     2.75147e+11	
       936.944	     2.73520e+11	
       936.973	     2.72706e+11	
       937.001	     2.71943e+11	
       937.015	     2.71599e+11	
       937.029	     2.71316e+11	
       937.043	     2.71096e+11	
       937.058	     2.70946e+11	
       937.072	     2.70903e+11	
       937.086	     2.70960e+11	
       937.101	     2.71125e+11	
       937.115	     2.71360e+11	
       937.143	     2.72016e+11	
       937.200	     2.73660e+11	
       937.314	     2.76973e+11	
       937.493	     2.81621e+11	
       937.542	     2.82894e+11	
       937.593	     2.84219e+11	
       937.694	     2.86988e+11	
       937.788	     2.89543e+11	
       937.894	     2.92559e+11	
       938.000	     2.96022e+11	
       938.212	     3.02447e+11	
       938.359	     3.06933e+11	
       938.636	     3.15589e+11	
       938.914	     3.23484e+11	
       939.111	     3.29226e+11	
       939.191	     3.31674e+11	
       939.271	     3.33951e+11	
       939.431	     3.38104e+11	
       939.591	     3.41852e+11	
       939.752	     3.45167e+11	
       940.072	     3.52936e+11	
       940.392	     3.59178e+11	
       940.628	     3.62951e+11	
       940.684	     3.63756e+11	
       940.712	     3.64145e+11	
       940.740	     3.64532e+11	
       940.853	     3.66084e+11	
       941.077	     3.68845e+11	
       941.525	     3.73403e+11	
       941.974	     3.76768e+11	
       942.422	     3.78681e+11	
       942.693	     3.79124e+11	
       942.870	     3.79131e+11	
       943.048	     3.78948e+11	
       943.402	     3.77912e+11	
       943.756	     3.75945e+11	
       944.111	     3.72709e+11	
       944.331	     3.69885e+11	
       944.465	     3.67849e+11	
       944.575	     3.65980e+11	
       944.819	     3.61396e+11	
       945.063	     3.56561e+11	
       945.308	     3.50815e+11	
       945.552	     3.44699e+11	
       945.796	     3.37696e+11	
       946.040	     3.29911e+11	
       946.284	     3.21262e+11	
       946.388	     3.18027e+11	
       946.529	     3.14080e+11	
       946.581	     3.12564e+11	
       946.773	     3.06602e+11	
       946.966	     3.00146e+11	
       947.004	     2.98765e+11	
       947.158	     2.93261e+11	
       947.273	     2.88894e+11	
       947.544	     2.79536e+11	
       947.621	     2.76663e+11	
       947.813	     2.69007e+11	
       948.083	     2.58846e+11	
       948.314	     2.49698e+11	
       948.546	     2.41391e+11	
       948.661	     2.37372e+11	
       948.777	     2.33763e+11	
       948.835	     2.32095e+11	
       948.893	     2.30844e+11	
       948.922	     2.30425e+11	
       948.951	     2.30162e+11	
       948.966	     2.30132e+11	
       948.980	     2.30109e+11	
       948.994	     2.30118e+11	
       949.009	     2.30128e+11	
       949.023	     2.30127e+11	
       949.037	     2.30116e+11	
       949.052	     2.30095e+11	
       949.066	     2.30075e+11	
       949.095	     2.30105e+11	
       949.153	     2.30739e+11	
       949.230	     2.32428e+11	
       949.258	     2.33191e+11	
       949.269	     2.33562e+11	
       949.280	     2.33904e+11	
       949.330	     2.35311e+11	
       949.360	     2.36277e+11	
       949.430	     2.38727e+11	
       949.500	     2.40989e+11	
       949.640	     2.45989e+11	
       949.795	     2.51201e+11	
       949.879	     2.54674e+11	
       949.921	     2.56396e+11	
       949.963	     2.58059e+11	
       950.047	     2.61192e+11	
       950.131	     2.64259e+11	
       950.467	     2.77193e+11	
       950.888	     2.92257e+11	
       951.308	     3.07151e+11	
       951.559	     3.15231e+11	
       952.149	     3.36835e+11	
       952.444	     3.47504e+11	
       952.738	     3.57080e+11	
       953.032	     3.66718e+11	
       953.328	     3.75505e+11	
       953.622	     3.84437e+11	
       953.917	     3.92303e+11	
       954.211	     3.99168e+11	
       954.507	     4.05240e+11	
       954.801	     4.10631e+11	
       955.096	     4.15950e+11	
       955.357	     4.20219e+11	
       955.686	     4.24995e+11	
       956.014	     4.29047e+11	
       956.342	     4.32399e+11	
       956.999	     4.37853e+11	
       957.655	     4.41931e+11	
       958.312	     4.44809e+11	
       958.648	     4.45871e+11	
       958.969	     4.46618e+11	
       959.289	     4.47118e+11	
       959.429	     4.47218e+11	
       959.929	     4.47199e+11	
       960.430	     4.46568e+11	
       960.930	     4.45164e+11	
       961.431	     4.43109e+11	
       961.931	     4.40360e+11	
       962.431	     4.36864e+11	
       962.634	     4.35224e+11	
       962.932	     4.32626e+11	
       963.033	     4.31674e+11	
       963.432	     4.27564e+11	
       963.832	     4.22852e+11	
       964.231	     4.17540e+11	
       964.630	     4.11476e+11	
       965.030	     4.04741e+11	
       965.429	     3.97308e+11	
       965.828	     3.89111e+11	
       966.228	     3.80459e+11	
       966.627	     3.71283e+11	
       966.819	     3.66574e+11	
       967.026	     3.61305e+11	
       967.426	     3.50495e+11	
       968.032	     3.32695e+11	
       968.335	     3.23471e+11	
       968.639	     3.13943e+11	
       968.942	     3.03776e+11	
       969.193	     2.95033e+11	
       969.245	     2.93291e+11	
       969.292	     2.91699e+11	
       969.297	     2.91529e+11	
       969.401	     2.87955e+11	
       969.609	     2.80702e+11	
       969.927	     2.69207e+11	
       970.248	     2.57591e+11	
       970.401	     2.52304e+11	
       970.561	     2.46420e+11	
       970.874	     2.35010e+11	
       971.110	     2.26137e+11	
       971.348	     2.17191e+11	
       971.467	     2.13004e+11	
       971.585	     2.08328e+11	
       971.644	     2.05704e+11	
       971.703	     2.02356e+11	
       971.732	     2.00447e+11	
       971.762	     1.98448e+11	
       971.778	     1.97449e+11	
       971.792	     1.96691e+11	
       971.806	     1.96089e+11	
       971.821	     1.95672e+11	
       971.836	     1.95528e+11	
       971.851	     1.95662e+11	
       971.866	     1.96068e+11	
       971.880	     1.96660e+11	
       971.910	     1.98395e+11	
       971.969	     2.02259e+11	
       972.037	     2.05970e+11	
       972.087	     2.08137e+11	
       972.137	     2.10230e+11	
       972.150	     2.10693e+11	
       972.237	     2.13984e+11	
       972.324	     2.16797e+11	
       972.499	     2.23353e+11	
       972.548	     2.25043e+11	
       972.673	     2.29488e+11	
       972.798	     2.34143e+11	
       972.851	     2.35959e+11	
       973.048	     2.42933e+11	
       973.298	     2.51803e+11	
       973.640	     2.63358e+11	
       973.746	     2.67170e+11	
       974.140	     2.80803e+11	
       974.640	     2.97343e+11	
       975.140	     3.13406e+11	
       975.640	     3.28133e+11	
       976.140	     3.42452e+11	
       976.640	     3.55867e+11	
       977.140	     3.68204e+11	
       977.640	     3.79495e+11	
       977.974	     3.87044e+11	
       978.140	     3.90632e+11	
       978.639	     4.00880e+11	
       979.305	     4.13289e+11	
       979.970	     4.24278e+11	
       980.636	     4.34159e+11	
       981.301	     4.42987e+11	
       981.967	     4.50960e+11	
       982.632	     4.58038e+11	
       982.672	     4.58437e+11	
       983.298	     4.64305e+11	
       983.923	     4.69546e+11	
       985.174	     4.78383e+11	
       986.232	     4.84496e+11	
       986.242	     4.84550e+11	
       986.425	     4.85492e+11	
       986.618	     4.86454e+11	
       987.005	     4.88238e+11	
       987.777	     4.91433e+11	
       989.312	     4.96522e+11	
       990.847	     4.99991e+11	
       990.885	     5.00063e+11	
       992.382	     5.02369e+11	
       993.880	     5.03795e+11	
       995.300	     5.04144e+11	
       995.377	     5.04144e+11	
       996.874	     5.03770e+11	
       997.574	     5.03352e+11	
       997.806	     5.03183e+11	
       998.447	     5.02627e+11	
       999.319	     5.01574e+11	
       999.435	     5.01408e+11	
      1001.064	     4.98583e+11	
      1002.694	     4.94829e+11	
      1004.323	     4.90010e+11	
      1005.836	     4.84239e+11	
      1005.952	     4.83746e+11	
      1007.581	     4.75995e+11	
      1008.453	     4.71123e+11	
      1009.326	     4.65669e+11	
      1010.199	     4.59496e+11	
      1011.071	     4.52609e+11	
      1011.303	     4.50643e+11	
      1011.944	     4.44897e+11	
      1012.060	     4.43803e+11	
      1012.816	     4.36298e+11	
      1013.573	     4.28061e+11	
      1014.329	     4.18985e+11	
      1015.086	     4.09001e+11	
      1015.842	     3.98096e+11	
      1016.599	     3.86205e+11	
      1017.355	     3.73265e+11	
      1018.112	     3.59175e+11	
      1018.404	     3.53432e+11	
      1018.868	     3.43920e+11	
      1019.332	     3.33964e+11	
      1019.477	     3.30759e+11	
      1019.797	     3.23540e+11	
      1020.261	     3.12667e+11	
      1021.044	     2.93242e+11	
      1021.828	     2.72612e+11	
      1022.180	     2.62917e+11	
      1022.611	     2.50651e+11	
      1023.043	     2.38096e+11	
      1023.769	     2.16412e+11	
      1023.905	     2.12240e+11	
      1024.041	     2.08087e+11	
      1024.086	     2.06721e+11	
      1024.313	     1.99631e+11	
      1024.540	     1.92166e+11	
      1024.699	     1.86567e+11	
      1024.745	     1.84751e+11	
      1024.768	     1.83846e+11	
      1024.791	     1.82844e+11	
      1024.851	     1.79870e+11	
      1024.883	     1.77882e+11	
      1024.915	     1.75629e+11	
      1024.947	     1.72913e+11	
      1024.978	     1.70256e+11	
      1024.993	     1.69102e+11	
      1025.009	     1.68037e+11	
      1025.025	     1.67261e+11	
      1025.040	     1.66779e+11	
      1025.044	     1.66701e+11	
      1025.054	     1.66583e+11	
      1025.056	     1.66576e+11	
      1025.058	     1.66572e+11	
      1025.072	     1.66693e+11	
      1025.087	     1.67086e+11	
      1025.103	     1.67792e+11	
      1025.134	     1.69888e+11	
      1025.196	     1.75174e+11	
      1025.271	     1.80045e+11	
      1025.320	     1.82444e+11	
      1025.371	     1.84537e+11	
      1025.471	     1.88299e+11	
      1025.571	     1.91653e+11	
      1025.671	     1.94982e+11	
      1025.868	     2.01095e+11	
      1025.871	     2.01187e+11	
      1026.070	     2.07147e+11	
      1026.469	     2.18858e+11	
      1027.069	     2.36018e+11	
      1027.669	     2.52604e+11	
      1028.270	     2.68399e+11	
      1028.673	     2.78485e+11	
      1028.796	     2.81506e+11	
      1028.870	     2.83310e+11	
      1029.067	     2.88054e+11	
      1029.338	     2.94440e+11	
      1029.881	     3.06694e+11	
      1030.423	     3.18265e+11	
      1030.965	     3.29173e+11	
      1031.508	     3.39455e+11	
      1032.050	     3.49081e+11	
      1032.592	     3.58113e+11	
      1033.082	     3.65738e+11	
      1033.135	     3.66520e+11	
      1033.187	     3.67299e+11	
      1033.291	     3.68842e+11	
      1033.499	     3.71870e+11	
      1033.915	     3.77679e+11	
      1034.747	     3.88367e+11	
      1034.895	     3.90136e+11	
      1035.580	     3.97939e+11	
      1036.265	     4.05008e+11	
      1036.951	     4.11388e+11	
      1037.299	     4.14395e+11	
      1037.636	     4.17163e+11	
      1038.321	     4.22381e+11	
      1039.344	     4.29179e+11	
      1040.367	     4.34950e+11	
      1040.477	     4.35516e+11	
      1041.389	     4.39836e+11	
      1041.444	     4.40074e+11	
      1042.412	     4.43938e+11	
      1043.379	     4.47187e+11	
      1044.347	     4.49885e+11	
      1046.282	     4.53960e+11	
      1047.084	     4.55195e+11	
      1048.217	     4.56571e+11	
      1049.349	     4.57579e+11	
      1051.615	     4.58654e+11	
      1053.408	     4.58795e+11	
      1053.880	     4.58748e+11	
      1054.352	     4.58669e+11	
      1055.016	     4.58506e+11	
      1055.296	     4.58424e+11	
      1057.185	     4.57633e+11	
      1059.355	     4.56319e+11	
      1063.028	     4.53379e+11	
      1063.693	     4.52773e+11	
      1064.357	     4.52147e+11	
      1065.686	     4.50850e+11	
      1067.326	     4.49166e+11	
      1068.343	     4.48085e+11	
      1068.423	     4.48001e+11	
      1069.359	     4.46980e+11	
      1071.392	     4.44705e+11	
      1074.362	     4.41265e+11	
      1076.286	     4.38978e+11	
      1078.980	     4.35720e+11	
      1079.364	     4.35252e+11	
      1082.442	     4.31469e+11	
      1084.366	     4.29088e+11	
      1085.905	     4.27175e+11	
      1089.368	     4.22862e+11	
      1094.370	     4.16625e+11	
      1099.372	     4.10418e+11	
      1104.374	     4.04263e+11	
      1109.376	     3.98169e+11	
      1114.378	     3.92149e+11	
      1118.684	     3.87029e+11	
      1119.380	     3.86205e+11	
      1120.076	     3.85382e+11	
      1121.469	     3.83746e+11	
      1123.778	     3.81044e+11	
      1124.254	     3.80488e+11	
      1124.730	     3.79932e+11	
      1125.682	     3.78826e+11	
      1125.790	     3.78700e+11	
      1127.075	     3.77211e+11	
      1127.587	     3.76620e+11	
      1127.845	     3.76322e+11	
      1129.384	     3.74547e+11	
      1131.692	     3.71899e+11	
      1134.385	     3.68829e+11	
      1135.540	     3.67522e+11	
      1139.387	     3.63184e+11	
      1144.388	     3.57598e+11	
      1149.390	     3.52059e+11	
      1154.391	     3.46555e+11	
      1159.393	     3.41061e+11	
      1164.394	     3.35538e+11	
      1169.395	     3.29930e+11	
      1174.397	     3.24137e+11	
      1177.860	     3.19937e+11	
      1179.398	     3.17998e+11	
      1180.936	     3.16003e+11	
      1182.858	     3.13409e+11	
      1184.013	     3.11785e+11	
      1185.168	     3.10103e+11	
      1185.558	     3.09522e+11	
      1187.479	     3.06528e+11	
      1189.400	     3.03282e+11	
      1192.085	     2.98182e+11	
      1193.243	     2.95728e+11	
      1194.402	     2.93076e+11	
      1196.718	     2.87025e+11	
      1198.667	     2.80918e+11	
      1199.035	     2.79636e+11	
      1199.403	     2.78307e+11	
      1200.139	     2.75498e+11	
      1201.611	     2.69201e+11	
      1201.763	     2.68492e+11	
      1203.083	     2.61793e+11	
      1203.744	     2.58045e+11	
      1204.404	     2.54002e+11	
      1205.064	     2.49637e+11	
      1205.724	     2.44912e+11	
      1206.384	     2.39815e+11	
      1207.044	     2.34296e+11	
      1207.324	     2.31820e+11	
      1207.704	     2.28328e+11	
      1207.844	     2.27004e+11	
      1208.365	     2.21878e+11	
      1208.485	     2.20649e+11	
      1208.885	     2.16433e+11	
      1208.945	     2.15784e+11	
      1209.405	     2.10646e+11	
      1209.865	     2.05234e+11	
      1210.325	     1.99537e+11	
      1210.785	     1.93559e+11	
      1211.245	     1.87279e+11	
      1211.639	     1.81653e+11	
      1211.705	     1.80688e+11	
      1212.165	     1.73804e+11	
      1212.691	     1.65563e+11	
      1213.218	     1.56967e+11	
      1213.613	     1.50244e+11	
      1213.744	     1.47976e+11	
      1213.807	     1.46879e+11	
      1213.875	     1.45687e+11	
      1214.137	     1.41036e+11	
      1214.171	     1.40426e+11	
      1214.319	     1.37711e+11	
      1214.467	     1.34832e+11	
      1214.615	     1.31651e+11	
      1214.763	     1.27681e+11	
      1214.837	     1.24600e+11	
      1214.911	     1.18555e+11	
      1214.948	     1.14693e+11	
      1214.985	     1.11140e+11	
      1215.004	     1.09646e+11	
      1215.022	     1.08577e+11	
      1215.040	     1.07808e+11	
      1215.059	     1.07320e+11	
      1215.077	     1.07165e+11	
      1215.095	     1.07313e+11	
      1215.114	     1.07794e+11	
      1215.132	     1.08556e+11	
      1215.169	     1.11103e+11	
      1215.193	     1.13292e+11	
      1215.195	     1.13483e+11	
      1215.243	     1.18483e+11	
      1215.293	     1.23019e+11	
      1215.391	     1.27530e+11	
      1215.487	     1.30218e+11	
      1215.587	     1.32498e+11	
      1215.687	     1.34517e+11	
      1215.695	     1.34668e+11	
      1215.787	     1.36408e+11	
      1215.987	     1.40002e+11	
      1216.279	     1.45000e+11	
      1216.863	     1.54630e+11	
      1217.402	     1.63037e+11	
      1217.432	     1.63494e+11	
      1217.447	     1.63721e+11	
      1217.462	     1.63949e+11	
      1217.522	     1.64854e+11	
      1217.642	     1.66653e+11	
      1217.882	     1.70179e+11	
      1218.363	     1.76947e+11	
      1218.843	     1.83369e+11	
      1219.239	     1.88384e+11	
      1219.321	     1.89393e+11	
      1219.323	     1.89417e+11	
      1219.407	     1.90438e+11	
      1219.575	     1.92450e+11	
      1219.829	     1.95404e+11	
      1220.337	     2.01038e+11	
      1220.845	     2.06296e+11	
      1221.353	     2.11188e+11	
      1221.861	     2.15734e+11	
      1222.369	     2.19952e+11	
      1222.877	     2.23855e+11	
      1223.385	     2.27470e+11	
      1224.185	     2.32594e+11	
      1224.402	     2.33878e+11	
      1224.619	     2.35121e+11	
      1225.053	     2.37476e+11	
      1225.921	     2.41702e+11	
      1226.789	     2.45350e+11	
      1227.657	     2.48489e+11	
      1228.525	     2.51174e+11	
      1229.349	     2.53349e+11	
      1229.379	     2.53423e+11	
      1229.394	     2.53459e+11	
      1229.409	     2.53495e+11	
      1229.469	     2.53639e+11	
      1229.480	     2.53665e+11	
      1229.589	     2.53922e+11	
      1229.750	     2.54291e+11	
      1229.829	     2.54469e+11	
      1230.178	     2.55222e+11	
      1230.876	     2.56585e+11	
      1231.011	     2.56827e+11	
      1232.272	     2.58797e+11	
      1233.533	     2.60305e+11	
      1234.794	     2.61425e+11	
      1235.224	     2.61732e+11	
      1237.317	     2.62773e+11	
      1238.596	     2.63103e+11	
      1239.410	     2.63218e+11	
      1241.504	     2.63227e+11	
      1244.411	     2.62719e+11	
      1249.412	     2.60928e+11	
      1254.413	     2.58469e+11	
      1259.413	     2.55654e+11	
      1264.414	     2.52646e+11	
      1269.415	     2.49539e+11	
      1274.415	     2.46387e+11	
      1279.416	     2.43223e+11	
      1284.416	     2.40066e+11	
      1289.417	     2.36931e+11	
      1294.417	     2.33824e+11	
      1299.418	     2.30752e+11	
      1304.418	     2.27719e+11	
      1309.419	     2.24728e+11	
      1314.419	     2.21779e+11	
      1319.420	     2.18873e+11	
      1324.420	     2.16011e+11	
      1329.420	     2.13193e+11	
      1334.421	     2.10417e+11	
      1339.421	     2.07685e+11	
      1344.421	     2.04995e+11	
      1349.421	     2.02346e+11	
      1354.422	     1.99738e+11	
      1359.422	     1.97171e+11	
      1364.422	     1.94644e+11	
      1365.191	     1.94259e+11	
      1369.422	     1.92157e+11	
      1373.653	     1.90083e+11	
      1376.346	     1.88777e+11	
      1377.884	     1.88036e+11	
      1379.422	     1.87298e+11	
      1380.574	     1.86748e+11	
      1382.499	     1.85834e+11	
      1384.423	     1.84925e+11	
      1387.119	     1.83661e+11	
      1388.271	     1.83124e+11	
      1389.031	     1.82771e+11	
      1389.423	     1.82589e+11	
      1391.727	     1.81525e+11	
      1394.423	     1.80290e+11	
      1399.423	     1.78027e+11	
      1404.423	     1.75798e+11	
      1409.423	     1.73605e+11	
      1414.423	     1.71446e+11	
      1419.423	     1.69320e+11	
      1424.423	     1.67228e+11	
      1429.423	     1.65167e+11	
      1434.423	     1.63139e+11	
      1439.423	     1.61141e+11	
      1444.422	     1.59174e+11	
      1449.422	     1.57236e+11	
      1454.422	     1.55329e+11	
      1459.422	     1.53449e+11	
      1464.422	     1.51598e+11	
      1465.960	     1.51035e+11	
      1469.422	     1.49775e+11	
      1472.884	     1.48529e+11	
      1473.268	     1.48392e+11	
      1474.422	     1.47980e+11	
      1476.345	     1.47296e+11	
      1479.421	     1.46211e+11	
      1484.421	     1.44469e+11	
      1489.421	     1.42753e+11	
      1494.421	     1.41062e+11	
      1499.420	     1.39396e+11	
      1504.420	     1.37753e+11	
      1509.420	     1.36135e+11	
      1514.420	     1.34540e+11	
      1519.419	     1.32969e+11	
      1524.419	     1.31420e+11	
      1529.419	     1.29894e+11	
      1534.418	     1.28390e+11	
      1539.418	     1.26907e+11	
      1544.418	     1.25446e+11	
      1549.417	     1.24006e+11	
      1554.417	     1.22587e+11	
      1559.417	     1.21187e+11	
      1564.416	     1.19808e+11	
      1566.724	     1.19178e+11	
      1569.416	     1.18448e+11	
      1570.186	     1.18241e+11	
      1572.107	     1.17725e+11	
      1574.415	     1.17109e+11	
      1574.800	     1.17006e+11	
      1579.415	     1.15787e+11	
      1584.414	     1.14485e+11	
      1589.414	     1.13200e+11	
      1594.413	     1.11934e+11	
      1599.413	     1.10686e+11	
      1604.413	     1.09455e+11	
      1609.412	     1.08241e+11	
      1614.412	     1.07044e+11	
      1619.411	     1.05864e+11	
      1624.410	     1.04699e+11	
      1629.410	     1.03551e+11	
      1634.409	     1.02418e+11	
      1639.409	     1.01301e+11	
      1644.408	     1.00199e+11	
      1649.408	     9.91122e+10	
      1654.407	     9.80400e+10	
      1659.407	     9.69825e+10	
      1664.406	     9.59392e+10	
      1665.560	     9.57005e+10	
      1669.405	     9.49100e+10	
      1670.174	     9.47529e+10	
      1673.251	     9.41275e+10	
      1674.405	     9.38944e+10	
      1676.328	     9.35073e+10	
      1679.404	     9.28925e+10	
      1684.404	     9.19042e+10	
      1689.403	     9.09287e+10	
      1694.402	     8.99664e+10	
      1699.402	     8.90167e+10	
      1704.401	     8.80796e+10	
      1709.400	     8.71547e+10	
      1714.400	     8.62421e+10	
      1719.399	     8.53414e+10	
      1724.398	     8.44523e+10	
      1729.398	     8.35745e+10	
      1734.397	     8.27084e+10	
      1739.396	     8.18536e+10	
      1744.396	     8.10097e+10	
      1749.395	     8.01766e+10	
      1754.394	     7.93544e+10	
      1759.393	     7.85426e+10	
      1764.393	     7.77415e+10	
      1767.084	     7.73143e+10	
      1767.854	     7.71927e+10	
      1769.392	     7.69505e+10	
      1771.700	     7.65889e+10	
      1774.391	     7.61695e+10	
      1775.545	     7.59907e+10	
      1779.391	     7.53985e+10	
      1784.390	     7.46373e+10	
      1789.389	     7.38859e+10	
      1794.388	     7.31438e+10	
      1799.387	     7.24109e+10	
      1809.386	     7.09727e+10	
      1823.999	     6.89344e+10	
      1829.383	     6.82018e+10	
      1834.767	     6.74786e+10	
      1845.535	     6.60617e+10	
      1863.998	     6.37178e+10	
      1867.072	     6.33376e+10	
      1870.145	     6.29603e+10	
      1876.292	     6.22145e+10	
      1888.586	     6.07556e+10	
      1906.980	     5.86516e+10	
      1913.174	     5.79640e+10	
      1919.368	     5.72863e+10	
      1931.755	     5.59609e+10	
      1944.472	     5.46398e+10	
      1956.531	     5.34231e+10	
      1967.603	     5.23355e+10	
      1968.590	     5.22400e+10	
      1992.707	     4.99724e+10	
      2017.811	     4.77412e+10	
      2018.799	     4.76561e+10	
      2042.916	     4.56348e+10	
      2067.032	     4.37197e+10	
      2091.148	     4.19044e+10	
      2114.275	     4.02513e+10	
      2115.264	     4.01825e+10	
      2116.253	     4.01137e+10	
      2118.231	     3.99771e+10	
      2122.186	     3.97050e+10	
      2126.360	     3.94204e+10	
      2130.096	     3.91678e+10	
      2145.917	     3.81204e+10	
      2165.474	     3.68735e+10	
      2185.031	     3.56775e+10	
      2194.481	     3.51170e+10	
      2204.588	     3.45296e+10	
      2205.902	     3.44542e+10	
      2214.695	     3.39546e+10	
      2234.908	     3.28403e+10	
      2263.914	     3.13201e+10	
      2272.705	     3.08770e+10	
      2292.920	     2.98872e+10	
      2313.134	     2.89368e+10	
      2333.349	     2.80241e+10	
      2344.772	     2.75243e+10	
      2350.599	     2.72736e+10	
      2353.563	     2.71472e+10	
      2362.354	     2.67766e+10	
      2379.936	     2.60543e+10	
      2409.274	     2.49024e+10	
      2421.028	     2.44589e+10	
      2438.611	     2.38137e+10	
      2451.595	     2.33510e+10	
      2456.194	     2.31898e+10	
      2460.793	     2.30300e+10	
      2466.761	     2.28247e+10	
      2469.991	     2.27145e+10	
      2488.387	     2.20997e+10	
      2510.013	     2.14033e+10	
      2531.639	     2.07341e+10	
      2547.297	     2.02659e+10	
      2553.265	     2.00910e+10	
      2559.232	     1.99179e+10	
      2571.167	     1.95775e+10	
      2595.038	     1.89181e+10	
      2618.908	     1.82863e+10	
      2627.887	     1.80555e+10	
      2642.779	     1.76806e+10	
      2657.670	     1.73155e+10	
      2687.453	     1.66133e+10	
      2717.236	     1.59464e+10	
      2737.929	     1.55027e+10	
      2747.019	     1.53128e+10	
      2756.108	     1.51256e+10	
      2774.288	     1.47601e+10	
      2810.647	     1.40615e+10	
      2839.466	     1.35369e+10	
      2846.591	     1.34110e+10	
      2847.006	     1.34037e+10	
      2854.546	     1.32722e+10	
      2869.627	     1.30139e+10	
      2873.190	     1.29539e+10	
      2899.787	     1.25161e+10	
      2926.386	     1.20966e+10	
      2952.933	     1.16954e+10	
      2952.983	     1.16947e+10	
      2953.033	     1.16940e+10	
      2953.133	     1.16925e+10	
      2953.333	     1.16895e+10	
      2953.733	     1.16836e+10	
      2954.533	     1.16718e+10	
      2956.132	     1.16482e+10	
      2956.820	     1.16381e+10	
      2959.332	     1.16012e+10	
      2965.730	     1.15080e+10	
      2978.527	     1.13244e+10	
      3004.120	     1.09680e+10	
      3051.421	     1.03456e+10	
      3098.721	     9.76693e+09	
      3142.185	     9.27043e+09	
      3146.021	     9.22815e+09	
      3149.857	     9.18611e+09	
      3157.529	     9.10273e+09	
      3158.829	     9.08872e+09	
      3172.873	     8.93884e+09	
      3203.561	     8.62198e+09	
      3248.294	     8.18482e+09	
      3293.027	     7.77519e+09	
      3328.789	     7.46606e+09	
      3337.759	     7.39091e+09	
      3346.730	     7.31674e+09	
      3355.942	     7.24156e+09	
      3364.671	     7.17119e+09	
      3400.554	     6.89077e+09	
      3445.167	     6.56100e+09	
      3489.779	     6.25076e+09	
      3525.181	     6.01753e+09	
      3532.764	     5.96903e+09	
      3534.392	     5.95866e+09	
      3543.602	     5.90051e+09	
      3562.024	     5.78631e+09	
      3591.283	     5.61054e+09	
      3635.884	     5.35522e+09	
      3638.963	     5.33813e+09	
      3642.042	     5.32110e+09	
      3643.122	     5.31517e+09	
      3645.121	     5.30417e+09	
      3645.281	     5.30329e+09	
      3647.121	     5.29321e+09	
      3648.960	     5.28315e+09	
      3651.320	     5.27027e+09	
      3652.639	     5.26308e+09	
      3653.959	     5.25592e+09	
      3654.239	     5.25441e+09	
      3656.598	     5.24162e+09	
      3658.958	     5.22887e+09	
      3663.397	     5.20499e+09	
      3663.676	     5.20348e+09	
      3663.956	     5.20197e+09	
      3664.516	     5.19899e+09	
      3665.636	     5.19299e+09	
      3666.796	     5.18680e+09	
      3667.875	     5.18102e+09	
      3668.275	     5.17888e+09	
      3668.955	     5.17527e+09	
      3671.115	     5.16371e+09	
      3673.954	     5.14863e+09	
      3675.202	     5.14203e+09	
      3678.952	     5.12227e+09	
      3682.583	     5.10323e+09	
      3682.703	     5.10261e+09	
      3682.822	     5.10198e+09	
      3683.062	     5.10072e+09	
      3683.178	     5.10009e+09	
      3683.542	     5.09821e+09	
      3684.502	     5.09318e+09	
      3684.819	     5.09152e+09	
      3685.826	     5.08627e+09	
      3686.832	     5.08102e+09	
      3688.742	     5.07110e+09	
      3688.846	     5.07056e+09	
      3688.939	     5.07009e+09	
      3688.950	     5.07003e+09	
      3689.158	     5.06893e+09	
      3689.377	     5.06780e+09	
      3689.730	     5.06598e+09	
      3689.815	     5.06554e+09	
      3689.900	     5.06510e+09	
      3690.070	     5.06422e+09	
      3690.410	     5.06246e+09	
      3690.624	     5.06133e+09	
      3691.089	     5.05891e+09	
      3691.469	     5.05696e+09	
      3691.554	     5.05652e+09	
      3691.700	     5.05577e+09	
      3692.484	     5.05171e+09	
      3693.499	     5.04647e+09	
      3694.397	     5.04182e+09	
      3695.297	     5.03720e+09	
      3695.808	     5.03456e+09	
      3696.197	     5.03255e+09	
      3696.525	     5.03085e+09	
      3696.586	     5.03054e+09	
      3696.647	     5.03022e+09	
      3696.666	     5.03013e+09	
      3696.759	     5.02966e+09	
      3696.769	     5.02960e+09	
      3696.872	     5.02909e+09	
      3696.929	     5.02878e+09	
      3696.985	     5.02850e+09	
      3697.041	     5.02821e+09	
      3697.097	     5.02793e+09	
      3697.153	     5.02765e+09	
      3697.209	     5.02733e+09	
      3697.265	     5.02705e+09	
      3697.322	     5.02677e+09	
      3697.347	     5.02664e+09	
      3697.405	     5.02633e+09	
      3697.434	     5.02620e+09	
      3697.463	     5.02605e+09	
      3697.499	     5.02586e+09	
      3697.529	     5.02570e+09	
      3697.579	     5.02545e+09	
      3697.659	     5.02504e+09	
      3697.819	     5.02422e+09	
      3698.109	     5.02272e+09	
      3698.429	     5.02108e+09	
      3698.688	     5.01976e+09	
      3698.886	     5.01873e+09	
      3698.947	     5.01841e+09	
      3699.008	     5.01810e+09	
      3699.130	     5.01747e+09	
      3699.374	     5.01624e+09	
      3699.533	     5.01543e+09	
      3699.862	     5.01373e+09	
      3699.879	     5.01364e+09	
      3700.191	     5.01203e+09	
      3700.198	     5.01200e+09	
      3700.503	     5.01046e+09	
      3700.808	     5.00889e+09	
      3700.842	     5.00870e+09	
      3701.092	     5.00745e+09	
      3701.418	     5.00578e+09	
      3701.994	     5.00283e+09	
      3702.444	     5.00054e+09	
      3702.895	     4.99821e+09	
      3703.121	     4.99708e+09	
      3703.346	     4.99592e+09	
      3703.458	     4.99535e+09	
      3703.571	     4.99479e+09	
      3703.628	     4.99447e+09	
      3703.684	     4.99419e+09	
      3703.740	     4.99391e+09	
      3703.797	     4.99362e+09	
      3703.853	     4.99334e+09	
      3703.909	     4.99306e+09	
      3703.966	     4.99278e+09	
      3704.022	     4.99249e+09	
      3704.085	     4.99215e+09	
      3704.134	     4.99190e+09	
      3704.185	     4.99165e+09	
      3704.210	     4.99152e+09	
      3704.222	     4.99146e+09	
      3704.285	     4.99114e+09	
      3704.314	     4.99099e+09	
      3704.360	     4.99077e+09	
      3704.406	     4.99051e+09	
      3704.491	     4.99007e+09	
      3704.567	     4.98970e+09	
      3704.590	     4.98957e+09	
      3704.689	     4.98907e+09	
      3704.811	     4.98847e+09	
      3705.055	     4.98722e+09	
      3705.373	     4.98561e+09	
      3705.543	     4.98473e+09	
      3705.713	     4.98389e+09	
      3706.052	     4.98216e+09	
      3706.073	     4.98203e+09	
      3706.732	     4.97870e+09	
      3707.267	     4.97597e+09	
      3707.391	     4.97534e+09	
      3707.515	     4.97471e+09	
      3707.614	     4.97421e+09	
      3707.763	     4.97346e+09	
      3707.912	     4.97270e+09	
      3708.118	     4.97166e+09	
      3708.210	     4.97119e+09	
      3708.302	     4.97072e+09	
      3708.486	     4.96978e+09	
      3708.763	     4.96840e+09	
      3708.854	     4.96793e+09	
      3708.873	     4.96783e+09	
      3708.945	     4.96745e+09	
      3709.127	     4.96654e+09	
      3709.206	     4.96614e+09	
      3709.491	     4.96472e+09	
      3710.108	     4.96158e+09	
      3710.902	     4.95756e+09	
      3711.011	     4.95702e+09	
      3711.120	     4.95646e+09	
      3711.213	     4.95599e+09	
      3711.323	     4.95545e+09	
      3711.338	     4.95536e+09	
      3711.463	     4.95473e+09	
      3711.517	     4.95445e+09	
      3711.576	     4.95417e+09	
      3711.603	     4.95404e+09	
      3711.689	     4.95360e+09	
      3711.746	     4.95332e+09	
      3711.802	     4.95303e+09	
      3711.858	     4.95275e+09	
      3711.915	     4.95247e+09	
      3711.971	     4.95219e+09	
      3712.027	     4.95190e+09	
      3712.084	     4.95159e+09	
      3712.140	     4.95131e+09	
      3712.203	     4.95099e+09	
      3712.252	     4.95074e+09	
      3712.303	     4.95049e+09	
      3712.327	     4.95036e+09	
      3712.331	     4.95036e+09	
      3712.403	     4.94999e+09	
      3712.479	     4.94961e+09	
      3712.631	     4.94886e+09	
      3712.931	     4.94732e+09	
      3713.228	     4.94584e+09	
      3713.531	     4.94430e+09	
      3713.833	     4.94279e+09	
      3714.242	     4.94072e+09	
      3714.420	     4.93984e+09	
      3714.439	     4.93975e+09	
      3714.636	     4.93874e+09	
      3715.030	     4.93676e+09	
      3715.640	     4.93371e+09	
      3716.765	     4.92806e+09	
      3716.790	     4.92793e+09	
      3716.860	     4.92759e+09	
      3716.955	     4.92712e+09	
      3717.145	     4.92614e+09	
      3717.524	     4.92426e+09	
      3718.189	     4.92093e+09	
      3718.259	     4.92058e+09	
      3718.329	     4.92021e+09	
      3718.469	     4.91951e+09	
      3718.556	     4.91907e+09	
      3718.631	     4.91870e+09	
      3718.734	     4.91819e+09	
      3718.749	     4.91810e+09	
      3718.942	     4.91716e+09	
      3719.253	     4.91559e+09	
      3719.474	     4.91449e+09	
      3719.772	     4.91301e+09	
      3720.070	     4.91150e+09	
      3720.356	     4.91009e+09	
      3720.523	     4.90924e+09	
      3720.666	     4.90855e+09	
      3720.976	     4.90698e+09	
      3721.202	     4.90588e+09	
      3721.428	     4.90472e+09	
      3721.542	     4.90415e+09	
      3721.655	     4.90359e+09	
      3721.711	     4.90333e+09	
      3721.768	     4.90305e+09	
      3721.825	     4.90277e+09	
      3721.881	     4.90249e+09	
      3721.938	     4.90220e+09	
      3721.995	     4.90192e+09	
      3722.051	     4.90164e+09	
      3722.108	     4.90136e+09	
      3722.221	     4.90079e+09	
      3722.398	     4.89991e+09	
      3722.447	     4.89966e+09	
      3722.498	     4.89941e+09	
      3722.598	     4.89891e+09	
      3722.695	     4.89843e+09	
      3722.798	     4.89790e+09	
      3722.901	     4.89740e+09	
      3723.107	     4.89636e+09	
      3723.231	     4.89576e+09	
      3723.519	     4.89432e+09	
      3723.807	     4.89290e+09	
      3724.383	     4.89001e+09	
      3725.451	     4.88474e+09	
      3725.534	     4.88430e+09	
      3725.617	     4.88389e+09	
      3725.751	     4.88323e+09	
      3725.783	     4.88307e+09	
      3725.916	     4.88241e+09	
      3725.931	     4.88235e+09	
      3726.115	     4.88144e+09	
      3726.479	     4.87962e+09	
      3727.042	     4.87685e+09	
      3727.366	     4.87525e+09	
      3728.153	     4.87135e+09	
      3728.639	     4.86893e+09	
      3728.940	     4.86746e+09	
      3729.009	     4.86711e+09	
      3729.240	     4.86598e+09	
      3729.842	     4.86300e+09	
      3730.676	     4.85888e+09	
      3732.194	     4.85140e+09	
      3732.344	     4.85068e+09	
      3732.494	     4.84993e+09	
      3732.794	     4.84845e+09	
      3733.352	     4.84572e+09	
      3733.384	     4.84556e+09	
      3733.393	     4.84550e+09	
      3733.402	     4.84547e+09	
      3733.452	     4.84522e+09	
      3733.552	     4.84471e+09	
      3733.648	     4.84424e+09	
      3733.752	     4.84374e+09	
      3733.856	     4.84324e+09	
      3734.004	     4.84251e+09	
      3734.044	     4.84233e+09	
      3734.064	     4.84220e+09	
      3734.084	     4.84211e+09	
      3734.131	     4.84189e+09	
      3734.140	     4.84185e+09	
      3734.164	     4.84173e+09	
      3734.197	     4.84157e+09	
      3734.254	     4.84129e+09	
      3734.311	     4.84101e+09	
      3734.368	     4.84072e+09	
      3734.425	     4.84044e+09	
      3734.482	     4.84016e+09	
      3734.539	     4.83987e+09	
      3734.652	     4.83934e+09	
      3734.829	     4.83846e+09	
      3734.878	     4.83821e+09	
      3734.929	     4.83796e+09	
      3735.029	     4.83749e+09	
      3735.124	     4.83702e+09	
      3735.173	     4.83676e+09	
      3735.229	     4.83651e+09	
      3735.334	     4.83598e+09	
      3735.391	     4.83570e+09	
      3735.495	     4.83519e+09	
      3735.817	     4.83362e+09	
      3736.000	     4.83271e+09	
      3736.243	     4.83155e+09	
      3736.486	     4.83036e+09	
      3736.971	     4.82797e+09	
      3737.826	     4.82379e+09	
      3737.943	     4.82322e+09	
      3738.060	     4.82266e+09	
      3738.294	     4.82150e+09	
      3738.587	     4.82008e+09	
      3738.762	     4.81923e+09	
      3738.937	     4.81839e+09	
      3739.287	     4.81666e+09	
      3739.498	     4.81565e+09	
      3739.987	     4.81327e+09	
      3740.476	     4.81088e+09	
      3741.212	     4.80730e+09	
      3741.453	     4.80610e+09	
      3741.694	     4.80494e+09	
      3742.092	     4.80302e+09	
      3742.176	     4.80262e+09	
      3742.260	     4.80221e+09	
      3742.428	     4.80139e+09	
      3742.671	     4.80020e+09	
      3742.733	     4.79988e+09	
      3742.764	     4.79976e+09	
      3742.795	     4.79960e+09	
      3742.864	     4.79925e+09	
      3742.919	     4.79900e+09	
      3743.167	     4.79778e+09	
      3743.663	     4.79539e+09	
      3744.620	     4.79074e+09	
      3744.654	     4.79058e+09	
      3746.445	     4.78191e+09	
      3747.605	     4.77629e+09	
      3748.269	     4.77308e+09	
      3748.844	     4.77032e+09	
      3748.904	     4.77004e+09	
      3748.934	     4.76988e+09	
      3748.964	     4.76972e+09	
      3748.986	     4.76963e+09	
      3749.084	     4.76916e+09	
      3749.118	     4.76900e+09	
      3749.182	     4.76869e+09	
      3749.378	     4.76774e+09	
      3749.409	     4.76759e+09	
      3749.638	     4.76649e+09	
      3749.753	     4.76595e+09	
      3749.867	     4.76539e+09	
      3749.924	     4.76510e+09	
      3749.981	     4.76485e+09	
      3750.038	     4.76457e+09	
      3750.095	     4.76429e+09	
      3750.152	     4.76401e+09	
      3750.209	     4.76375e+09	
      3750.266	     4.76347e+09	
      3750.323	     4.76319e+09	
      3750.437	     4.76265e+09	
      3750.616	     4.76177e+09	
      3750.665	     4.76155e+09	
      3750.716	     4.76130e+09	
      3750.816	     4.76083e+09	
      3750.910	     4.76039e+09	
      3751.016	     4.75986e+09	
      3751.122	     4.75936e+09	
      3751.334	     4.75835e+09	
      3751.481	     4.75763e+09	
      3751.758	     4.75631e+09	
      3752.035	     4.75499e+09	
      3752.588	     4.75232e+09	
      3753.533	     4.74779e+09	
      3753.696	     4.74701e+09	
      3753.782	     4.74660e+09	
      3753.859	     4.74626e+09	
      3754.185	     4.74468e+09	
      3754.274	     4.74424e+09	
      3754.837	     4.74157e+09	
      3755.892	     4.73652e+09	
      3756.086	     4.73561e+09	
      3757.473	     4.72898e+09	
      3757.509	     4.72882e+09	
      3757.548	     4.72863e+09	
      3758.932	     4.72203e+09	
      3760.390	     4.71509e+09	
      3761.656	     4.70909e+09	
      3762.717	     4.70406e+09	
      3763.233	     4.70161e+09	
      3764.809	     4.69414e+09	
      3765.066	     4.69294e+09	
      3766.902	     4.68427e+09	
      3768.545	     4.67651e+09	
      3768.737	     4.67560e+09	
      3768.929	     4.67469e+09	
      3768.971	     4.67450e+09	
      3769.196	     4.67343e+09	
      3769.313	     4.67290e+09	
      3769.655	     4.67130e+09	
      3769.885	     4.67020e+09	
      3770.114	     4.66913e+09	
      3770.228	     4.66860e+09	
      3770.343	     4.66806e+09	
      3770.401	     4.66778e+09	
      3770.458	     4.66753e+09	
      3770.515	     4.66724e+09	
      3770.573	     4.66699e+09	
      3770.630	     4.66671e+09	
      3770.687	     4.66646e+09	
      3770.745	     4.66618e+09	
      3770.802	     4.66592e+09	
      3770.867	     4.66561e+09	
      3770.916	     4.66539e+09	
      3770.967	     4.66514e+09	
      3770.988	     4.66505e+09	
      3771.003	     4.66498e+09	
      3771.067	     4.66467e+09	
      3771.146	     4.66429e+09	
      3771.304	     4.66357e+09	
      3771.604	     4.66215e+09	
      3771.890	     4.66084e+09	
      3771.951	     4.66055e+09	
      3772.206	     4.65936e+09	
      3772.522	     4.65788e+09	
      3773.154	     4.65493e+09	
      3774.357	     4.64934e+09	
      3775.497	     4.64403e+09	
      3776.762	     4.63815e+09	
      3777.127	     4.63646e+09	
      3778.027	     4.63228e+09	
      3778.399	     4.63055e+09	
      3778.927	     4.62813e+09	
      3780.726	     4.61977e+09	
      3781.844	     4.61462e+09	
      3783.053	     4.60903e+09	
      3783.159	     4.60853e+09	
      3784.263	     4.60344e+09	
      3785.367	     4.59835e+09	
      3786.225	     4.59439e+09	
      3787.401	     4.58896e+09	
      3787.574	     4.58817e+09	
      3788.924	     4.58198e+09	
      3790.447	     4.57498e+09	
      3792.841	     4.56398e+09	
      3793.492	     4.56100e+09	
      3794.143	     4.55801e+09	
      3794.897	     4.55459e+09	
      3795.066	     4.55380e+09	
      3795.444	     4.55207e+09	
      3795.991	     4.54959e+09	
      3796.454	     4.54746e+09	
      3796.916	     4.54535e+09	
      3797.147	     4.54431e+09	
      3797.378	     4.54328e+09	
      3797.494	     4.54274e+09	
      3797.609	     4.54221e+09	
      3797.666	     4.54196e+09	
      3797.724	     4.54171e+09	
      3797.782	     4.54142e+09	
      3797.840	     4.54117e+09	
      3797.898	     4.54092e+09	
      3797.956	     4.54064e+09	
      3798.014	     4.54039e+09	
      3798.072	     4.54014e+09	
      3798.187	     4.53960e+09	
      3798.367	     4.53878e+09	
      3798.416	     4.53856e+09	
      3798.467	     4.53834e+09	
      3798.567	     4.53790e+09	
      3798.655	     4.53750e+09	
      3798.753	     4.53706e+09	
      3798.767	     4.53699e+09	
      3798.837	     4.53668e+09	
      3798.879	     4.53649e+09	
      3798.921	     4.53630e+09	
      3799.046	     4.53574e+09	
      3799.089	     4.53555e+09	
      3799.425	     4.53404e+09	
      3799.471	     4.53382e+09	
      3799.804	     4.53234e+09	
      3800.562	     4.52895e+09	
      3801.653	     4.52408e+09	
      3802.319	     4.52110e+09	
      3803.834	     4.51434e+09	
      3805.349	     4.50759e+09	
      3807.837	     4.49653e+09	
      3808.378	     4.49411e+09	
      3808.919	     4.49172e+09	
      3810.000	     4.48692e+09	
      3811.586	     4.47985e+09	
      3812.164	     4.47727e+09	
      3812.742	     4.47470e+09	
      3813.897	     4.46958e+09	
      3815.777	     4.46119e+09	
      3816.093	     4.45980e+09	
      3816.209	     4.45927e+09	
      3816.641	     4.45735e+09	
      3817.439	     4.45380e+09	
      3817.504	     4.45352e+09	
      3818.916	     4.44721e+09	
      3820.393	     4.44061e+09	
      3822.566	     4.43097e+09	
      3823.346	     4.42751e+09	
      3823.512	     4.42676e+09	
      3824.126	     4.42402e+09	
      3825.685	     4.41708e+09	
      3826.804	     4.41212e+09	
      3827.859	     4.40740e+09	
      3828.914	     4.40272e+09	
      3830.454	     4.39587e+09	
      3831.023	     4.39336e+09	
      3831.592	     4.39085e+09	
      3832.001	     4.38906e+09	
      3832.525	     4.38673e+09	
      3832.730	     4.38582e+09	
      3833.458	     4.38262e+09	
      3833.925	     4.38057e+09	
      3834.392	     4.37853e+09	
      3834.626	     4.37753e+09	
      3834.859	     4.37649e+09	
      3834.975	     4.37599e+09	
      3835.092	     4.37548e+09	
      3835.151	     4.37523e+09	
      3835.209	     4.37498e+09	
      3835.267	     4.37473e+09	
      3835.326	     4.37448e+09	
      3835.384	     4.37423e+09	
      3835.442	     4.37398e+09	
      3835.501	     4.37373e+09	
      3835.559	     4.37351e+09	
      3835.626	     4.37322e+09	
      3835.675	     4.37300e+09	
      3835.726	     4.37278e+09	
      3835.743	     4.37272e+09	
      3835.774	     4.37259e+09	
      3835.826	     4.37237e+09	
      3835.909	     4.37203e+09	
      3836.075	     4.37134e+09	
      3836.376	     4.37008e+09	
      3836.646	     4.36895e+09	
      3836.977	     4.36757e+09	
      3837.029	     4.36735e+09	
      3837.308	     4.36619e+09	
      3837.970	     4.36345e+09	
      3838.647	     4.36066e+09	
      3838.911	     4.35956e+09	
      3839.175	     4.35846e+09	
      3839.703	     4.35629e+09	
      3840.758	     4.35183e+09	
      3842.753	     4.34366e+09	
      3842.831	     4.34335e+09	
      3842.870	     4.34316e+09	
      3842.909	     4.34300e+09	
      3843.065	     4.34237e+09	
      3843.377	     4.34108e+09	
      3844.001	     4.33854e+09	
      3844.588	     4.33612e+09	
      3845.248	     4.33339e+09	
      3845.547	     4.33216e+09	
      3845.908	     4.33069e+09	
      3847.228	     4.32528e+09	
      3847.442	     4.32440e+09	
      3848.908	     4.31837e+09	
      3850.375	     4.31231e+09	
      3851.976	     4.30571e+09	
      3853.308	     4.30015e+09	
      3854.640	     4.29459e+09	
      3855.701	     4.29013e+09	
      3857.303	     4.28334e+09	
      3858.906	     4.27662e+09	
      3862.006	     4.26355e+09	
      3862.111	     4.26311e+09	
      3862.216	     4.26267e+09	
      3862.426	     4.26179e+09	
      3862.846	     4.26000e+09	
      3863.685	     4.25642e+09	
      3865.170	     4.25001e+09	
      3865.365	     4.24916e+09	
      3865.560	     4.24831e+09	
      3865.950	     4.24662e+09	
      3866.730	     4.24325e+09	
      3867.675	     4.23917e+09	
      3868.289	     4.23650e+09	
      3868.903	     4.23383e+09	
      3870.131	     4.22852e+09	
      3871.324	     4.22337e+09	
      3872.586	     4.21784e+09	
      3873.848	     4.21222e+09	
      3876.324	     4.20125e+09	
      3876.368	     4.20106e+09	
      3876.371	     4.20106e+09	
      3876.374	     4.20103e+09	
      3876.424	     4.20081e+09	
      3876.524	     4.20037e+09	
      3876.724	     4.19949e+09	
      3876.947	     4.19852e+09	
      3877.124	     4.19776e+09	
      3877.924	     4.19421e+09	
      3878.900	     4.18988e+09	
      3880.290	     4.18369e+09	
      3880.854	     4.18121e+09	
      3881.418	     4.17873e+09	
      3882.546	     4.17373e+09	
      3884.398	     4.16559e+09	
      3884.801	     4.16380e+09	
      3884.923	     4.16330e+09	
      3885.204	     4.16208e+09	
      3886.010	     4.15856e+09	
      3886.151	     4.15796e+09	
      3887.096	     4.15391e+09	
      3887.568	     4.15193e+09	
      3888.042	     4.14998e+09	
      3888.280	     4.14901e+09	
      3888.516	     4.14806e+09	
      3888.633	     4.14759e+09	
      3888.752	     4.14712e+09	
      3888.844	     4.14678e+09	
      3888.866	     4.14668e+09	
      3888.871	     4.14668e+09	
      3888.898	     4.14656e+09	
      3888.930	     4.14643e+09	
      3888.989	     4.14621e+09	
      3889.048	     4.14599e+09	
      3889.107	     4.14574e+09	
      3889.166	     4.14552e+09	
      3889.225	     4.14530e+09	
      3889.294	     4.14505e+09	
      3889.343	     4.14486e+09	
      3889.394	     4.14467e+09	
      3889.408	     4.14461e+09	
      3889.450	     4.14445e+09	
      3889.494	     4.14429e+09	
      3889.580	     4.14395e+09	
      3889.752	     4.14332e+09	
      3890.054	     4.14222e+09	
      3890.315	     4.14128e+09	
      3890.474	     4.14071e+09	
      3890.657	     4.14009e+09	
      3890.999	     4.13889e+09	
      3891.683	     4.13654e+09	
      3892.892	     4.13245e+09	
      3893.942	     4.12893e+09	
      3894.458	     4.12720e+09	
      3895.309	     4.12438e+09	
      3896.219	     4.12139e+09	
      3896.677	     4.11985e+09	
      3898.895	     4.11250e+09	
      3899.603	     4.11018e+09	
      3901.572	     4.10355e+09	
      3903.894	     4.09576e+09	
      3904.248	     4.09463e+09	
      3908.893	     4.07879e+09	
      3913.891	     4.06129e+09	
      3918.890	     4.04292e+09	
      3923.889	     4.02394e+09	
      3928.216	     4.00679e+09	
      3928.353	     4.00625e+09	
      3928.887	     4.00412e+09	
      3929.559	     4.00145e+09	
      3930.903	     3.99601e+09	
      3933.453	     3.98539e+09	
      3935.810	     3.97521e+09	
      3937.347	     3.96830e+09	
      3938.885	     3.96123e+09	
      3940.036	     3.95624e+09	
      3941.960	     3.94763e+09	
      3943.883	     3.93880e+09	
      3946.579	     3.92599e+09	
      3947.730	     3.92033e+09	
      3948.882	     3.91458e+09	
      3950.653	     3.90553e+09	
      3951.015	     3.90384e+09	
      3951.186	     3.90302e+09	
      3951.718	     3.90044e+09	
      3952.784	     3.89520e+09	
      3954.554	     3.88621e+09	
      3957.306	     3.87173e+09	
      3958.093	     3.86771e+09	
      3958.624	     3.86507e+09	
      3958.880	     3.86375e+09	
      3960.453	     3.85549e+09	
      3962.283	     3.84603e+09	
      3965.737	     3.82869e+09	
      3965.942	     3.82769e+09	
      3966.147	     3.82671e+09	
      3966.557	     3.82470e+09	
      3966.675	     3.82414e+09	
      3967.279	     3.82115e+09	
      3967.376	     3.82065e+09	
      3968.078	     3.81725e+09	
      3968.709	     3.81424e+09	
      3968.877	     3.81342e+09	
      3969.045	     3.81261e+09	
      3969.234	     3.81166e+09	
      3969.287	     3.81141e+09	
      3969.381	     3.81097e+09	
      3969.528	     3.81025e+09	
      3969.648	     3.80968e+09	
      3969.769	     3.80915e+09	
      3969.830	     3.80887e+09	
      3969.890	     3.80862e+09	
      3969.950	     3.80840e+09	
      3970.011	     3.80814e+09	
      3970.071	     3.80796e+09	
      3970.131	     3.80777e+09	
      3970.192	     3.80758e+09	
      3970.252	     3.80742e+09	
      3970.323	     3.80726e+09	
      3970.372	     3.80717e+09	
      3970.423	     3.80704e+09	
      3970.432	     3.80701e+09	
      3970.495	     3.80689e+09	
      3970.523	     3.80686e+09	
      3970.613	     3.80667e+09	
      3970.795	     3.80635e+09	
      3971.096	     3.80582e+09	
      3971.333	     3.80541e+09	
      3971.591	     3.80497e+09	
      3971.698	     3.80478e+09	
      3972.063	     3.80412e+09	
      3972.793	     3.80284e+09	
      3973.995	     3.80082e+09	
      3974.936	     3.79922e+09	
      3976.398	     3.79687e+09	
      3976.845	     3.79614e+09	
      3977.860	     3.79457e+09	
      3978.874	     3.79303e+09	
      3979.577	     3.79203e+09	
      3980.904	     3.79024e+09	
      3982.230	     3.78816e+09	
      3984.180	     3.78537e+09	
      3984.884	     3.78433e+09	
      3985.119	     3.78405e+09	
      3985.588	     3.78339e+09	
      3986.995	     3.78116e+09	
      3988.872	     3.77786e+09	
      3991.379	     3.77368e+09	
      3992.625	     3.77154e+09	
      3993.854	     3.76935e+09	
      3993.870	     3.76931e+09	
      3996.362	     3.76438e+09	
      3998.869	     3.75904e+09	
      4003.868	     3.74783e+09	
      4008.866	     3.73542e+09	
      4013.865	     3.72162e+09	
      4018.864	     3.70717e+09	
      4023.863	     3.69175e+09	
      4025.341	     3.68697e+09	
      4028.861	     3.67529e+09	
      4032.381	     3.66307e+09	
      4032.946	     3.66105e+09	
      4033.860	     3.65776e+09	
      4035.902	     3.65050e+09	
      4038.859	     3.63975e+09	
      4043.857	     3.62069e+09	
      4048.856	     3.60008e+09	
      4053.855	     3.57746e+09	
      4058.853	     3.55217e+09	
      4063.852	     3.52713e+09	
      4068.851	     3.49835e+09	
      4073.849	     3.46775e+09	
      4075.421	     3.45801e+09	
      4078.848	     3.43643e+09	
      4082.275	     3.41199e+09	
      4082.559	     3.41014e+09	
      4084.004	     3.40030e+09	
      4085.702	     3.38836e+09	
      4088.845	     3.36436e+09	
      4089.695	     3.35783e+09	
      4093.687	     3.32670e+09	
      4096.515	     3.30681e+09	
      4097.679	     3.29952e+09	
      4098.010	     3.29754e+09	
      4098.678	     3.29421e+09	
      4098.843	     3.29343e+09	
      4099.676	     3.28984e+09	
      4100.174	     3.28824e+09	
      4100.673	     3.28711e+09	
      4100.922	     3.28683e+09	
      4101.172	     3.28667e+09	
      4101.297	     3.28664e+09	
      4101.422	     3.28658e+09	
      4101.485	     3.28655e+09	
      4101.547	     3.28651e+09	
      4101.609	     3.28642e+09	
      4101.672	     3.28633e+09	
      4101.734	     3.28617e+09	
      4101.797	     3.28595e+09	
      4101.859	     3.28573e+09	
      4101.922	     3.28545e+09	
      4102.047	     3.28482e+09	
      4102.296	     3.28350e+09	
      4102.745	     3.28136e+09	
      4102.794	     3.28111e+09	
      4102.845	     3.28095e+09	
      4102.945	     3.28061e+09	
      4103.145	     3.27992e+09	
      4103.296	     3.27941e+09	
      4103.545	     3.27872e+09	
      4103.794	     3.27819e+09	
      4104.291	     3.27731e+09	
      4104.785	     3.27693e+09	
      4105.287	     3.27652e+09	
      4105.789	     3.27656e+09	
      4106.793	     3.27696e+09	
      4108.680	     3.27957e+09	
      4108.760	     3.27967e+09	
      4108.800	     3.27973e+09	
      4108.840	     3.27979e+09	
      4108.859	     3.27979e+09	
      4109.000	     3.27998e+09	
      4109.320	     3.28029e+09	
      4109.781	     3.28092e+09	
      4110.703	     3.28293e+09	
      4111.319	     3.28438e+09	
      4112.546	     3.28689e+09	
      4113.774	     3.28906e+09	
      4114.693	     3.29082e+09	
      4116.229	     3.29387e+09	
      4116.694	     3.29471e+09	
      4117.766	     3.29638e+09	
      4118.126	     3.29682e+09	
      4118.838	     3.29760e+09	
      4120.981	     3.29993e+09	
      4123.836	     3.30376e+09	
      4126.144	     3.30555e+09	
      4128.835	     3.30612e+09	
      4129.605	     3.30656e+09	
      4131.526	     3.30709e+09	
      4133.834	     3.30747e+09	
      4134.219	     3.30769e+09	
      4138.832	     3.30769e+09	
      4143.831	     3.30389e+09	
      4148.830	     3.30012e+09	
      4153.828	     3.29399e+09	
      4158.827	     3.28595e+09	
      4163.826	     3.27646e+09	
      4168.824	     3.26594e+09	
      4173.823	     3.25504e+09	
      4178.822	     3.24347e+09	
      4183.820	     3.23129e+09	
      4188.819	     3.21872e+09	
      4193.818	     3.20584e+09	
      4198.817	     3.19277e+09	
      4203.815	     3.17945e+09	
      4208.814	     3.16597e+09	
      4213.813	     3.15234e+09	
      4216.525	     3.14483e+09	
      4217.242	     3.14285e+09	
      4218.811	     3.13850e+09	
      4221.098	     3.13211e+09	
      4223.810	     3.12448e+09	
      4224.954	     3.12125e+09	
      4228.809	     3.11027e+09	
      4233.807	     3.09584e+09	
      4238.806	     3.08099e+09	
      4243.805	     3.06577e+09	
      4248.803	     3.05010e+09	
      4253.802	     3.03399e+09	
      4258.801	     3.01716e+09	
      4263.799	     2.99941e+09	
      4268.798	     2.98046e+09	
      4273.797	     2.96031e+09	
      4278.795	     2.93985e+09	
      4283.794	     2.91768e+09	
      4288.793	     2.89356e+09	
      4293.791	     2.86698e+09	
      4298.790	     2.83838e+09	
      4303.789	     2.81097e+09	
      4308.788	     2.77946e+09	
      4313.786	     2.74503e+09	
      4314.073	     2.74323e+09	
      4318.785	     2.71007e+09	
      4320.854	     2.69308e+09	
      4323.497	     2.67297e+09	
      4326.139	     2.65096e+09	
      4326.475	     2.64792e+09	
      4328.782	     2.62737e+09	
      4330.233	     2.61550e+09	
      4331.090	     2.60750e+09	
      4331.149	     2.60691e+09	
      4331.946	     2.59958e+09	
      4333.660	     2.58391e+09	
      4334.060	     2.58007e+09	
      4336.171	     2.55891e+09	
      4337.786	     2.53967e+09	
      4338.220	     2.53406e+09	
      4338.283	     2.53306e+09	
      4338.780	     2.52503e+09	
      4338.812	     2.52454e+09	
      4339.339	     2.51516e+09	
      4339.602	     2.50967e+09	
      4339.867	     2.50359e+09	
      4340.001	     2.50041e+09	
      4340.132	     2.49729e+09	
      4340.197	     2.49589e+09	
      4340.263	     2.49495e+09	
      4340.329	     2.49399e+09	
      4340.395	     2.49332e+09	
      4340.461	     2.49300e+09	
      4340.527	     2.49305e+09	
      4340.593	     2.49344e+09	
      4340.659	     2.49412e+09	
      4340.791	     2.49594e+09	
      4341.005	     2.50014e+09	
      4341.055	     2.50110e+09	
      4341.105	     2.50217e+09	
      4341.205	     2.50404e+09	
      4341.227	     2.50441e+09	
      4341.238	     2.50458e+09	
      4341.405	     2.50753e+09	
      4341.583	     2.51045e+09	
      4341.939	     2.51549e+09	
      4342.640	     2.52383e+09	
      4343.330	     2.53014e+09	
      4343.570	     2.53219e+09	
      4344.041	     2.53552e+09	
      4344.752	     2.54057e+09	
      4346.174	     2.54849e+09	
      4348.578	     2.56059e+09	
      4348.777	     2.56164e+09	
      4348.976	     2.56265e+09	
      4349.374	     2.56453e+09	
      4350.170	     2.56847e+09	
      4350.322	     2.56921e+09	
      4351.761	     2.57502e+09	
      4353.201	     2.57995e+09	
      4354.734	     2.58755e+09	
      4356.077	     2.59306e+09	
      4356.080	     2.59307e+09	
      4357.426	     2.59757e+09	
      4358.774	     2.60193e+09	
      4359.170	     2.60306e+09	
      4361.472	     2.61035e+09	
      4363.773	     2.61716e+09	
      4367.980	     2.62568e+09	
      4368.376	     2.62665e+09	
      4368.524	     2.62700e+09	
      4368.772	     2.62758e+09	
      4369.563	     2.62931e+09	
      4371.147	     2.63231e+09	
      4373.770	     2.63696e+09	
      4378.769	     2.64255e+09	
      4383.768	     2.64507e+09	
      4388.766	     2.64868e+09	
      4393.765	     2.64958e+09	
      4398.764	     2.64800e+09	
      4403.762	     2.64479e+09	
      4408.761	     2.64016e+09	
      4413.760	     2.63522e+09	
      4418.758	     2.62895e+09	
      4423.757	     2.62169e+09	
      4428.756	     2.61367e+09	
      4433.754	     2.60512e+09	
      4438.753	     2.59618e+09	
      4443.752	     2.58690e+09	
      4448.751	     2.57732e+09	
      4453.749	     2.56748e+09	
      4458.748	     2.55751e+09	
      4463.747	     2.54745e+09	
      4468.745	     2.53732e+09	
      4473.744	     2.52713e+09	
      4478.743	     2.51692e+09	
      4483.741	     2.50669e+09	
      4488.740	     2.49646e+09	
      4493.739	     2.48623e+09	
      4498.737	     2.47601e+09	
      4503.736	     2.46581e+09	
      4508.735	     2.45564e+09	
      4513.733	     2.44548e+09	
      4514.118	     2.44470e+09	
      4518.732	     2.43535e+09	
      4523.346	     2.42603e+09	
      4527.190	     2.41828e+09	
      4527.960	     2.41674e+09	
      4528.729	     2.41519e+09	
      4530.269	     2.41210e+09	
      4532.968	     2.40668e+09	
      4533.288	     2.40604e+09	
      4533.348	     2.40592e+09	
      4533.728	     2.40516e+09	
      4534.488	     2.40364e+09	
      4536.007	     2.40060e+09	
      4538.727	     2.39517e+09	
      4543.725	     2.38521e+09	
      4548.724	     2.37529e+09	
      4553.723	     2.36542e+09	
      4558.721	     2.35558e+09	
      4563.720	     2.34578e+09	
      4568.719	     2.33602e+09	
      4573.717	     2.32631e+09	
      4578.716	     2.31663e+09	
      4583.715	     2.30700e+09	
      4588.713	     2.29741e+09	
      4593.712	     2.28786e+09	
      4596.529	     2.28249e+09	
      4596.984	     2.28163e+09	
      4598.711	     2.27834e+09	
      4600.892	     2.27421e+09	
      4603.709	     2.26890e+09	
      4604.800	     2.26684e+09	
      4608.708	     2.25946e+09	
      4613.707	     2.25007e+09	
      4618.705	     2.24072e+09	
      4623.704	     2.23140e+09	
      4628.703	     2.22213e+09	
      4633.701	     2.21289e+09	
      4638.700	     2.20368e+09	
      4643.699	     2.19451e+09	
      4648.697	     2.18537e+09	
      4653.696	     2.17627e+09	
      4658.695	     2.16720e+09	
      4663.694	     2.15815e+09	
      4668.692	     2.14913e+09	
      4673.691	     2.14013e+09	
      4678.690	     2.13115e+09	
      4683.688	     2.12220e+09	
      4688.687	     2.11325e+09	
      4693.686	     2.10430e+09	
      4698.684	     2.09534e+09	
      4703.683	     2.08636e+09	
      4708.682	     2.07737e+09	
      4713.680	     2.06836e+09	
      4715.603	     2.06488e+09	
      4718.679	     2.05931e+09	
      4720.984	     2.05513e+09	
      4721.755	     2.05373e+09	
      4723.678	     2.05022e+09	
      4724.830	     2.04812e+09	
      4728.676	     2.04106e+09	
      4733.675	     2.03183e+09	
      4738.674	     2.02249e+09	
      4743.672	     2.01307e+09	
      4748.671	     2.00348e+09	
      4753.670	     1.99370e+09	
      4758.668	     1.98386e+09	
      4763.667	     1.97380e+09	
      4768.666	     1.96344e+09	
      4773.664	     1.95280e+09	
      4778.663	     1.94175e+09	
      4783.662	     1.93018e+09	
      4788.660	     1.91799e+09	
      4793.659	     1.90503e+09	
      4798.658	     1.89168e+09	
      4803.656	     1.87733e+09	
      4808.655	     1.86194e+09	
      4813.654	     1.84516e+09	
      4818.652	     1.82681e+09	
      4823.651	     1.80791e+09	
      4828.650	     1.78684e+09	
      4833.648	     1.76318e+09	
      4834.972	     1.75667e+09	
      4838.647	     1.73811e+09	
      4839.161	     1.73532e+09	
      4842.322	     1.71730e+09	
      4845.483	     1.69867e+09	
      4845.503	     1.69855e+09	
      4847.054	     1.68882e+09	
      4848.644	     1.67795e+09	
      4851.785	     1.65745e+09	
      4854.393	     1.63897e+09	
      4856.517	     1.62283e+09	
      4858.401	     1.60801e+09	
      4858.642	     1.60589e+09	
      4858.664	     1.60572e+09	
      4858.883	     1.60381e+09	
      4859.364	     1.60052e+09	
      4859.473	     1.59975e+09	
      4860.065	     1.59667e+09	
      4860.361	     1.59639e+09	
      4860.657	     1.59815e+09	
      4860.805	     1.60040e+09	
      4860.953	     1.60352e+09	
      4861.027	     1.60508e+09	
      4861.101	     1.60662e+09	
      4861.175	     1.60786e+09	
      4861.248	     1.60863e+09	
      4861.322	     1.60885e+09	
      4861.396	     1.60845e+09	
      4861.470	     1.60749e+09	
      4861.543	     1.60609e+09	
      4861.641	     1.60379e+09	
      4861.687	     1.60272e+09	
      4861.689	     1.60268e+09	
      4861.691	     1.60262e+09	
      4861.695	     1.60252e+09	
      4861.741	     1.60137e+09	
      4861.841	     1.59911e+09	
      4861.979	     1.59669e+09	
      4861.987	     1.59655e+09	
      4862.279	     1.59411e+09	
      4862.579	     1.59365e+09	
      4862.596	     1.59369e+09	
      4863.178	     1.59534e+09	
      4863.727	     1.59769e+09	
      4863.761	     1.59793e+09	
      4864.927	     1.60441e+09	
      4866.127	     1.61112e+09	
      4868.413	     1.62264e+09	
      4868.526	     1.62312e+09	
      4868.639	     1.62358e+09	
      4868.865	     1.62448e+09	
      4869.317	     1.62633e+09	
      4869.583	     1.62771e+09	
      4870.221	     1.63082e+09	
      4870.858	     1.63375e+09	
      4872.134	     1.63906e+09	
      4874.623	     1.64881e+09	
      4874.685	     1.64907e+09	
      4874.747	     1.64933e+09	
      4874.871	     1.64985e+09	
      4875.119	     1.65086e+09	
      4875.615	     1.65283e+09	
      4876.607	     1.65650e+09	
      4878.452	     1.66252e+09	
      4878.544	     1.66283e+09	
      4878.590	     1.66299e+09	
      4878.636	     1.66314e+09	
      4878.820	     1.66376e+09	
      4879.188	     1.66496e+09	
      4879.526	     1.66604e+09	
      4879.924	     1.66728e+09	
      4880.322	     1.66849e+09	
      4880.941	     1.67030e+09	
      4881.118	     1.67081e+09	
      4882.709	     1.67565e+09	
      4884.478	     1.68042e+09	
      4887.396	     1.68697e+09	
      4888.015	     1.68817e+09	
      4888.634	     1.68949e+09	
      4889.871	     1.69216e+09	
      4891.061	     1.69453e+09	
      4892.347	     1.69689e+09	
      4893.632	     1.69910e+09	
      4893.777	     1.69933e+09	
      4896.204	     1.70295e+09	
      4898.631	     1.70593e+09	
      4903.340	     1.71023e+09	
      4903.485	     1.71033e+09	
      4903.630	     1.71043e+09	
      4903.920	     1.71063e+09	
      4904.499	     1.71112e+09	
      4905.659	     1.71208e+09	
      4907.328	     1.71326e+09	
      4907.977	     1.71367e+09	
      4908.628	     1.71404e+09	
      4909.929	     1.71471e+09	
      4911.434	     1.71534e+09	
      4912.530	     1.71575e+09	
      4913.014	     1.71590e+09	
      4913.627	     1.71607e+09	
      4915.550	     1.71646e+09	
      4915.820	     1.71649e+09	
      4918.240	     1.71665e+09	
      4918.626	     1.71664e+09	
      4921.701	     1.71643e+09	
      4923.624	     1.71610e+09	
      4925.162	     1.71573e+09	
      4928.623	     1.71455e+09	
      4933.622	     1.71249e+09	
      4938.620	     1.70968e+09	
      4943.619	     1.70626e+09	
      4948.618	     1.70234e+09	
      4953.616	     1.69801e+09	
      4958.615	     1.69340e+09	
      4963.614	     1.68851e+09	
      4968.612	     1.68339e+09	
      4973.611	     1.67820e+09	
      4978.610	     1.67283e+09	
      4983.608	     1.66732e+09	
      4988.607	     1.66170e+09	
      4993.606	     1.65602e+09	
      4998.604	     1.65025e+09	
      5003.603	     1.64443e+09	
      5008.602	     1.63856e+09	
      5013.600	     1.63267e+09	
      5018.599	     1.62675e+09	
      5023.598	     1.62082e+09	
      5028.596	     1.61488e+09	
      5033.595	     1.60892e+09	
      5038.594	     1.60296e+09	
      5043.592	     1.59700e+09	
      5048.591	     1.59106e+09	
      5053.590	     1.58513e+09	
      5058.588	     1.57921e+09	
      5063.587	     1.57331e+09	
      5068.586	     1.56742e+09	
      5073.584	     1.56155e+09	
      5078.583	     1.55570e+09	
      5083.582	     1.54987e+09	
      5088.580	     1.54407e+09	
      5093.579	     1.53828e+09	
      5098.578	     1.53252e+09	
      5103.576	     1.52678e+09	
      5108.575	     1.52106e+09	
      5113.574	     1.51537e+09	
      5118.572	     1.50970e+09	
      5123.571	     1.50406e+09	
      5128.570	     1.49843e+09	
      5133.568	     1.49283e+09	
      5138.567	     1.48726e+09	
      5143.566	     1.48171e+09	
      5148.564	     1.47618e+09	
      5153.563	     1.47068e+09	
      5158.562	     1.46520e+09	
      5163.560	     1.45975e+09	
      5168.559	     1.45432e+09	
      5173.558	     1.44892e+09	
      5178.556	     1.44353e+09	
      5183.555	     1.43818e+09	
      5188.554	     1.43285e+09	
      5193.552	     1.42754e+09	
      5198.551	     1.42225e+09	
      5203.550	     1.41699e+09	
      5208.548	     1.41175e+09	
      5213.547	     1.40654e+09	
      5218.546	     1.40135e+09	
      5223.544	     1.39618e+09	
      5228.543	     1.39103e+09	
      5233.542	     1.38591e+09	
      5238.540	     1.38082e+09	
      5243.539	     1.37574e+09	
      5248.537	     1.37069e+09	
      5253.536	     1.36566e+09	
      5258.535	     1.36066e+09	
      5263.533	     1.35567e+09	
      5268.532	     1.35071e+09	
      5273.531	     1.34577e+09	
      5278.529	     1.34086e+09	
      5283.528	     1.33596e+09	
      5288.527	     1.33109e+09	
      5293.525	     1.32624e+09	
      5298.524	     1.32141e+09	
      5303.523	     1.31661e+09	
      5308.521	     1.31182e+09	
      5313.520	     1.30706e+09	
      5318.519	     1.30232e+09	
      5323.517	     1.29760e+09	
      5328.516	     1.29290e+09	
      5333.515	     1.28822e+09	
      5338.513	     1.28356e+09	
      5343.512	     1.27892e+09	
      5348.511	     1.27431e+09	
      5353.509	     1.26971e+09	
      5358.508	     1.26514e+09	
      5363.507	     1.26065e+09	
      5368.505	     1.25612e+09	
      5373.504	     1.25160e+09	
      5378.503	     1.24711e+09	
      5383.501	     1.24263e+09	
      5388.500	     1.23817e+09	
      5393.499	     1.23374e+09	
      5398.497	     1.22932e+09	
      5403.496	     1.22493e+09	
      5408.495	     1.22055e+09	
      5413.493	     1.21620e+09	
      5418.492	     1.21186e+09	
      5423.491	     1.20754e+09	
      5428.489	     1.20324e+09	
      5433.488	     1.19896e+09	
      5438.487	     1.19470e+09	
      5443.485	     1.19046e+09	
      5448.484	     1.18624e+09	
      5453.483	     1.18203e+09	
      5458.481	     1.17785e+09	
      5463.480	     1.17368e+09	
      5468.479	     1.16953e+09	
      5473.477	     1.16541e+09	
      5478.476	     1.16129e+09	
      5483.475	     1.15720e+09	
      5488.473	     1.15312e+09	
      5493.472	     1.14907e+09	
      5498.471	     1.14503e+09	
      5503.469	     1.14100e+09	
      5508.468	     1.13700e+09	
      5513.466	     1.13301e+09	
      5518.465	     1.12904e+09	
      5523.464	     1.12509e+09	
      5528.462	     1.12116e+09	
      5533.461	     1.11724e+09	
      5538.460	     1.11334e+09	
      5543.458	     1.10945e+09	
      5548.457	     1.10559e+09	
      5553.456	     1.10174e+09	
      5558.454	     1.09790e+09	
      5563.453	     1.09409e+09	
      5568.452	     1.09029e+09	
      5573.450	     1.08650e+09	
      5578.449	     1.08274e+09	
      5583.448	     1.07899e+09	
      5588.446	     1.07525e+09	
      5593.445	     1.07153e+09	
      5598.444	     1.06783e+09	
      5603.442	     1.06415e+09	
      5608.441	     1.06048e+09	
      5613.440	     1.05682e+09	
      5618.438	     1.05318e+09	
      5623.437	     1.04956e+09	
      5628.436	     1.04595e+09	
      5633.434	     1.04236e+09	
      5638.433	     1.03878e+09	
      5643.432	     1.03522e+09	
      5648.430	     1.03168e+09	
      5653.429	     1.02815e+09	
      5658.428	     1.02463e+09	
      5663.426	     1.02113e+09	
      5668.425	     1.01776e+09	
      5673.424	     1.01429e+09	
      5673.979	     1.01391e+09	
      5678.422	     1.01083e+09	
      5682.865	     1.00777e+09	
      5686.198	     1.00548e+09	
      5687.309	     1.00472e+09	
      5687.864	     1.00434e+09	
      5688.420	     1.00396e+09	
      5690.641	     1.00244e+09	
      5693.418	     1.00054e+09	
      5698.417	     9.97145e+08	
      5703.415	     9.93761e+08	
      5704.770	     9.92847e+08	
      5708.414	     9.90390e+08	
      5708.882	     9.90076e+08	
      5712.058	     9.87943e+08	
      5713.413	     9.87032e+08	
      5715.234	     9.85813e+08	
      5718.411	     9.83692e+08	
      5723.410	     9.80362e+08	
      5728.409	     9.77048e+08	
      5733.407	     9.73749e+08	
      5738.406	     9.70463e+08	
      5743.405	     9.67190e+08	
      5748.403	     9.63932e+08	
      5753.402	     9.60686e+08	
      5758.401	     9.57457e+08	
      5763.399	     9.54202e+08	
      5768.398	     9.50998e+08	
      5773.397	     9.47806e+08	
      5778.395	     9.44630e+08	
      5783.394	     9.41466e+08	
      5788.393	     9.38315e+08	
      5793.391	     9.35177e+08	
      5798.390	     9.32054e+08	
      5803.389	     9.28941e+08	
      5808.387	     9.25843e+08	
      5813.386	     9.22758e+08	
      5818.385	     9.19686e+08	
      5823.383	     9.16626e+08	
      5828.382	     9.13578e+08	
      5833.381	     9.10544e+08	
      5838.379	     9.07521e+08	
      5843.378	     9.04512e+08	
      5848.377	     9.01515e+08	
      5853.375	     8.98530e+08	
      5858.374	     8.95558e+08	
      5863.372	     8.92599e+08	
      5868.371	     8.89649e+08	
      5873.370	     8.86715e+08	
      5878.368	     8.83790e+08	
      5883.367	     8.80877e+08	
      5888.366	     8.77978e+08	
      5893.364	     8.75091e+08	
      5898.363	     8.72216e+08	
      5903.362	     8.69351e+08	
      5908.360	     8.66498e+08	
      5913.359	     8.63658e+08	
      5918.358	     8.60828e+08	
      5923.356	     8.58010e+08	
      5928.355	     8.55204e+08	
      5933.354	     8.52408e+08	
      5938.352	     8.49625e+08	
      5943.351	     8.46854e+08	
      5948.350	     8.44093e+08	
      5953.348	     8.41344e+08	
      5958.347	     8.38604e+08	
      5963.346	     8.35877e+08	
      5968.344	     8.33160e+08	
      5973.343	     8.30455e+08	
      5978.342	     8.27763e+08	
      5983.340	     8.25076e+08	
      5988.339	     8.22406e+08	
      5993.338	     8.19742e+08	
      5998.336	     8.17091e+08	
      6003.335	     8.14452e+08	
      6008.333	     8.11822e+08	
      6013.332	     8.09205e+08	
      6018.331	     8.06594e+08	
      6023.329	     8.04000e+08	
      6028.328	     8.01411e+08	
      6033.327	     7.98835e+08	
      6038.325	     7.96268e+08	
      6043.324	     7.93711e+08	
      6048.323	     7.91163e+08	
      6053.321	     7.88628e+08	
      6058.320	     7.86102e+08	
      6063.319	     7.83585e+08	
      6068.317	     7.81078e+08	
      6073.316	     7.78584e+08	
      6078.315	     7.76096e+08	
      6083.313	     7.73620e+08	
      6088.312	     7.71151e+08	
      6093.311	     7.68694e+08	
      6098.309	     7.66247e+08	
      6103.308	     7.63809e+08	
      6108.307	     7.61381e+08	
      6113.305	     7.58962e+08	
      6118.304	     7.56549e+08	
      6123.303	     7.54149e+08	
      6128.301	     7.51758e+08	
      6133.300	     7.49377e+08	
      6138.298	     7.47002e+08	
      6143.297	     7.44639e+08	
      6148.296	     7.42286e+08	
      6153.294	     7.39939e+08	
      6158.293	     7.37602e+08	
      6163.292	     7.35277e+08	
      6168.290	     7.32956e+08	
      6173.289	     7.30646e+08	
      6178.288	     7.28347e+08	
      6183.286	     7.26053e+08	
      6188.285	     7.23770e+08	
      6193.284	     7.21492e+08	
      6198.282	     7.19227e+08	
      6203.281	     7.16968e+08	
      6208.280	     7.14719e+08	
      6213.278	     7.12476e+08	
      6218.277	     7.10242e+08	
      6223.276	     7.08014e+08	
      6228.274	     7.05796e+08	
      6233.273	     7.03588e+08	
      6238.272	     7.01386e+08	
      6243.270	     6.99190e+08	
      6244.381	     6.98703e+08	
      6248.269	     6.97003e+08	
      6252.157	     6.95307e+08	
      6253.821	     6.94584e+08	
      6256.044	     6.93617e+08	
      6258.266	     6.92655e+08	
      6262.157	     6.90971e+08	
      6262.711	     6.90729e+08	
      6263.265	     6.90491e+08	
      6264.372	     6.90013e+08	
      6264.912	     6.89781e+08	
      6266.588	     6.89058e+08	
      6268.263	     6.88336e+08	
      6269.967	     6.87604e+08	
      6271.615	     6.86894e+08	
      6273.262	     6.86187e+08	
      6274.854	     6.85505e+08	
      6276.557	     6.84776e+08	
      6278.261	     6.84047e+08	
      6280.076	     6.83271e+08	
      6281.668	     6.82593e+08	
      6283.259	     6.81911e+08	
      6284.627	     6.81330e+08	
      6286.443	     6.80557e+08	
      6288.258	     6.79784e+08	
      6290.521	     6.78823e+08	
      6291.889	     6.78245e+08	
      6293.257	     6.77664e+08	
      6293.729	     6.77466e+08	
      6295.992	     6.76507e+08	
      6298.255	     6.75552e+08	
      6302.310	     6.73846e+08	
      6302.782	     6.73649e+08	
      6303.254	     6.73451e+08	
      6303.918	     6.73171e+08	
      6304.198	     6.73052e+08	
      6306.085	     6.72260e+08	
      6308.253	     6.71352e+08	
      6311.924	     6.69816e+08	
      6312.587	     6.69536e+08	
      6313.251	     6.69260e+08	
      6314.579	     6.68707e+08	
      6316.219	     6.68022e+08	
      6317.234	     6.67598e+08	
      6317.314	     6.67563e+08	
      6318.250	     6.67174e+08	
      6320.281	     6.66329e+08	
      6323.249	     6.65094e+08	
      6328.247	     6.63021e+08	
      6333.246	     6.60953e+08	
      6338.245	     6.58893e+08	
      6343.243	     6.56835e+08	
      6348.242	     6.54783e+08	
      6353.241	     6.52735e+08	
      6358.239	     6.50693e+08	
      6363.238	     6.48651e+08	
      6368.236	     6.46615e+08	
      6373.235	     6.44583e+08	
      6378.234	     6.42553e+08	
      6383.232	     6.40524e+08	
      6388.231	     6.38494e+08	
      6393.230	     6.36468e+08	
      6398.228	     6.34438e+08	
      6403.227	     6.32406e+08	
      6408.226	     6.30370e+08	
      6413.224	     6.28328e+08	
      6418.223	     6.26283e+08	
      6423.222	     6.24225e+08	
      6428.220	     6.22161e+08	
      6433.219	     6.20081e+08	
      6438.218	     6.17986e+08	
      6443.216	     6.15865e+08	
      6448.215	     6.13720e+08	
      6453.214	     6.11546e+08	
      6458.212	     6.09334e+08	
      6463.211	     6.07081e+08	
      6468.210	     6.04775e+08	
      6473.208	     6.02407e+08	
      6478.207	     5.99963e+08	
      6483.205	     5.97424e+08	
      6488.204	     5.94791e+08	
      6493.203	     5.92033e+08	
      6498.201	     5.89121e+08	
      6503.200	     5.86023e+08	
      6508.199	     5.82709e+08	
      6513.197	     5.79134e+08	
      6518.196	     5.75226e+08	
      6523.195	     5.70969e+08	
      6523.719	     5.70501e+08	
      6528.193	     5.66294e+08	
      6532.668	     5.61667e+08	
      6536.095	     5.57796e+08	
      6537.143	     5.56580e+08	
      6537.383	     5.56298e+08	
      6538.191	     5.55330e+08	
      6540.286	     5.52732e+08	
      6543.189	     5.48883e+08	
      6546.457	     5.44281e+08	
      6546.724	     5.43895e+08	
      6548.188	     5.41711e+08	
      6549.918	     5.38984e+08	
      6553.113	     5.33885e+08	
      6554.426	     5.31567e+08	
      6556.306	     5.28014e+08	
      6556.871	     5.26795e+08	
      6557.903	     5.24536e+08	
      6558.185	     5.23857e+08	
      6558.701	     5.22494e+08	
      6559.500	     5.20078e+08	
      6560.298	     5.17002e+08	
      6560.698	     5.14945e+08	
      6561.096	     5.12083e+08	
      6561.495	     5.08231e+08	
      6561.845	     5.03016e+08	
      6561.895	     5.02102e+08	
      6561.945	     5.01134e+08	
      6562.045	     4.99133e+08	
      6562.098	     4.98068e+08	
      6562.196	     4.96010e+08	
      6562.245	     4.94939e+08	
      6562.294	     4.93805e+08	
      6562.444	     4.91169e+08	
      6562.486	     4.90481e+08	
      6562.490	     4.90431e+08	
      6562.494	     4.90384e+08	
      6562.544	     4.89755e+08	
      6562.594	     4.89165e+08	
      6562.693	     4.88436e+08	
      6562.793	     4.88156e+08	
      6562.892	     4.88376e+08	
      6562.992	     4.89055e+08	
      6563.092	     4.90214e+08	
      6563.291	     4.93500e+08	
      6563.490	     4.97716e+08	
      6563.641	     5.00650e+08	
      6563.687	     5.01518e+08	
      6563.689	     5.01552e+08	
      6563.691	     5.01587e+08	
      6563.741	     5.02473e+08	
      6563.841	     5.04144e+08	
      6564.041	     5.06865e+08	
      6564.294	     5.09573e+08	
      6564.392	     5.10377e+08	
      6564.441	     5.10744e+08	
      6564.490	     5.11093e+08	
      6564.685	     5.12501e+08	
      6565.077	     5.14643e+08	
      6565.636	     5.16786e+08	
      6565.861	     5.17502e+08	
      6566.086	     5.18124e+08	
      6566.536	     5.19211e+08	
      6566.689	     5.19594e+08	
      6567.085	     5.20490e+08	
      6567.436	     5.21168e+08	
      6568.183	     5.22441e+08	
      6569.280	     5.24109e+08	
      6570.478	     5.25673e+08	
      6571.476	     5.26880e+08	
      6572.473	     5.28001e+08	
      6573.270	     5.28831e+08	
      6574.469	     5.29984e+08	
      6575.667	     5.31089e+08	
      6577.950	     5.33197e+08	
      6578.065	     5.33295e+08	
      6578.180	     5.33392e+08	
      6578.410	     5.33587e+08	
      6578.870	     5.33964e+08	
      6579.789	     5.34699e+08	
      6580.079	     5.34928e+08	
      6581.629	     5.36110e+08	
      6583.178	     5.37209e+08	
      6584.378	     5.38017e+08	
      6586.278	     5.39192e+08	
      6587.911	     5.40099e+08	
      6588.177	     5.40241e+08	
      6588.443	     5.40379e+08	
      6588.975	     5.40646e+08	
      6590.039	     5.41164e+08	
      6591.023	     5.41639e+08	
      6592.166	     5.42154e+08	
      6593.014	     5.42518e+08	
      6593.309	     5.42641e+08	
      6595.594	     5.43499e+08	
      6598.174	     5.44319e+08	
      6603.335	     5.45547e+08	
      6613.656	     5.46716e+08	
      6623.977	     5.46533e+08	
      6634.299	     5.45440e+08	
      6654.941	     5.41611e+08	
      6675.584	     5.36597e+08	
      6680.975	     5.35180e+08	
      6696.226	     5.31027e+08	
      6711.477	     5.26738e+08	
      6741.979	     5.18002e+08	
      6781.185	     5.06755e+08	
      6802.982	     5.00569e+08	
      6824.779	     4.94449e+08	
      6868.373	     4.82445e+08	
      6955.562	     4.59417e+08	
      6976.354	     4.54120e+08	
      7042.750	     4.37693e+08	
      7109.146	     4.21991e+08	
      7175.542	     4.06984e+08	
      7241.938	     3.92636e+08	
      7308.334	     3.78917e+08	
      7355.946	     3.69442e+08	
      7374.730	     3.65791e+08	
      7393.514	     3.62182e+08	
      7431.082	     3.55094e+08	
      7506.218	     3.41428e+08	
      7581.353	     3.28416e+08	
      7635.097	     3.19487e+08	
      7656.489	     3.16019e+08	
      7677.881	     3.12597e+08	
      7720.666	     3.05891e+08	
      7806.234	     2.93010e+08	
      7821.358	     2.90804e+08	
      7891.803	     2.80800e+08	
      7962.248	     2.71222e+08	
      7982.837	     2.68500e+08	
      8032.693	     2.62050e+08	
      8082.550	     2.55792e+08	
      8161.675	     2.46239e+08	
      8182.262	     2.43827e+08	
      8200.850	     2.41674e+08	
      8202.850	     2.41444e+08	
      8204.849	     2.41214e+08	
      8208.848	     2.40755e+08	
      8216.846	     2.39841e+08	
      8232.842	     2.38025e+08	
      8264.833	     2.34444e+08	
      8289.715	     2.31706e+08	
      8328.816	     2.27483e+08	
      8343.441	     2.25929e+08	
      8367.916	     2.23357e+08	
      8371.465	     2.22986e+08	
      8388.684	     2.21202e+08	
      8392.391	     2.20821e+08	
      8408.650	     2.19156e+08	
      8413.318	     2.18681e+08	
      8432.024	     2.16791e+08	
      8437.951	     2.16196e+08	
      8467.252	     2.13285e+08	
      8473.978	     2.12624e+08	
      8502.481	     2.09851e+08	
      8516.584	     2.08495e+08	
      8530.983	     2.07122e+08	
      8545.382	     2.05761e+08	
      8549.972	     2.05329e+08	
      8574.180	     2.03072e+08	
      8598.388	     2.00845e+08	
      8628.597	     1.98110e+08	
      8646.805	     1.96483e+08	
      8652.391	     1.95988e+08	
      8665.013	     1.94873e+08	
      8685.587	     1.93074e+08	
      8701.429	     1.91703e+08	
      8750.468	     1.87532e+08	
      8767.917	     1.86076e+08	
      8815.350	     1.82188e+08	
      8862.782	     1.78406e+08	
      8900.383	     1.75480e+08	
      8957.646	     1.71127e+08	
      9014.908	     1.66907e+08	
      9044.624	     1.64776e+08	
      9072.171	     1.62830e+08	
      9099.717	     1.60910e+08	
      9154.810	     1.57154e+08	
      9190.798	     1.54751e+08	
      9209.903	     1.53494e+08	
      9229.009	     1.52254e+08	
      9267.221	     1.49815e+08	
      9303.204	     1.47581e+08	
      9343.644	     1.45109e+08	
      9384.084	     1.42674e+08	
      9464.964	     1.37916e+08	
      9545.723	     1.33292e+08	
      9545.844	     1.33286e+08	
      9545.965	     1.33279e+08	
      9546.207	     1.33266e+08	
      9546.691	     1.33240e+08	
      9546.866	     1.33231e+08	
      9547.658	     1.33188e+08	
      9549.594	     1.33068e+08	
      9553.465	     1.32866e+08	
      9561.207	     1.32464e+08	
      9576.691	     1.31666e+08	
      9607.658	     1.30075e+08	
      9668.451	     1.26986e+08	
      9729.243	     1.23950e+08	
      9790.036	     1.20970e+08	
      9850.828	     1.18045e+08	
      9870.422	     1.17108e+08	
      9911.620	     1.15132e+08	
      9952.819	     1.13164e+08	
     10021.070	     1.09906e+08	
     10035.217	     1.09250e+08	
     10049.364	     1.08651e+08	
     10077.658	     1.07526e+08	
     10134.247	     1.05444e+08	
     10144.484	     1.05065e+08	
     10190.835	     1.03344e+08	
     10237.187	     1.01615e+08	
     10329.890	     9.81729e+07	
     10422.592	     9.48268e+07	
     10515.295	     9.15601e+07	
     10607.998	     8.84371e+07	
     10700.701	     8.53643e+07	
     10793.403	     8.22617e+07	
     10834.127	     8.08734e+07	
     10886.106	     7.90488e+07	
     10912.096	     7.80777e+07	
     10925.091	     7.75395e+07	
     10931.588	     7.72339e+07	
     10938.085	     7.68763e+07	
     10944.582	     7.68779e+07	
     10951.079	     7.68264e+07	
     10957.577	     7.67447e+07	
     10964.074	     7.66470e+07	
     10970.572	     7.65383e+07	
     10977.069	     7.64205e+07	
     10983.567	     7.63033e+07	
     10990.064	     7.61761e+07	
     11003.058	     7.59169e+07	
     11029.048	     7.53721e+07	
     11081.027	     7.42270e+07	
     11133.006	     7.30263e+07	
     11184.985	     7.18055e+07	
     11213.018	     7.11357e+07	
     11236.964	     7.05643e+07	
     11260.908	     6.99931e+07	
     11308.798	     6.88559e+07	
     11404.577	     6.66304e+07	
     11500.356	     6.44950e+07	
     11596.135	     6.24256e+07	
     11691.915	     6.04389e+07	
     11787.694	     5.85304e+07	
     11883.472	     5.66966e+07	
     11979.251	     5.49342e+07	
     12075.030	     5.32293e+07	
     12170.810	     5.15953e+07	
     12248.549	     5.03123e+07	
     12266.589	     5.00198e+07	
     12284.629	     4.97292e+07	
     12320.709	     4.91530e+07	
     12392.871	     4.80192e+07	
     12465.031	     4.69065e+07	
     12537.191	     4.58013e+07	
     12609.353	     4.46810e+07	
     12681.513	     4.34947e+07	
     12689.282	     4.33565e+07	
     12753.674	     4.21322e+07	
     12785.869	     4.14068e+07	
     12818.066	     4.10609e+07	
     12834.163	     4.06349e+07	
     12850.262	     4.06057e+07	
     12866.359	     4.05702e+07	
     12882.457	     4.05143e+07	
     12914.653	     4.03302e+07	
     12946.850	     4.00792e+07	
     12979.045	     3.97946e+07	
     13043.437	     3.91471e+07	
     13107.829	     3.84547e+07	
     13172.220	     3.77509e+07	
     13236.613	     3.70491e+07	
     13293.658	     3.64349e+07	
     13301.004	     3.63564e+07	
     13308.350	     3.62782e+07	
     13323.042	     3.61223e+07	
     13352.427	     3.58123e+07	
     13411.196	     3.52009e+07	
     13469.965	     3.46015e+07	
     13528.734	     3.40140e+07	
     13587.503	     3.34385e+07	
     13646.272	     3.28777e+07	
     13705.042	     3.23251e+07	
     13763.811	     3.17841e+07	
     13822.580	     3.12545e+07	
     13881.349	     3.07359e+07	
     13940.118	     3.02279e+07	
     13998.887	     2.97304e+07	
     14057.656	     2.92431e+07	
     14116.424	     2.87657e+07	
     14175.193	     2.82981e+07	
     14233.963	     2.78398e+07	
     14253.393	     2.76904e+07	
     14292.732	     2.73909e+07	
     14332.071	     2.70954e+07	
     14363.855	     2.68595e+07	
     14410.748	     2.65161e+07	
     14457.640	     2.61782e+07	
     14519.640	     2.57397e+07	
     14551.426	     2.55184e+07	
     14581.211	     2.53132e+07	
     14583.210	     2.52995e+07	
     14585.210	     2.52859e+07	
     14589.208	     2.52585e+07	
     14597.206	     2.52039e+07	
     14613.202	     2.50952e+07	
     14645.193	     2.48794e+07	
     14709.176	     2.44549e+07	
     14773.158	     2.40394e+07	
     14837.141	     2.36326e+07	
     14901.123	     2.32345e+07	
     14965.106	     2.28447e+07	
     15029.088	     2.24630e+07	
     15093.071	     2.20893e+07	
     15157.054	     2.17233e+07	
     15221.036	     2.13648e+07	
     15285.019	     2.10138e+07	
     15349.001	     2.06699e+07	
     15412.984	     2.03330e+07	
     15471.572	     2.00305e+07	
     15476.966	     2.00029e+07	
     15482.361	     1.99754e+07	
     15493.150	     1.99205e+07	
     15514.728	     1.98113e+07	
     15557.884	     1.95951e+07	
     15644.197	     1.91714e+07	
     15730.509	     1.87592e+07	
     15816.821	     1.83579e+07	
     15903.134	     1.79674e+07	
     15989.446	     1.75871e+07	
     16075.759	     1.72169e+07	
     16162.071	     1.68564e+07	
     16248.384	     1.65053e+07	
     16289.880	     1.63397e+07	
     16334.696	     1.61632e+07	
     16379.512	     1.59891e+07	
     16469.143	     1.56480e+07	
     16558.775	     1.53159e+07	
     16648.406	     1.49926e+07	
     16738.038	     1.46778e+07	
     16827.669	     1.43712e+07	
     16917.301	     1.40726e+07	
     17006.933	     1.37817e+07	
     17096.564	     1.34982e+07	
     17186.196	     1.32221e+07	
     17275.827	     1.29529e+07	
     17327.685	     1.28003e+07	
     17365.459	     1.26906e+07	
     17403.232	     1.25820e+07	
     17478.780	     1.23684e+07	
     17554.327	     1.21593e+07	
     17629.874	     1.19547e+07	
     17705.422	     1.17543e+07	
     17780.969	     1.15581e+07	
     17856.517	     1.13660e+07	
     17932.064	     1.11778e+07	
     18007.611	     1.09911e+07	
     18083.159	     1.08100e+07	
     18158.706	     1.06322e+07	
     18234.253	     1.04576e+07	
     18309.801	     1.02857e+07	
     18343.743	     1.02091e+07	
     18385.348	     1.01156e+07	
     18426.953	     1.00222e+07	
     18510.162	     9.83287e+06	
     18593.371	     9.63099e+06	
     18602.053	     9.60825e+06	
     18639.317	     9.50448e+06	
     18657.949	     9.44711e+06	
     18676.581	     9.38441e+06	
     18695.212	     9.31291e+06	
     18704.529	     9.27376e+06	
     18713.844	     9.22742e+06	
     18723.161	     9.17427e+06	
     18727.819	     9.14291e+06	
     18732.476	     9.10459e+06	
     18737.134	     9.05705e+06	
     18739.463	     9.02674e+06	
     18741.793	     8.99033e+06	
     18744.121	     8.94173e+06	
     18745.286	     8.91091e+06	
     18746.450	     8.87399e+06	
     18747.615	     8.82665e+06	
     18748.779	     8.75992e+06	
     18749.944	     8.68273e+06	
     18750.526	     8.65524e+06	
     18751.108	     8.64525e+06	
     18751.690	     8.65314e+06	
     18752.273	     8.67852e+06	
     18752.855	     8.71450e+06	
     18753.438	     8.75141e+06	
     18754.601	     8.81380e+06	
     18755.766	     8.85675e+06	
     18756.931	     8.88926e+06	
     18759.260	     8.93673e+06	
     18761.588	     8.97028e+06	
     18763.918	     8.99403e+06	
     18768.575	     9.02693e+06	
     18773.233	     9.05033e+06	
     18777.892	     9.06447e+06	
     18787.207	     9.08307e+06	
     18805.839	     9.09799e+06	
     18824.471	     9.09654e+06	
     18861.735	     9.07031e+06	
     18898.999	     9.02677e+06	
     18973.526	     8.91499e+06	
     19048.054	     8.78970e+06	
     19122.582	     8.66052e+06	
     19197.109	     8.53115e+06	
     19271.637	     8.40297e+06	
     19346.165	     8.27662e+06	
     19390.711	     8.20204e+06	
     19420.692	     8.15228e+06	
     19450.673	     8.10286e+06	
     19510.635	     8.00506e+06	
     19570.595	     7.90965e+06	
     19630.557	     7.81449e+06	
     19690.519	     7.72075e+06	
     19750.479	     7.62838e+06	
     19810.441	     7.53740e+06	
     19870.401	     7.44781e+06	
     19930.363	     7.35949e+06	
     19990.325	     7.27254e+06	
     20050.285	     7.18680e+06	
     20110.247	     7.10236e+06	
     20170.209	     7.01917e+06	
     20230.169	     6.93717e+06	
     20290.131	     6.85637e+06	
     20350.092	     6.77673e+06	
     20410.053	     6.69825e+06	
     20465.636	     6.62650e+06	
     20470.015	     6.62091e+06	
     20474.393	     6.61528e+06	
     20483.151	     6.60410e+06	
     20500.667	     6.58179e+06	
     20535.700	     6.53743e+06	
     20605.763	     6.44985e+06	
     20675.826	     6.36370e+06	
     20745.890	     6.27904e+06	
     20815.954	     6.19572e+06	
     20886.018	     6.11382e+06	
     20956.082	     6.03327e+06	
     21026.146	     5.95401e+06	
     21096.209	     5.87607e+06	
     21166.272	     5.79938e+06	
     21236.336	     5.72395e+06	
     21306.400	     5.64975e+06	
     21376.464	     5.57674e+06	
     21446.528	     5.50492e+06	
     21516.592	     5.43423e+06	
     21542.694	     5.40819e+06	
     21586.655	     5.36468e+06	
     21630.617	     5.32161e+06	
     21718.540	     5.23672e+06	
     21806.462	     5.15353e+06	
     21894.385	     5.07198e+06	
     21982.308	     4.99205e+06	
     22070.231	     4.91367e+06	
     22158.154	     4.83683e+06	
     22246.078	     4.76146e+06	
     22334.001	     4.68760e+06	
     22421.924	     4.61513e+06	
     22509.847	     4.54406e+06	
     22597.770	     4.47435e+06	
     22685.693	     4.40599e+06	
     22760.395	     4.34891e+06	
     22773.616	     4.33892e+06	
     22784.838	     4.33043e+06	
     22786.838	     4.32893e+06	
     22788.837	     4.32742e+06	
     22792.836	     4.32443e+06	
     22800.834	     4.31840e+06	
     22816.829	     4.30640e+06	
     22848.821	     4.28256e+06	
     22912.803	     4.23531e+06	
     22976.786	     4.18872e+06	
     23040.768	     4.14276e+06	
     23104.751	     4.09745e+06	
     23168.733	     4.05272e+06	
     23232.716	     4.00864e+06	
     23296.698	     3.96513e+06	
     23360.681	     3.92222e+06	
     23424.663	     3.87990e+06	
     23488.646	     3.83812e+06	
     23552.628	     3.79693e+06	
     23616.611	     3.75628e+06	
     23680.593	     3.71616e+06	
     23744.576	     3.67657e+06	
     23808.558	     3.63752e+06	
     23872.541	     3.59901e+06	
     23936.523	     3.56100e+06	
     24000.506	     3.52345e+06	
     24064.488	     3.48645e+06	
     24128.471	     3.44988e+06	
     24192.453	     3.41381e+06	
     24256.436	     3.37822e+06	
     24320.419	     3.34309e+06	
     24384.401	     3.30841e+06	
     24448.384	     3.27420e+06	
     24512.366	     3.24040e+06	
     24576.349	     3.20703e+06	
     24640.331	     3.17411e+06	
     24704.314	     3.14162e+06	
     24768.296	     3.10953e+06	
     24832.279	     3.07785e+06	
     24896.261	     3.04657e+06	
     24960.244	     3.01569e+06	
     25004.437	     2.99458e+06	
     25024.226	     2.98519e+06	
     25044.016	     2.97584e+06	
     25083.595	     2.95724e+06	
     25162.753	     2.92049e+06	
     25241.912	     2.88430e+06	
     25321.070	     2.84867e+06	
     25400.228	     2.81359e+06	
     25479.387	     2.77905e+06	
     25558.545	     2.74503e+06	
     25637.703	     2.71153e+06	
     25716.862	     2.67854e+06	
     25796.020	     2.64625e+06	
     25875.179	     2.61425e+06	
     25954.337	     2.58274e+06	
     26033.495	     2.55169e+06	
     26112.654	     2.52111e+06	
     26191.812	     2.49099e+06	
     26270.970	     2.46131e+06	
     26350.129	     2.43207e+06	
     26429.287	     2.40327e+06	
     26508.445	     2.37489e+06	
     26587.604	     2.34693e+06	
     26666.762	     2.31938e+06	
     26745.921	     2.29223e+06	
     26825.079	     2.26548e+06	
     26904.237	     2.23912e+06	
     26983.396	     2.21313e+06	
     27062.554	     2.18753e+06	
     27141.712	     2.16229e+06	
     27142.547	     2.16203e+06	
     27220.871	     2.13741e+06	
     27299.194	     2.11315e+06	
     27377.518	     2.08923e+06	
     27455.842	     2.06565e+06	
     27534.165	     2.04240e+06	
     27612.489	     2.01948e+06	
     27690.812	     1.99687e+06	
     27769.136	     1.97459e+06	
     27847.459	     1.95261e+06	
     27925.783	     1.93094e+06	
     28004.107	     1.90956e+06	
     28082.430	     1.88848e+06	
     28160.754	     1.86770e+06	
     28239.077	     1.84719e+06	
     28317.401	     1.82697e+06	
     28395.725	     1.80702e+06	
     28474.048	     1.78734e+06	
     28552.372	     1.76793e+06	
     28630.695	     1.74879e+06	
     28709.019	     1.72990e+06	
     28787.343	     1.71126e+06	
     28865.666	     1.69288e+06	
     28943.990	     1.67474e+06	
     29022.313	     1.65684e+06	
     29100.637	     1.63918e+06	
     29178.961	     1.62176e+06	
     29257.284	     1.60457e+06	
     29335.608	     1.58760e+06	
     29413.931	     1.57086e+06	
     29492.255	     1.55434e+06	
     29570.578	     1.53803e+06	
     29648.902	     1.52194e+06	
     29727.226	     1.50605e+06	
     29805.549	     1.49038e+06	
     29883.873	     1.47491e+06	
     29932.600	     1.46538e+06	
     29962.196	     1.45954e+06	
     29991.792	     1.45391e+06	
#time:0.039250
