# Koester WD models
# teff = 80000 K (value for the effective temperature for the model. Temperatures are given in K)
# logg = 9.5 log(cm/s2) (value for Log(G) for the model.)
#
#   WAVELENGTH	#           FLUX	
#   (ANGSTROM)	#  (ERG/CM2/S/A)	
##############	################	
       899.230	     3.40885e+11	
       904.235	     3.36213e+11	
       908.450	     3.32327e+11	
       909.241	     3.31601e+11	
       910.032	     3.30876e+11	
       911.193	     3.29811e+11	
       911.613	     3.29427e+11	
       912.034	     3.29041e+11	
       912.465	     3.28645e+11	
       912.875	     3.28271e+11	
       913.037	     3.28124e+11	
       913.241	     3.27935e+11	
       913.284	     3.27897e+11	
       913.478	     3.27718e+11	
       913.531	     3.27668e+11	
       913.755	     3.27464e+11	
       913.822	     3.27404e+11	
       914.080	     3.27165e+11	
       914.165	     3.27087e+11	
       914.499	     3.26779e+11	
       914.575	     3.26710e+11	
       915.071	     3.26251e+11	
       915.540	     3.25818e+11	
       915.609	     3.25752e+11	
       915.643	     3.25720e+11	
       915.677	     3.25692e+11	
       915.741	     3.25632e+11	
       915.813	     3.25566e+11	
       916.085	     3.25321e+11	
       916.429	     3.25007e+11	
       916.858	     3.24614e+11	
       917.118	     3.24373e+11	
       917.196	     3.24300e+11	
       917.378	     3.24131e+11	
       917.899	     3.23644e+11	
       917.952	     3.23593e+11	
       918.287	     3.23270e+11	
       918.602	     3.22965e+11	
       919.251	     3.22334e+11	
       920.215	     3.21489e+11	
       921.882	     3.19886e+11	
       921.999	     3.19751e+11	
       922.143	     3.19585e+11	
       922.405	     3.19286e+11	
       922.810	     3.18909e+11	
       923.621	     3.18466e+11	
       925.001	     3.16940e+11	
       925.242	     3.16594e+11	
       925.484	     3.16289e+11	
       925.564	     3.16239e+11	
       925.966	     3.16154e+11	
       926.164	     3.16107e+11	
       926.369	     3.16029e+11	
       927.173	     3.15827e+11	
       927.276	     3.15727e+11	
       928.182	     3.14417e+11	
       928.917	     3.12780e+11	
       928.980	     3.12618e+11	
       929.089	     3.12299e+11	
       929.261	     3.11823e+11	
       929.317	     3.11682e+11	
       929.543	     3.11054e+11	
       929.655	     3.10762e+11	
       929.769	     3.10475e+11	
       929.827	     3.10345e+11	
       929.883	     3.10241e+11	
       929.910	     3.10207e+11	
       929.939	     3.10179e+11	
       929.954	     3.10170e+11	
       929.968	     3.10164e+11	
       929.982	     3.10161e+11	
       929.996	     3.10162e+11	
       930.010	     3.10164e+11	
       930.024	     3.10170e+11	
       930.038	     3.10179e+11	
       930.052	     3.10191e+11	
       930.081	     3.10224e+11	
       930.137	     3.10323e+11	
       930.201	     3.10485e+11	
       930.247	     3.10619e+11	
       930.249	     3.10625e+11	
       930.251	     3.10632e+11	
       930.301	     3.10792e+11	
       930.326	     3.10865e+11	
       930.329	     3.10875e+11	
       930.402	     3.11109e+11	
       930.478	     3.11353e+11	
       930.630	     3.11875e+11	
       930.931	     3.12865e+11	
       931.229	     3.13795e+11	
       931.490	     3.14609e+11	
       931.534	     3.14731e+11	
       931.838	     3.15410e+11	
       931.968	     3.15683e+11	
       932.447	     3.16409e+11	
       932.925	     3.16440e+11	
       933.265	     3.16094e+11	
       933.403	     3.15815e+11	
       933.432	     3.15771e+11	
       933.542	     3.15586e+11	
       933.652	     3.15350e+11	
       933.872	     3.14737e+11	
       933.973	     3.14363e+11	
       934.073	     3.13934e+11	
       934.312	     3.12591e+11	
       934.652	     3.10760e+11	
       935.230	     3.06397e+11	
       935.473	     3.04221e+11	
       935.688	     3.02297e+11	
       935.809	     3.00968e+11	
       936.144	     2.97520e+11	
       936.372	     2.95121e+11	
       936.601	     2.93003e+11	
       936.714	     2.91995e+11	
       936.829	     2.90993e+11	
       936.887	     2.90434e+11	
       936.944	     2.89866e+11	
       936.973	     2.89591e+11	
       937.001	     2.89338e+11	
       937.015	     2.89229e+11	
       937.029	     2.89141e+11	
       937.043	     2.89076e+11	
       937.058	     2.89037e+11	
       937.072	     2.89035e+11	
       937.086	     2.89068e+11	
       937.101	     2.89141e+11	
       937.115	     2.89236e+11	
       937.143	     2.89495e+11	
       937.200	     2.90152e+11	
       937.314	     2.91536e+11	
       937.493	     2.93539e+11	
       937.542	     2.94111e+11	
       937.593	     2.94710e+11	
       937.694	     2.95920e+11	
       937.788	     2.97060e+11	
       937.894	     2.98441e+11	
       938.000	     2.99936e+11	
       938.212	     3.02812e+11	
       938.359	     3.04865e+11	
       938.556	     3.07568e+11	
       938.636	     3.08575e+11	
       938.914	     3.12135e+11	
       939.271	     3.16629e+11	
       939.628	     3.20405e+11	
       939.986	     3.24090e+11	
       940.343	     3.27222e+11	
       940.580	     3.28862e+11	
       940.660	     3.29346e+11	
       940.700	     3.29578e+11	
       940.740	     3.29804e+11	
       940.901	     3.30829e+11	
       941.221	     3.32506e+11	
       941.861	     3.34825e+11	
       941.957	     3.35032e+11	
       942.502	     3.35491e+11	
       943.048	     3.34636e+11	
       943.593	     3.32864e+11	
       943.865	     3.31447e+11	
       944.139	     3.29559e+11	
       944.411	     3.27131e+11	
       944.684	     3.24036e+11	
       944.956	     3.20515e+11	
       945.151	     3.17606e+11	
       945.230	     3.16324e+11	
       945.308	     3.14967e+11	
       945.464	     3.12660e+11	
       945.776	     3.07868e+11	
       946.088	     3.02013e+11	
       946.401	     2.95339e+11	
       946.892	     2.85733e+11	
       947.025	     2.82868e+11	
       947.158	     2.79800e+11	
       947.425	     2.73451e+11	
       947.831	     2.63744e+11	
       947.957	     2.60348e+11	
       948.083	     2.57443e+11	
       948.125	     2.56409e+11	
       948.335	     2.51054e+11	
       948.546	     2.46943e+11	
       948.693	     2.44519e+11	
       948.735	     2.44012e+11	
       948.756	     2.43792e+11	
       948.777	     2.43566e+11	
       948.829	     2.43083e+11	
       948.835	     2.43064e+11	
       948.861	     2.42951e+11	
       948.893	     2.42882e+11	
       948.922	     2.42931e+11	
       948.951	     2.43066e+11	
       948.966	     2.43146e+11	
       948.980	     2.43224e+11	
       948.994	     2.43292e+11	
       949.009	     2.43339e+11	
       949.023	     2.43352e+11	
       949.037	     2.43333e+11	
       949.052	     2.43281e+11	
       949.066	     2.43207e+11	
       949.095	     2.43036e+11	
       949.153	     2.42828e+11	
       949.230	     2.43094e+11	
       949.258	     2.43333e+11	
       949.269	     2.43461e+11	
       949.280	     2.43579e+11	
       949.330	     2.44057e+11	
       949.360	     2.44487e+11	
       949.430	     2.45570e+11	
       949.500	     2.46745e+11	
       949.640	     2.49475e+11	
       949.781	     2.52521e+11	
       949.795	     2.52843e+11	
       949.879	     2.55076e+11	
       949.921	     2.56133e+11	
       949.963	     2.57169e+11	
       950.047	     2.59170e+11	
       950.131	     2.61254e+11	
       950.467	     2.69868e+11	
       950.888	     2.80259e+11	
       951.308	     2.89984e+11	
       951.728	     2.99423e+11	
       952.400	     3.15626e+11	
       952.569	     3.18985e+11	
       952.738	     3.22469e+11	
       953.076	     3.30404e+11	
       953.415	     3.37495e+11	
       953.753	     3.43942e+11	
       954.091	     3.49515e+11	
       954.430	     3.54472e+11	
       954.768	     3.58789e+11	
       955.106	     3.63118e+11	
       955.552	     3.68097e+11	
       955.783	     3.70337e+11	
       956.014	     3.72316e+11	
       956.476	     3.75656e+11	
       956.939	     3.78383e+11	
       957.401	     3.80686e+11	
       958.326	     3.83827e+11	
       959.137	     3.85131e+11	
       959.213	     3.85188e+11	
       959.251	     3.85210e+11	
       959.289	     3.85228e+11	
       959.441	     3.85275e+11	
       959.745	     3.85244e+11	
       960.278	     3.84754e+11	
       960.354	     3.84638e+11	
       960.430	     3.84509e+11	
       960.582	     3.84192e+11	
       960.886	     3.83409e+11	
       961.495	     3.81242e+11	
       962.103	     3.78226e+11	
       962.712	     3.74261e+11	
       963.320	     3.69363e+11	
       963.626	     3.66470e+11	
       963.929	     3.63331e+11	
       964.231	     3.60121e+11	
       964.835	     3.52675e+11	
       965.440	     3.43869e+11	
       966.044	     3.33634e+11	
       966.649	     3.22918e+11	
       967.253	     3.10986e+11	
       967.684	     3.01599e+11	
       967.858	     2.97573e+11	
       968.032	     2.93422e+11	
       968.380	     2.85631e+11	
       968.858	     2.74765e+11	
       969.077	     2.69290e+11	
       969.297	     2.63770e+11	
       969.547	     2.57371e+11	
       969.736	     2.52934e+11	
       969.738	     2.52898e+11	
       969.927	     2.48091e+11	
       970.306	     2.38182e+11	
       970.401	     2.35810e+11	
       970.874	     2.23488e+11	
       971.110	     2.17457e+11	
       971.348	     2.11271e+11	
       971.467	     2.08235e+11	
       971.585	     2.04530e+11	
       971.644	     2.02332e+11	
       971.703	     1.99456e+11	
       971.732	     1.97750e+11	
       971.762	     1.95946e+11	
       971.778	     1.95069e+11	
       971.792	     1.94408e+11	
       971.806	     1.93889e+11	
       971.821	     1.93533e+11	
       971.836	     1.93407e+11	
       971.851	     1.93523e+11	
       971.866	     1.93868e+11	
       971.880	     1.94378e+11	
       971.910	     1.95895e+11	
       971.969	     1.99361e+11	
       972.037	     2.02564e+11	
       972.087	     2.04345e+11	
       972.137	     2.05942e+11	
       972.150	     2.06298e+11	
       972.199	     2.07778e+11	
       972.237	     2.08914e+11	
       972.324	     2.10893e+11	
       972.499	     2.15307e+11	
       972.798	     2.22688e+11	
       973.047	     2.28842e+11	
       973.396	     2.37528e+11	
       973.746	     2.46313e+11	
       974.444	     2.62965e+11	
       974.645	     2.67828e+11	
       975.143	     2.79158e+11	
       975.640	     2.89820e+11	
       976.137	     3.01119e+11	
       976.635	     3.11538e+11	
       977.132	     3.21281e+11	
       977.630	     3.30395e+11	
       977.944	     3.36336e+11	
       978.624	     3.48202e+11	
       979.305	     3.58773e+11	
       979.985	     3.68396e+11	
       980.666	     3.77553e+11	
       981.346	     3.85891e+11	
       982.027	     3.93513e+11	
       982.707	     4.00396e+11	
       982.853	     4.01772e+11	
       983.370	     4.06434e+11	
       983.388	     4.06591e+11	
       983.923	     4.11040e+11	
       984.182	     4.13038e+11	
       984.994	     4.19161e+11	
       985.807	     4.24652e+11	
       986.618	     4.29525e+11	
       987.173	     4.32465e+11	
       987.430	     4.33750e+11	
       988.242	     4.37495e+11	
       989.312	     4.41761e+11	
       990.382	     4.45157e+11	
       991.452	     4.47941e+11	
       993.303	     4.51604e+11	
       993.591	     4.52044e+11	
       993.880	     4.52449e+11	
       994.456	     4.53040e+11	
       995.609	     4.53834e+11	
       997.382	     4.54064e+11	
       997.574	     4.54017e+11	
       997.914	     4.53900e+11	
       998.447	     4.53624e+11	
       999.319	     4.52835e+11	
      1001.064	     4.50131e+11	
      1001.297	     4.49672e+11	
      1002.810	     4.46050e+11	
      1004.323	     4.41249e+11	
      1005.836	     4.34928e+11	
      1007.349	     4.27112e+11	
      1008.397	     4.20662e+11	
      1008.862	     4.17515e+11	
      1009.326	     4.14181e+11	
      1010.255	     4.06880e+11	
      1011.183	     3.98797e+11	
      1012.112	     3.89843e+11	
      1013.040	     3.80038e+11	
      1013.609	     3.73623e+11	
      1013.969	     3.69366e+11	
      1014.329	     3.64959e+11	
      1015.050	     3.55707e+11	
      1015.770	     3.45889e+11	
      1016.491	     3.35519e+11	
      1016.531	     3.34925e+11	
      1017.211	     3.24580e+11	
      1017.231	     3.24272e+11	
      1017.931	     3.13169e+11	
      1018.632	     3.01424e+11	
      1019.332	     2.89061e+11	
      1020.033	     2.76135e+11	
      1020.422	     2.68774e+11	
      1020.733	     2.62741e+11	
      1021.044	     2.56594e+11	
      1021.667	     2.44134e+11	
      1022.780	     2.21101e+11	
      1022.911	     2.18404e+11	
      1023.043	     2.15662e+11	
      1023.305	     2.10010e+11	
      1023.617	     2.03206e+11	
      1023.829	     1.98523e+11	
      1024.041	     1.93765e+11	
      1024.390	     1.85812e+11	
      1024.465	     1.84063e+11	
      1024.540	     1.82096e+11	
      1024.590	     1.80742e+11	
      1024.691	     1.77863e+11	
      1024.791	     1.74568e+11	
      1024.852	     1.72084e+11	
      1024.867	     1.71413e+11	
      1024.891	     1.70181e+11	
      1024.915	     1.68836e+11	
      1024.947	     1.67072e+11	
      1024.978	     1.65481e+11	
      1024.993	     1.64806e+11	
      1025.009	     1.64280e+11	
      1025.025	     1.63881e+11	
      1025.040	     1.63634e+11	
      1025.044	     1.63595e+11	
      1025.054	     1.63535e+11	
      1025.056	     1.63531e+11	
      1025.058	     1.63529e+11	
      1025.072	     1.63587e+11	
      1025.087	     1.63782e+11	
      1025.103	     1.64131e+11	
      1025.134	     1.65252e+11	
      1025.196	     1.68514e+11	
      1025.271	     1.72264e+11	
      1025.320	     1.74222e+11	
      1025.371	     1.75822e+11	
      1025.471	     1.78971e+11	
      1025.571	     1.81641e+11	
      1025.671	     1.84149e+11	
      1025.868	     1.88643e+11	
      1025.871	     1.88710e+11	
      1026.070	     1.92941e+11	
      1026.469	     2.01461e+11	
      1027.069	     2.13879e+11	
      1027.472	     2.21841e+11	
      1027.669	     2.25782e+11	
      1028.270	     2.37421e+11	
      1028.796	     2.47274e+11	
      1029.067	     2.52350e+11	
      1029.338	     2.57335e+11	
      1029.881	     2.67013e+11	
      1030.423	     2.76373e+11	
      1030.965	     2.85398e+11	
      1032.050	     3.02397e+11	
      1033.082	     3.17222e+11	
      1033.135	     3.17948e+11	
      1033.187	     3.18671e+11	
      1033.230	     3.19264e+11	
      1033.291	     3.20103e+11	
      1033.499	     3.22931e+11	
      1033.915	     3.28466e+11	
      1033.989	     3.29427e+11	
      1034.747	     3.39025e+11	
      1035.507	     3.48079e+11	
      1036.265	     3.56577e+11	
      1037.024	     3.64519e+11	
      1037.783	     3.71990e+11	
      1038.542	     3.78980e+11	
      1039.172	     3.84412e+11	
      1039.258	     3.85128e+11	
      1039.301	     3.85486e+11	
      1039.344	     3.85841e+11	
      1039.516	     3.87252e+11	
      1039.860	     3.90000e+11	
      1040.549	     3.95206e+11	
      1041.925	     4.04489e+11	
      1042.258	     4.06528e+11	
      1043.302	     4.12457e+11	
      1044.347	     4.17672e+11	
      1045.391	     4.22246e+11	
      1046.436	     4.26245e+11	
      1047.480	     4.29698e+11	
      1047.701	     4.30364e+11	
      1048.525	     4.32666e+11	
      1049.349	     4.34702e+11	
      1050.998	     4.38020e+11	
      1052.647	     4.40464e+11	
      1054.240	     4.42132e+11	
      1054.296	     4.42179e+11	
      1054.352	     4.42226e+11	
      1054.464	     4.42321e+11	
      1054.688	     4.42496e+11	
      1055.136	     4.42817e+11	
      1056.033	     4.43342e+11	
      1056.297	     4.43467e+11	
      1057.826	     4.43967e+11	
      1059.355	     4.44114e+11	
      1060.467	     4.44033e+11	
      1062.412	     4.43565e+11	
      1064.357	     4.42757e+11	
      1067.134	     4.41127e+11	
      1068.247	     4.40344e+11	
      1068.807	     4.39927e+11	
      1069.359	     4.39503e+11	
      1071.584	     4.37658e+11	
      1074.362	     4.35117e+11	
      1076.286	     4.33232e+11	
      1078.980	     4.30458e+11	
      1079.364	     4.30049e+11	
      1082.442	     4.26716e+11	
      1084.366	     4.24574e+11	
      1085.905	     4.22833e+11	
      1089.368	     4.18850e+11	
      1094.370	     4.12991e+11	
      1099.372	     4.07066e+11	
      1104.374	     4.01115e+11	
      1109.376	     3.95175e+11	
      1114.378	     3.89259e+11	
      1118.684	     3.84195e+11	
      1119.380	     3.83378e+11	
      1120.076	     3.82564e+11	
      1121.469	     3.80937e+11	
      1123.778	     3.78245e+11	
      1124.254	     3.77692e+11	
      1124.730	     3.77136e+11	
      1125.682	     3.76030e+11	
      1125.790	     3.75904e+11	
      1127.075	     3.74415e+11	
      1127.587	     3.73821e+11	
      1127.845	     3.73523e+11	
      1129.384	     3.71745e+11	
      1131.692	     3.69081e+11	
      1134.385	     3.65986e+11	
      1135.540	     3.64660e+11	
      1139.387	     3.60259e+11	
      1144.388	     3.54551e+11	
      1149.390	     3.48836e+11	
      1154.391	     3.43087e+11	
      1159.393	     3.37256e+11	
      1164.394	     3.31275e+11	
      1169.395	     3.25035e+11	
      1174.397	     3.18356e+11	
      1177.860	     3.13326e+11	
      1179.398	     3.10948e+11	
      1180.936	     3.08459e+11	
      1182.858	     3.05164e+11	
      1184.013	     3.03066e+11	
      1185.168	     3.00870e+11	
      1185.558	     3.00105e+11	
      1187.479	     2.96116e+11	
      1189.400	     2.91717e+11	
      1191.322	     2.86794e+11	
      1192.085	     2.84671e+11	
      1193.243	     2.81255e+11	
      1194.402	     2.77563e+11	
      1195.560	     2.73567e+11	
      1196.718	     2.69241e+11	
      1197.876	     2.64513e+11	
      1198.667	     2.61049e+11	
      1199.035	     2.59364e+11	
      1199.403	     2.57632e+11	
      1200.139	     2.54023e+11	
      1201.611	     2.46165e+11	
      1201.763	     2.45304e+11	
      1203.083	     2.37408e+11	
      1204.404	     2.28692e+11	
      1205.724	     2.19107e+11	
      1206.384	     2.13970e+11	
      1207.044	     2.08582e+11	
      1207.324	     2.06214e+11	
      1207.704	     2.02920e+11	
      1208.365	     1.96982e+11	
      1208.485	     1.95875e+11	
      1209.405	     1.87061e+11	
      1210.325	     1.77669e+11	
      1211.245	     1.67739e+11	
      1211.639	     1.63289e+11	
      1212.165	     1.57192e+11	
      1212.691	     1.50944e+11	
      1213.613	     1.39551e+11	
      1213.744	     1.37870e+11	
      1213.807	     1.37058e+11	
      1213.875	     1.36172e+11	
      1214.137	     1.32711e+11	
      1214.171	     1.32254e+11	
      1214.319	     1.30227e+11	
      1214.467	     1.28040e+11	
      1214.615	     1.25530e+11	
      1214.763	     1.22135e+11	
      1214.837	     1.19532e+11	
      1214.911	     1.14328e+11	
      1214.948	     1.10957e+11	
      1214.985	     1.07555e+11	
      1215.004	     1.06182e+11	
      1215.022	     1.05213e+11	
      1215.040	     1.04485e+11	
      1215.059	     1.04026e+11	
      1215.077	     1.03883e+11	
      1215.095	     1.04019e+11	
      1215.114	     1.04471e+11	
      1215.132	     1.05193e+11	
      1215.169	     1.07520e+11	
      1215.193	     1.09599e+11	
      1215.195	     1.09797e+11	
      1215.243	     1.14259e+11	
      1215.293	     1.18166e+11	
      1215.391	     1.21993e+11	
      1215.487	     1.24291e+11	
      1215.587	     1.26191e+11	
      1215.687	     1.27746e+11	
      1215.695	     1.27863e+11	
      1215.787	     1.29177e+11	
      1215.987	     1.31851e+11	
      1216.279	     1.35544e+11	
      1216.863	     1.42633e+11	
      1217.402	     1.48839e+11	
      1217.432	     1.49179e+11	
      1217.447	     1.49349e+11	
      1217.462	     1.49518e+11	
      1217.522	     1.50195e+11	
      1217.642	     1.51538e+11	
      1217.882	     1.54198e+11	
      1218.363	     1.59392e+11	
      1219.239	     1.68422e+11	
      1219.321	     1.69235e+11	
      1219.323	     1.69255e+11	
      1219.407	     1.70081e+11	
      1219.575	     1.71715e+11	
      1219.829	     1.74148e+11	
      1220.337	     1.78870e+11	
      1221.353	     1.87719e+11	
      1222.369	     1.95788e+11	
      1223.385	     2.03113e+11	
      1224.185	     2.08373e+11	
      1224.402	     2.09735e+11	
      1224.619	     2.11068e+11	
      1225.053	     2.13648e+11	
      1225.921	     2.18468e+11	
      1226.789	     2.22872e+11	
      1227.657	     2.26878e+11	
      1228.525	     2.30502e+11	
      1229.349	     2.33621e+11	
      1229.379	     2.33729e+11	
      1229.394	     2.33783e+11	
      1229.409	     2.33837e+11	
      1229.469	     2.34051e+11	
      1229.480	     2.34091e+11	
      1229.589	     2.34476e+11	
      1229.829	     2.35305e+11	
      1230.178	     2.36466e+11	
      1230.876	     2.38637e+11	
      1232.272	     2.42432e+11	
      1232.542	     2.43088e+11	
      1233.668	     2.45573e+11	
      1234.794	     2.47677e+11	
      1235.921	     2.49456e+11	
      1237.047	     2.50944e+11	
      1239.188	     2.53087e+11	
      1239.299	     2.53177e+11	
      1239.410	     2.53265e+11	
      1239.632	     2.53434e+11	
      1240.075	     2.53751e+11	
      1240.962	     2.54300e+11	
      1241.063	     2.54355e+11	
      1242.737	     2.55097e+11	
      1244.411	     2.55537e+11	
      1246.107	     2.55728e+11	
      1247.760	     2.55716e+11	
      1249.412	     2.55541e+11	
      1251.019	     2.55241e+11	
      1252.716	     2.54809e+11	
      1254.413	     2.54278e+11	
      1256.198	     2.53629e+11	
      1257.806	     2.52979e+11	
      1259.413	     2.52277e+11	
      1260.842	     2.51615e+11	
      1262.629	     2.50747e+11	
      1264.414	     2.49839e+11	
      1266.555	     2.48710e+11	
      1267.985	     2.47936e+11	
      1269.415	     2.47147e+11	
      1270.132	     2.46746e+11	
      1272.274	     2.45533e+11	
      1274.415	     2.44300e+11	
      1277.981	     2.42214e+11	
      1278.699	     2.41790e+11	
      1279.416	     2.41366e+11	
      1280.851	     2.40514e+11	
      1283.025	     2.39218e+11	
      1283.720	     2.38802e+11	
      1284.416	     2.38385e+11	
      1285.807	     2.37552e+11	
      1287.766	     2.36378e+11	
      1288.591	     2.35883e+11	
      1289.417	     2.35388e+11	
      1291.068	     2.34397e+11	
      1294.234	     2.32501e+11	
      1294.325	     2.32446e+11	
      1294.371	     2.32419e+11	
      1294.417	     2.32391e+11	
      1294.600	     2.32282e+11	
      1294.911	     2.32096e+11	
      1294.966	     2.32063e+11	
      1295.700	     2.31626e+11	
      1297.165	     2.30751e+11	
      1299.418	     2.29410e+11	
      1303.431	     2.27033e+11	
      1303.924	     2.26742e+11	
      1304.418	     2.26451e+11	
      1305.343	     2.25907e+11	
      1305.405	     2.25870e+11	
      1307.381	     2.24712e+11	
      1309.419	     2.23521e+11	
      1312.570	     2.21692e+11	
      1313.117	     2.21375e+11	
      1313.494	     2.21157e+11	
      1314.419	     2.20624e+11	
      1316.268	     2.19562e+11	
      1319.420	     2.17763e+11	
      1324.420	     2.14939e+11	
      1329.420	     2.12153e+11	
      1334.421	     2.09408e+11	
      1339.421	     2.06701e+11	
      1344.421	     2.04036e+11	
      1349.421	     2.01409e+11	
      1354.422	     1.98820e+11	
      1359.422	     1.96271e+11	
      1364.422	     1.93761e+11	
      1365.191	     1.93378e+11	
      1369.422	     1.91289e+11	
      1373.653	     1.89227e+11	
      1376.346	     1.87928e+11	
      1377.884	     1.87191e+11	
      1379.422	     1.86458e+11	
      1380.574	     1.85911e+11	
      1382.499	     1.85001e+11	
      1384.423	     1.84097e+11	
      1387.119	     1.82839e+11	
      1388.271	     1.82305e+11	
      1389.031	     1.81954e+11	
      1389.423	     1.81773e+11	
      1391.727	     1.80714e+11	
      1394.423	     1.79485e+11	
      1399.423	     1.77232e+11	
      1404.423	     1.75014e+11	
      1409.423	     1.72830e+11	
      1414.423	     1.70681e+11	
      1419.423	     1.68564e+11	
      1424.423	     1.66480e+11	
      1429.423	     1.64428e+11	
      1434.423	     1.62407e+11	
      1439.423	     1.60417e+11	
      1444.422	     1.58457e+11	
      1449.422	     1.56527e+11	
      1454.422	     1.54626e+11	
      1459.422	     1.52754e+11	
      1464.422	     1.50910e+11	
      1465.960	     1.50349e+11	
      1469.422	     1.49094e+11	
      1472.884	     1.47852e+11	
      1473.268	     1.47715e+11	
      1474.422	     1.47305e+11	
      1476.345	     1.46624e+11	
      1479.421	     1.45543e+11	
      1484.421	     1.43807e+11	
      1489.421	     1.42097e+11	
      1494.421	     1.40413e+11	
      1499.420	     1.38753e+11	
      1504.420	     1.37117e+11	
      1509.420	     1.35505e+11	
      1514.420	     1.33915e+11	
      1519.419	     1.32350e+11	
      1524.419	     1.30806e+11	
      1529.419	     1.29286e+11	
      1534.418	     1.27787e+11	
      1539.418	     1.26311e+11	
      1544.418	     1.24855e+11	
      1549.417	     1.23420e+11	
      1554.417	     1.22005e+11	
      1559.417	     1.20611e+11	
      1564.416	     1.19237e+11	
      1566.724	     1.18609e+11	
      1569.416	     1.17882e+11	
      1570.186	     1.17675e+11	
      1572.107	     1.17161e+11	
      1574.415	     1.16547e+11	
      1574.800	     1.16445e+11	
      1579.415	     1.15230e+11	
      1584.414	     1.13933e+11	
      1589.414	     1.12653e+11	
      1594.413	     1.11392e+11	
      1599.413	     1.10148e+11	
      1604.413	     1.08921e+11	
      1609.412	     1.07711e+11	
      1614.412	     1.06519e+11	
      1619.411	     1.05343e+11	
      1624.410	     1.04183e+11	
      1629.410	     1.03039e+11	
      1634.409	     1.01910e+11	
      1639.409	     1.00798e+11	
      1644.408	     9.97003e+10	
      1649.408	     9.86174e+10	
      1654.407	     9.75496e+10	
      1659.407	     9.64959e+10	
      1664.406	     9.54564e+10	
      1665.560	     9.52185e+10	
      1669.405	     9.44309e+10	
      1670.174	     9.42745e+10	
      1673.251	     9.36518e+10	
      1674.405	     9.34193e+10	
      1676.328	     9.30339e+10	
      1679.404	     9.24213e+10	
      1684.404	     9.14370e+10	
      1689.403	     9.04656e+10	
      1694.402	     8.95071e+10	
      1699.402	     8.85612e+10	
      1704.401	     8.76275e+10	
      1709.400	     8.67064e+10	
      1714.400	     8.57972e+10	
      1719.399	     8.49000e+10	
      1724.398	     8.40144e+10	
      1729.398	     8.31404e+10	
      1734.397	     8.22774e+10	
      1739.396	     8.14260e+10	
      1744.396	     8.05853e+10	
      1749.395	     7.97556e+10	
      1754.394	     7.89366e+10	
      1759.393	     7.81283e+10	
      1764.393	     7.73300e+10	
      1767.084	     7.69046e+10	
      1767.854	     7.67837e+10	
      1769.392	     7.65424e+10	
      1771.700	     7.61821e+10	
      1774.391	     7.57645e+10	
      1775.545	     7.55864e+10	
      1779.391	     7.49967e+10	
      1784.390	     7.42387e+10	
      1789.389	     7.34900e+10	
      1794.388	     7.27511e+10	
      1799.387	     7.20213e+10	
      1809.386	     7.05891e+10	
      1823.999	     6.85593e+10	
      1829.383	     6.78298e+10	
      1834.767	     6.71101e+10	
      1845.535	     6.56989e+10	
      1863.998	     6.33650e+10	
      1867.072	     6.29864e+10	
      1870.145	     6.26110e+10	
      1876.292	     6.18683e+10	
      1888.586	     6.04160e+10	
      1906.980	     5.83212e+10	
      1913.174	     5.76363e+10	
      1919.368	     5.69615e+10	
      1931.755	     5.56420e+10	
      1944.472	     5.43269e+10	
      1956.531	     5.31155e+10	
      1967.603	     5.20329e+10	
      1968.590	     5.19381e+10	
      1992.707	     4.96808e+10	
      2017.811	     4.74600e+10	
      2018.799	     4.73752e+10	
      2042.916	     4.53637e+10	
      2067.032	     4.34580e+10	
      2091.148	     4.16519e+10	
      2114.275	     4.00069e+10	
      2115.264	     3.99384e+10	
      2116.253	     3.98700e+10	
      2118.231	     3.97339e+10	
      2122.186	     3.94631e+10	
      2126.360	     3.91797e+10	
      2130.096	     3.89284e+10	
      2145.917	     3.78864e+10	
      2165.474	     3.66457e+10	
      2185.031	     3.54560e+10	
      2194.481	     3.48984e+10	
      2204.588	     3.43140e+10	
      2205.902	     3.42390e+10	
      2214.695	     3.37420e+10	
      2234.908	     3.26336e+10	
      2263.914	     3.11212e+10	
      2272.705	     3.06805e+10	
      2292.920	     2.96962e+10	
      2313.134	     2.87509e+10	
      2333.349	     2.78433e+10	
      2344.772	     2.73462e+10	
      2350.599	     2.70969e+10	
      2353.563	     2.69711e+10	
      2362.354	     2.66025e+10	
      2379.936	     2.58842e+10	
      2409.274	     2.47388e+10	
      2421.028	     2.42978e+10	
      2438.611	     2.36563e+10	
      2451.595	     2.31962e+10	
      2456.194	     2.30359e+10	
      2460.793	     2.28770e+10	
      2466.761	     2.26729e+10	
      2469.991	     2.25633e+10	
      2488.387	     2.19520e+10	
      2510.013	     2.12596e+10	
      2531.639	     2.05944e+10	
      2547.297	     2.01290e+10	
      2553.265	     1.99551e+10	
      2559.232	     1.97830e+10	
      2571.167	     1.94445e+10	
      2595.038	     1.87891e+10	
      2618.908	     1.81610e+10	
      2627.887	     1.79316e+10	
      2642.779	     1.75590e+10	
      2657.670	     1.71961e+10	
      2687.453	     1.64981e+10	
      2717.236	     1.58353e+10	
      2737.929	     1.53943e+10	
      2747.019	     1.52055e+10	
      2756.108	     1.50195e+10	
      2774.288	     1.46563e+10	
      2810.647	     1.39620e+10	
      2839.466	     1.34408e+10	
      2846.591	     1.33156e+10	
      2847.006	     1.33084e+10	
      2854.546	     1.31777e+10	
      2869.627	     1.29211e+10	
      2873.190	     1.28614e+10	
      2899.787	     1.24264e+10	
      2926.386	     1.20096e+10	
      2952.933	     1.16109e+10	
      2952.983	     1.16102e+10	
      2953.033	     1.16095e+10	
      2953.133	     1.16080e+10	
      2953.333	     1.16051e+10	
      2953.733	     1.15992e+10	
      2954.533	     1.15875e+10	
      2956.132	     1.15640e+10	
      2956.820	     1.15540e+10	
      2959.332	     1.15174e+10	
      2965.730	     1.14248e+10	
      2978.527	     1.12423e+10	
      3004.120	     1.08882e+10	
      3051.421	     1.02698e+10	
      3098.721	     9.69499e+09	
      3142.185	     9.20179e+09	
      3146.021	     9.15978e+09	
      3149.857	     9.11800e+09	
      3157.529	     9.03522e+09	
      3158.829	     9.02127e+09	
      3172.873	     8.87239e+09	
      3203.561	     8.55764e+09	
      3248.294	     8.12344e+09	
      3293.027	     7.71657e+09	
      3328.789	     7.40948e+09	
      3337.759	     7.33486e+09	
      3346.730	     7.26119e+09	
      3355.942	     7.18652e+09	
      3364.671	     7.11665e+09	
      3400.554	     6.83818e+09	
      3445.167	     6.51070e+09	
      3489.779	     6.20263e+09	
      3525.181	     5.97107e+09	
      3532.764	     5.92288e+09	
      3534.392	     5.91257e+09	
      3543.602	     5.85483e+09	
      3562.024	     5.74142e+09	
      3591.283	     5.56690e+09	
      3635.884	     5.31334e+09	
      3638.963	     5.29638e+09	
      3642.042	     5.27951e+09	
      3643.122	     5.27360e+09	
      3645.121	     5.26267e+09	
      3645.281	     5.26179e+09	
      3647.121	     5.25180e+09	
      3648.960	     5.24181e+09	
      3651.320	     5.22902e+09	
      3652.639	     5.22189e+09	
      3653.959	     5.21476e+09	
      3654.239	     5.21325e+09	
      3656.598	     5.20056e+09	
      3658.958	     5.18790e+09	
      3663.397	     5.16418e+09	
      3663.676	     5.16270e+09	
      3663.956	     5.16123e+09	
      3664.516	     5.15824e+09	
      3665.636	     5.15227e+09	
      3666.796	     5.14612e+09	
      3667.875	     5.14040e+09	
      3668.275	     5.13829e+09	
      3668.955	     5.13471e+09	
      3671.115	     5.12322e+09	
      3673.954	     5.10826e+09	
      3675.202	     5.10173e+09	
      3678.952	     5.08209e+09	
      3682.583	     5.06318e+09	
      3682.703	     5.06255e+09	
      3682.822	     5.06192e+09	
      3683.062	     5.06070e+09	
      3683.178	     5.06010e+09	
      3683.542	     5.05822e+09	
      3684.502	     5.05322e+09	
      3684.819	     5.05159e+09	
      3685.826	     5.04637e+09	
      3686.832	     5.04116e+09	
      3688.742	     5.03129e+09	
      3688.846	     5.03076e+09	
      3688.939	     5.03029e+09	
      3688.950	     5.03022e+09	
      3689.158	     5.02916e+09	
      3689.377	     5.02802e+09	
      3689.730	     5.02620e+09	
      3689.815	     5.02576e+09	
      3689.900	     5.02532e+09	
      3690.070	     5.02447e+09	
      3690.410	     5.02272e+09	
      3690.624	     5.02162e+09	
      3691.089	     5.01923e+09	
      3691.469	     5.01725e+09	
      3691.554	     5.01684e+09	
      3691.700	     5.01609e+09	
      3692.484	     5.01207e+09	
      3693.499	     5.00685e+09	
      3694.397	     5.00223e+09	
      3695.297	     4.99765e+09	
      3695.808	     4.99504e+09	
      3696.197	     4.99306e+09	
      3696.525	     4.99136e+09	
      3696.586	     4.99105e+09	
      3696.647	     4.99073e+09	
      3696.666	     4.99064e+09	
      3696.759	     4.99017e+09	
      3696.769	     4.99014e+09	
      3696.872	     4.98960e+09	
      3696.929	     4.98932e+09	
      3696.985	     4.98901e+09	
      3697.041	     4.98872e+09	
      3697.097	     4.98844e+09	
      3697.153	     4.98816e+09	
      3697.209	     4.98788e+09	
      3697.265	     4.98759e+09	
      3697.322	     4.98731e+09	
      3697.347	     4.98718e+09	
      3697.405	     4.98687e+09	
      3697.434	     4.98674e+09	
      3697.463	     4.98659e+09	
      3697.499	     4.98640e+09	
      3697.529	     4.98624e+09	
      3697.579	     4.98599e+09	
      3697.659	     4.98558e+09	
      3697.819	     4.98477e+09	
      3698.109	     4.98329e+09	
      3698.429	     4.98165e+09	
      3698.688	     4.98034e+09	
      3698.886	     4.97933e+09	
      3698.947	     4.97902e+09	
      3699.008	     4.97870e+09	
      3699.130	     4.97810e+09	
      3699.374	     4.97685e+09	
      3699.533	     4.97603e+09	
      3699.862	     4.97437e+09	
      3699.879	     4.97427e+09	
      3700.191	     4.97270e+09	
      3700.198	     4.97267e+09	
      3700.503	     4.97110e+09	
      3700.808	     4.96956e+09	
      3700.842	     4.96940e+09	
      3701.092	     4.96811e+09	
      3701.418	     4.96648e+09	
      3701.994	     4.96356e+09	
      3702.444	     4.96127e+09	
      3702.895	     4.95897e+09	
      3703.121	     4.95784e+09	
      3703.346	     4.95668e+09	
      3703.458	     4.95611e+09	
      3703.571	     4.95555e+09	
      3703.628	     4.95527e+09	
      3703.684	     4.95498e+09	
      3703.740	     4.95470e+09	
      3703.797	     4.95442e+09	
      3703.853	     4.95413e+09	
      3703.909	     4.95385e+09	
      3703.966	     4.95357e+09	
      3704.022	     4.95329e+09	
      3704.085	     4.95297e+09	
      3704.134	     4.95272e+09	
      3704.185	     4.95244e+09	
      3704.210	     4.95231e+09	
      3704.222	     4.95225e+09	
      3704.285	     4.95194e+09	
      3704.314	     4.95181e+09	
      3704.360	     4.95156e+09	
      3704.406	     4.95134e+09	
      3704.491	     4.95090e+09	
      3704.567	     4.95052e+09	
      3704.590	     4.95040e+09	
      3704.689	     4.94989e+09	
      3704.811	     4.94930e+09	
      3705.055	     4.94807e+09	
      3705.373	     4.94644e+09	
      3705.543	     4.94559e+09	
      3705.713	     4.94474e+09	
      3706.052	     4.94301e+09	
      3706.073	     4.94292e+09	
      3706.732	     4.93959e+09	
      3707.267	     4.93689e+09	
      3707.391	     4.93626e+09	
      3707.515	     4.93566e+09	
      3707.614	     4.93516e+09	
      3707.763	     4.93441e+09	
      3707.912	     4.93365e+09	
      3708.118	     4.93261e+09	
      3708.210	     4.93214e+09	
      3708.302	     4.93170e+09	
      3708.486	     4.93076e+09	
      3708.763	     4.92938e+09	
      3708.854	     4.92891e+09	
      3708.873	     4.92881e+09	
      3708.945	     4.92847e+09	
      3709.127	     4.92756e+09	
      3709.206	     4.92715e+09	
      3709.491	     4.92570e+09	
      3710.108	     4.92262e+09	
      3710.902	     4.91863e+09	
      3711.011	     4.91810e+09	
      3711.120	     4.91753e+09	
      3711.213	     4.91706e+09	
      3711.323	     4.91653e+09	
      3711.338	     4.91644e+09	
      3711.463	     4.91581e+09	
      3711.517	     4.91556e+09	
      3711.576	     4.91524e+09	
      3711.603	     4.91512e+09	
      3711.689	     4.91468e+09	
      3711.746	     4.91439e+09	
      3711.802	     4.91411e+09	
      3711.858	     4.91383e+09	
      3711.915	     4.91355e+09	
      3711.971	     4.91326e+09	
      3712.027	     4.91301e+09	
      3712.084	     4.91270e+09	
      3712.140	     4.91245e+09	
      3712.203	     4.91210e+09	
      3712.252	     4.91188e+09	
      3712.303	     4.91163e+09	
      3712.327	     4.91150e+09	
      3712.331	     4.91147e+09	
      3712.403	     4.91113e+09	
      3712.479	     4.91075e+09	
      3712.631	     4.90996e+09	
      3712.931	     4.90849e+09	
      3713.228	     4.90698e+09	
      3713.531	     4.90547e+09	
      3713.833	     4.90396e+09	
      3714.242	     4.90192e+09	
      3714.420	     4.90104e+09	
      3714.439	     4.90095e+09	
      3714.636	     4.89994e+09	
      3715.030	     4.89799e+09	
      3715.640	     4.89495e+09	
      3716.765	     4.88935e+09	
      3716.790	     4.88923e+09	
      3716.860	     4.88888e+09	
      3716.955	     4.88841e+09	
      3717.145	     4.88747e+09	
      3717.524	     4.88555e+09	
      3718.189	     4.88225e+09	
      3718.259	     4.88191e+09	
      3718.329	     4.88156e+09	
      3718.469	     4.88087e+09	
      3718.556	     4.88043e+09	
      3718.631	     4.88006e+09	
      3718.734	     4.87955e+09	
      3718.749	     4.87949e+09	
      3718.942	     4.87852e+09	
      3719.253	     4.87698e+09	
      3719.474	     4.87588e+09	
      3719.772	     4.87440e+09	
      3720.070	     4.87292e+09	
      3720.356	     4.87151e+09	
      3720.523	     4.87069e+09	
      3720.666	     4.86997e+09	
      3720.976	     4.86843e+09	
      3721.202	     4.86733e+09	
      3721.428	     4.86620e+09	
      3721.542	     4.86564e+09	
      3721.655	     4.86507e+09	
      3721.711	     4.86482e+09	
      3721.768	     4.86454e+09	
      3721.825	     4.86425e+09	
      3721.881	     4.86397e+09	
      3721.938	     4.86369e+09	
      3721.995	     4.86341e+09	
      3722.051	     4.86312e+09	
      3722.108	     4.86284e+09	
      3722.221	     4.86227e+09	
      3722.398	     4.86139e+09	
      3722.447	     4.86117e+09	
      3722.498	     4.86092e+09	
      3722.598	     4.86042e+09	
      3722.695	     4.85995e+09	
      3722.798	     4.85945e+09	
      3722.901	     4.85891e+09	
      3723.107	     4.85791e+09	
      3723.231	     4.85728e+09	
      3723.519	     4.85587e+09	
      3723.807	     4.85445e+09	
      3724.383	     4.85162e+09	
      3725.451	     4.84635e+09	
      3725.534	     4.84594e+09	
      3725.617	     4.84553e+09	
      3725.751	     4.84487e+09	
      3725.783	     4.84471e+09	
      3725.916	     4.84405e+09	
      3725.931	     4.84399e+09	
      3726.115	     4.84308e+09	
      3726.479	     4.84129e+09	
      3727.042	     4.83852e+09	
      3727.366	     4.83692e+09	
      3728.153	     4.83306e+09	
      3728.639	     4.83067e+09	
      3728.940	     4.82922e+09	
      3729.009	     4.82888e+09	
      3729.240	     4.82775e+09	
      3729.842	     4.82480e+09	
      3730.676	     4.82071e+09	
      3732.194	     4.81330e+09	
      3732.344	     4.81254e+09	
      3732.494	     4.81182e+09	
      3732.794	     4.81038e+09	
      3733.352	     4.80764e+09	
      3733.384	     4.80748e+09	
      3733.393	     4.80742e+09	
      3733.402	     4.80739e+09	
      3733.452	     4.80714e+09	
      3733.552	     4.80667e+09	
      3733.648	     4.80620e+09	
      3733.752	     4.80569e+09	
      3733.856	     4.80519e+09	
      3734.004	     4.80447e+09	
      3734.044	     4.80425e+09	
      3734.064	     4.80415e+09	
      3734.084	     4.80406e+09	
      3734.131	     4.80384e+09	
      3734.140	     4.80381e+09	
      3734.164	     4.80368e+09	
      3734.197	     4.80353e+09	
      3734.254	     4.80324e+09	
      3734.311	     4.80296e+09	
      3734.368	     4.80268e+09	
      3734.425	     4.80240e+09	
      3734.482	     4.80214e+09	
      3734.539	     4.80186e+09	
      3734.652	     4.80130e+09	
      3734.829	     4.80045e+09	
      3734.878	     4.80020e+09	
      3734.929	     4.79995e+09	
      3735.029	     4.79947e+09	
      3735.124	     4.79900e+09	
      3735.173	     4.79878e+09	
      3735.229	     4.79850e+09	
      3735.334	     4.79800e+09	
      3735.391	     4.79771e+09	
      3735.495	     4.79721e+09	
      3735.817	     4.79564e+09	
      3736.000	     4.79476e+09	
      3736.243	     4.79357e+09	
      3736.486	     4.79241e+09	
      3736.971	     4.79002e+09	
      3737.826	     4.78590e+09	
      3737.943	     4.78531e+09	
      3738.060	     4.78474e+09	
      3738.294	     4.78361e+09	
      3738.587	     4.78220e+09	
      3738.762	     4.78135e+09	
      3738.937	     4.78050e+09	
      3739.287	     4.77880e+09	
      3739.498	     4.77780e+09	
      3739.987	     4.77544e+09	
      3740.476	     4.77305e+09	
      3741.212	     4.76950e+09	
      3741.453	     4.76834e+09	
      3741.694	     4.76718e+09	
      3742.092	     4.76526e+09	
      3742.176	     4.76485e+09	
      3742.260	     4.76445e+09	
      3742.428	     4.76363e+09	
      3742.671	     4.76247e+09	
      3742.733	     4.76218e+09	
      3742.764	     4.76203e+09	
      3742.795	     4.76187e+09	
      3742.864	     4.76155e+09	
      3742.919	     4.76127e+09	
      3743.167	     4.76008e+09	
      3743.663	     4.75769e+09	
      3744.620	     4.75310e+09	
      3744.654	     4.75292e+09	
      3746.445	     4.74434e+09	
      3747.605	     4.73878e+09	
      3748.269	     4.73557e+09	
      3748.844	     4.73284e+09	
      3748.904	     4.73256e+09	
      3748.934	     4.73240e+09	
      3748.964	     4.73228e+09	
      3748.986	     4.73215e+09	
      3749.084	     4.73168e+09	
      3749.118	     4.73152e+09	
      3749.182	     4.73121e+09	
      3749.378	     4.73030e+09	
      3749.409	     4.73014e+09	
      3749.638	     4.72904e+09	
      3749.753	     4.72851e+09	
      3749.867	     4.72794e+09	
      3749.924	     4.72769e+09	
      3749.981	     4.72741e+09	
      3750.038	     4.72712e+09	
      3750.095	     4.72687e+09	
      3750.152	     4.72659e+09	
      3750.209	     4.72631e+09	
      3750.266	     4.72605e+09	
      3750.323	     4.72577e+09	
      3750.437	     4.72524e+09	
      3750.616	     4.72439e+09	
      3750.665	     4.72414e+09	
      3750.716	     4.72389e+09	
      3750.816	     4.72342e+09	
      3750.910	     4.72298e+09	
      3751.016	     4.72247e+09	
      3751.122	     4.72197e+09	
      3751.334	     4.72097e+09	
      3751.481	     4.72024e+09	
      3751.758	     4.71892e+09	
      3752.035	     4.71760e+09	
      3752.588	     4.71497e+09	
      3753.533	     4.71047e+09	
      3753.696	     4.70972e+09	
      3753.782	     4.70931e+09	
      3753.859	     4.70893e+09	
      3754.185	     4.70739e+09	
      3754.274	     4.70695e+09	
      3754.837	     4.70428e+09	
      3755.892	     4.69929e+09	
      3756.086	     4.69838e+09	
      3757.473	     4.69181e+09	
      3757.509	     4.69162e+09	
      3757.548	     4.69147e+09	
      3758.932	     4.68490e+09	
      3760.390	     4.67802e+09	
      3761.656	     4.67208e+09	
      3762.717	     4.66709e+09	
      3763.233	     4.66467e+09	
      3764.809	     4.65725e+09	
      3765.066	     4.65606e+09	
      3766.902	     4.64745e+09	
      3768.545	     4.63979e+09	
      3768.737	     4.63888e+09	
      3768.929	     4.63800e+09	
      3768.971	     4.63781e+09	
      3769.196	     4.63674e+09	
      3769.313	     4.63621e+09	
      3769.655	     4.63460e+09	
      3769.885	     4.63353e+09	
      3770.114	     4.63247e+09	
      3770.228	     4.63193e+09	
      3770.343	     4.63140e+09	
      3770.401	     4.63115e+09	
      3770.458	     4.63086e+09	
      3770.515	     4.63061e+09	
      3770.573	     4.63033e+09	
      3770.630	     4.63008e+09	
      3770.687	     4.62980e+09	
      3770.745	     4.62955e+09	
      3770.802	     4.62926e+09	
      3770.867	     4.62898e+09	
      3770.916	     4.62873e+09	
      3770.967	     4.62851e+09	
      3770.988	     4.62841e+09	
      3771.003	     4.62832e+09	
      3771.067	     4.62804e+09	
      3771.146	     4.62766e+09	
      3771.304	     4.62694e+09	
      3771.604	     4.62552e+09	
      3771.890	     4.62420e+09	
      3771.951	     4.62392e+09	
      3772.206	     4.62273e+09	
      3772.522	     4.62128e+09	
      3773.154	     4.61833e+09	
      3774.357	     4.61277e+09	
      3775.497	     4.60749e+09	
      3776.762	     4.60165e+09	
      3777.127	     4.59998e+09	
      3778.027	     4.59580e+09	
      3778.399	     4.59411e+09	
      3778.927	     4.59169e+09	
      3780.726	     4.58340e+09	
      3781.844	     4.57827e+09	
      3783.053	     4.57271e+09	
      3783.159	     4.57224e+09	
      3784.263	     4.56718e+09	
      3785.367	     4.56213e+09	
      3786.225	     4.55820e+09	
      3787.401	     4.55283e+09	
      3787.574	     4.55204e+09	
      3788.924	     4.54592e+09	
      3790.447	     4.53897e+09	
      3792.841	     4.52810e+09	
      3793.492	     4.52518e+09	
      3794.143	     4.52223e+09	
      3794.897	     4.51880e+09	
      3795.066	     4.51805e+09	
      3795.444	     4.51635e+09	
      3795.991	     4.51387e+09	
      3796.454	     4.51177e+09	
      3796.916	     4.50969e+09	
      3797.147	     4.50866e+09	
      3797.378	     4.50762e+09	
      3797.494	     4.50709e+09	
      3797.609	     4.50658e+09	
      3797.666	     4.50633e+09	
      3797.724	     4.50605e+09	
      3797.782	     4.50580e+09	
      3797.840	     4.50555e+09	
      3797.898	     4.50530e+09	
      3797.956	     4.50501e+09	
      3798.014	     4.50476e+09	
      3798.072	     4.50451e+09	
      3798.187	     4.50398e+09	
      3798.367	     4.50316e+09	
      3798.416	     4.50294e+09	
      3798.467	     4.50272e+09	
      3798.567	     4.50228e+09	
      3798.655	     4.50187e+09	
      3798.753	     4.50143e+09	
      3798.767	     4.50137e+09	
      3798.837	     4.50105e+09	
      3798.879	     4.50087e+09	
      3798.921	     4.50068e+09	
      3799.046	     4.50011e+09	
      3799.089	     4.49992e+09	
      3799.425	     4.49842e+09	
      3799.471	     4.49820e+09	
      3799.804	     4.49672e+09	
      3800.562	     4.49333e+09	
      3801.653	     4.48842e+09	
      3802.319	     4.48544e+09	
      3803.834	     4.47869e+09	
      3805.349	     4.47193e+09	
      3807.837	     4.46084e+09	
      3808.378	     4.45845e+09	
      3808.919	     4.45607e+09	
      3810.000	     4.45126e+09	
      3811.586	     4.44422e+09	
      3812.164	     4.44168e+09	
      3812.742	     4.43910e+09	
      3813.897	     4.43401e+09	
      3815.777	     4.42572e+09	
      3816.093	     4.42430e+09	
      3816.209	     4.42380e+09	
      3816.641	     4.42189e+09	
      3817.439	     4.41837e+09	
      3817.504	     4.41808e+09	
      3818.916	     4.41186e+09	
      3820.393	     4.40539e+09	
      3822.566	     4.39584e+09	
      3823.346	     4.39245e+09	
      3823.512	     4.39173e+09	
      3824.126	     4.38902e+09	
      3825.685	     4.38221e+09	
      3826.804	     4.37734e+09	
      3827.859	     4.37275e+09	
      3828.914	     4.36816e+09	
      3830.454	     4.36147e+09	
      3831.023	     4.35899e+09	
      3831.592	     4.35651e+09	
      3832.001	     4.35475e+09	
      3832.525	     4.35249e+09	
      3832.730	     4.35161e+09	
      3833.458	     4.34844e+09	
      3833.925	     4.34642e+09	
      3834.392	     4.34441e+09	
      3834.626	     4.34341e+09	
      3834.859	     4.34240e+09	
      3834.975	     4.34190e+09	
      3835.092	     4.34140e+09	
      3835.151	     4.34115e+09	
      3835.209	     4.34090e+09	
      3835.267	     4.34064e+09	
      3835.326	     4.34039e+09	
      3835.384	     4.34014e+09	
      3835.442	     4.33992e+09	
      3835.501	     4.33967e+09	
      3835.559	     4.33942e+09	
      3835.626	     4.33914e+09	
      3835.675	     4.33892e+09	
      3835.726	     4.33870e+09	
      3835.743	     4.33863e+09	
      3835.774	     4.33848e+09	
      3835.826	     4.33826e+09	
      3835.909	     4.33791e+09	
      3836.075	     4.33719e+09	
      3836.376	     4.33593e+09	
      3836.646	     4.33477e+09	
      3836.977	     4.33336e+09	
      3837.029	     4.33314e+09	
      3837.308	     4.33194e+09	
      3837.970	     4.32911e+09	
      3838.647	     4.32626e+09	
      3838.911	     4.32512e+09	
      3839.175	     4.32399e+09	
      3839.703	     4.32176e+09	
      3840.758	     4.31702e+09	
      3842.753	     4.30860e+09	
      3842.831	     4.30825e+09	
      3842.870	     4.30810e+09	
      3842.909	     4.30794e+09	
      3843.065	     4.30728e+09	
      3843.377	     4.30596e+09	
      3844.001	     4.30332e+09	
      3844.588	     4.30084e+09	
      3845.248	     4.29804e+09	
      3845.547	     4.29679e+09	
      3845.908	     4.29528e+09	
      3847.228	     4.28972e+09	
      3847.442	     4.28881e+09	
      3848.908	     4.28265e+09	
      3850.375	     4.27649e+09	
      3851.976	     4.26980e+09	
      3853.308	     4.26421e+09	
      3854.640	     4.25862e+09	
      3855.701	     4.25416e+09	
      3857.303	     4.24743e+09	
      3858.906	     4.24074e+09	
      3862.006	     4.22780e+09	
      3862.111	     4.22736e+09	
      3862.216	     4.22692e+09	
      3862.426	     4.22604e+09	
      3862.846	     4.22428e+09	
      3863.685	     4.22079e+09	
      3865.170	     4.21460e+09	
      3865.365	     4.21379e+09	
      3865.560	     4.21297e+09	
      3865.950	     4.21134e+09	
      3866.730	     4.20807e+09	
      3867.675	     4.20414e+09	
      3868.289	     4.20157e+09	
      3868.903	     4.19902e+09	
      3870.131	     4.19390e+09	
      3871.324	     4.18897e+09	
      3872.586	     4.18372e+09	
      3873.848	     4.17844e+09	
      3876.324	     4.16817e+09	
      3876.368	     4.16798e+09	
      3876.371	     4.16798e+09	
      3876.374	     4.16795e+09	
      3876.424	     4.16776e+09	
      3876.524	     4.16732e+09	
      3876.724	     4.16651e+09	
      3876.947	     4.16559e+09	
      3877.124	     4.16487e+09	
      3877.924	     4.16154e+09	
      3878.900	     4.15752e+09	
      3880.290	     4.15177e+09	
      3880.854	     4.14945e+09	
      3881.418	     4.14712e+09	
      3882.546	     4.14247e+09	
      3884.398	     4.13487e+09	
      3884.801	     4.13320e+09	
      3884.923	     4.13270e+09	
      3885.204	     4.13157e+09	
      3886.010	     4.12827e+09	
      3886.151	     4.12771e+09	
      3887.096	     4.12384e+09	
      3887.568	     4.12196e+09	
      3888.042	     4.12004e+09	
      3888.280	     4.11910e+09	
      3888.516	     4.11816e+09	
      3888.633	     4.11769e+09	
      3888.752	     4.11721e+09	
      3888.844	     4.11684e+09	
      3888.866	     4.11674e+09	
      3888.871	     4.11674e+09	
      3888.898	     4.11662e+09	
      3888.930	     4.11649e+09	
      3888.989	     4.11627e+09	
      3889.048	     4.11602e+09	
      3889.107	     4.11580e+09	
      3889.166	     4.11555e+09	
      3889.225	     4.11533e+09	
      3889.294	     4.11505e+09	
      3889.343	     4.11486e+09	
      3889.394	     4.11467e+09	
      3889.408	     4.11461e+09	
      3889.450	     4.11445e+09	
      3889.494	     4.11426e+09	
      3889.580	     4.11392e+09	
      3889.752	     4.11326e+09	
      3890.054	     4.11206e+09	
      3890.315	     4.11106e+09	
      3890.474	     4.11043e+09	
      3890.657	     4.10971e+09	
      3890.999	     4.10839e+09	
      3891.683	     4.10572e+09	
      3892.892	     4.10107e+09	
      3893.942	     4.09705e+09	
      3894.458	     4.09507e+09	
      3895.309	     4.09180e+09	
      3896.219	     4.08831e+09	
      3896.677	     4.08655e+09	
      3898.895	     4.07807e+09	
      3899.603	     4.07537e+09	
      3901.572	     4.06786e+09	
      3903.894	     4.05900e+09	
      3904.248	     4.05768e+09	
      3908.893	     4.03999e+09	
      3913.891	     4.02096e+09	
      3918.890	     4.00179e+09	
      3923.889	     3.98247e+09	
      3928.216	     3.96563e+09	
      3928.353	     3.96510e+09	
      3928.887	     3.96302e+09	
      3929.559	     3.96042e+09	
      3930.903	     3.95523e+09	
      3933.453	     3.94527e+09	
      3935.810	     3.93601e+09	
      3937.347	     3.92985e+09	
      3938.885	     3.92369e+09	
      3940.036	     3.91917e+09	
      3941.960	     3.91153e+09	
      3943.883	     3.90387e+09	
      3946.579	     3.89312e+09	
      3947.730	     3.88847e+09	
      3948.882	     3.88379e+09	
      3950.653	     3.87657e+09	
      3951.015	     3.87512e+09	
      3951.186	     3.87446e+09	
      3951.718	     3.87233e+09	
      3952.784	     3.86802e+09	
      3954.554	     3.86092e+09	
      3957.306	     3.84974e+09	
      3958.093	     3.84657e+09	
      3958.624	     3.84446e+09	
      3958.880	     3.84342e+09	
      3960.453	     3.83711e+09	
      3962.283	     3.82979e+09	
      3965.737	     3.81625e+09	
      3965.942	     3.81543e+09	
      3966.147	     3.81465e+09	
      3966.557	     3.81308e+09	
      3966.675	     3.81261e+09	
      3967.279	     3.81025e+09	
      3967.376	     3.80987e+09	
      3968.078	     3.80717e+09	
      3968.709	     3.80475e+09	
      3968.877	     3.80412e+09	
      3969.045	     3.80346e+09	
      3969.234	     3.80274e+09	
      3969.287	     3.80255e+09	
      3969.381	     3.80218e+09	
      3969.528	     3.80164e+09	
      3969.648	     3.80117e+09	
      3969.769	     3.80073e+09	
      3969.830	     3.80051e+09	
      3969.890	     3.80029e+09	
      3969.950	     3.80007e+09	
      3970.011	     3.79985e+09	
      3970.071	     3.79963e+09	
      3970.131	     3.79944e+09	
      3970.192	     3.79922e+09	
      3970.252	     3.79903e+09	
      3970.323	     3.79878e+09	
      3970.372	     3.79863e+09	
      3970.423	     3.79847e+09	
      3970.432	     3.79844e+09	
      3970.495	     3.79825e+09	
      3970.523	     3.79815e+09	
      3970.613	     3.79787e+09	
      3970.795	     3.79731e+09	
      3971.096	     3.79639e+09	
      3971.333	     3.79564e+09	
      3971.591	     3.79486e+09	
      3971.698	     3.79451e+09	
      3972.063	     3.79341e+09	
      3972.793	     3.79115e+09	
      3973.995	     3.78750e+09	
      3974.936	     3.78465e+09	
      3976.398	     3.78025e+09	
      3976.845	     3.77890e+09	
      3977.860	     3.77588e+09	
      3978.874	     3.77286e+09	
      3979.577	     3.77082e+09	
      3980.904	     3.76693e+09	
      3982.230	     3.76303e+09	
      3984.180	     3.75738e+09	
      3984.884	     3.75533e+09	
      3985.119	     3.75464e+09	
      3985.588	     3.75329e+09	
      3986.995	     3.74915e+09	
      3988.872	     3.74362e+09	
      3991.379	     3.73626e+09	
      3992.625	     3.73259e+09	
      3993.854	     3.72894e+09	
      3993.870	     3.72891e+09	
      3996.362	     3.72137e+09	
      3998.869	     3.71377e+09	
      4003.868	     3.69847e+09	
      4008.866	     3.68276e+09	
      4013.865	     3.66677e+09	
      4018.864	     3.65066e+09	
      4023.863	     3.63413e+09	
      4025.341	     3.62914e+09	
      4028.861	     3.61710e+09	
      4032.381	     3.60482e+09	
      4032.946	     3.60284e+09	
      4033.860	     3.59957e+09	
      4035.902	     3.59241e+09	
      4038.859	     3.58192e+09	
      4043.857	     3.56363e+09	
      4048.856	     3.54504e+09	
      4053.855	     3.52540e+09	
      4058.853	     3.50432e+09	
      4063.852	     3.48409e+09	
      4068.851	     3.46266e+09	
      4073.849	     3.44014e+09	
      4075.421	     3.43304e+09	
      4078.848	     3.41796e+09	
      4082.275	     3.40191e+09	
      4082.559	     3.40062e+09	
      4084.004	     3.39389e+09	
      4085.702	     3.38607e+09	
      4088.845	     3.37118e+09	
      4089.695	     3.36713e+09	
      4093.687	     3.34837e+09	
      4096.515	     3.33634e+09	
      4097.679	     3.33185e+09	
      4098.010	     3.33059e+09	
      4098.678	     3.32830e+09	
      4098.843	     3.32776e+09	
      4099.676	     3.32512e+09	
      4100.174	     3.32371e+09	
      4100.673	     3.32242e+09	
      4100.922	     3.32186e+09	
      4101.172	     3.32132e+09	
      4101.297	     3.32104e+09	
      4101.422	     3.32076e+09	
      4101.485	     3.32063e+09	
      4101.547	     3.32047e+09	
      4101.609	     3.32032e+09	
      4101.672	     3.32016e+09	
      4101.734	     3.31997e+09	
      4101.797	     3.31982e+09	
      4101.859	     3.31963e+09	
      4101.922	     3.31941e+09	
      4102.047	     3.31900e+09	
      4102.296	     3.31812e+09	
      4102.745	     3.31658e+09	
      4102.794	     3.31642e+09	
      4102.845	     3.31627e+09	
      4102.945	     3.31595e+09	
      4103.145	     3.31532e+09	
      4103.296	     3.31485e+09	
      4103.545	     3.31413e+09	
      4103.794	     3.31344e+09	
      4104.291	     3.31215e+09	
      4104.785	     3.31099e+09	
      4105.287	     3.30986e+09	
      4105.789	     3.30885e+09	
      4106.793	     3.30700e+09	
      4108.680	     3.30423e+09	
      4108.760	     3.30411e+09	
      4108.800	     3.30404e+09	
      4108.840	     3.30401e+09	
      4108.859	     3.30398e+09	
      4109.000	     3.30379e+09	
      4109.320	     3.30332e+09	
      4109.781	     3.30272e+09	
      4110.703	     3.30178e+09	
      4111.319	     3.30119e+09	
      4112.546	     3.29983e+09	
      4113.774	     3.29867e+09	
      4114.693	     3.29782e+09	
      4116.229	     3.29641e+09	
      4116.694	     3.29594e+09	
      4117.766	     3.29478e+09	
      4118.126	     3.29434e+09	
      4118.838	     3.29346e+09	
      4120.981	     3.29123e+09	
      4123.836	     3.28824e+09	
      4126.144	     3.28535e+09	
      4128.835	     3.28149e+09	
      4129.605	     3.28067e+09	
      4131.526	     3.27835e+09	
      4133.834	     3.27527e+09	
      4134.219	     3.27480e+09	
      4138.832	     3.26801e+09	
      4143.831	     3.25937e+09	
      4148.830	     3.25139e+09	
      4153.828	     3.24216e+09	
      4158.827	     3.23185e+09	
      4163.826	     3.22114e+09	
      4168.824	     3.20980e+09	
      4173.823	     3.19830e+09	
      4178.822	     3.18633e+09	
      4183.820	     3.17398e+09	
      4188.819	     3.16132e+09	
      4193.818	     3.14844e+09	
      4198.817	     3.13549e+09	
      4203.815	     3.12233e+09	
      4208.814	     3.10895e+09	
      4213.813	     3.09538e+09	
      4216.525	     3.08792e+09	
      4217.242	     3.08595e+09	
      4218.811	     3.08160e+09	
      4221.098	     3.07522e+09	
      4223.810	     3.06759e+09	
      4224.954	     3.06435e+09	
      4228.809	     3.05333e+09	
      4233.807	     3.03874e+09	
      4238.806	     3.02367e+09	
      4243.805	     3.00811e+09	
      4248.803	     2.99198e+09	
      4253.802	     2.97585e+09	
      4258.801	     2.95900e+09	
      4263.799	     2.94126e+09	
      4268.798	     2.92236e+09	
      4273.797	     2.90224e+09	
      4278.795	     2.88164e+09	
      4283.794	     2.85996e+09	
      4288.793	     2.83836e+09	
      4293.791	     2.81462e+09	
      4298.790	     2.78903e+09	
      4303.789	     2.76509e+09	
      4308.788	     2.74016e+09	
      4313.786	     2.71244e+09	
      4314.073	     2.71112e+09	
      4318.785	     2.68745e+09	
      4320.854	     2.67570e+09	
      4323.497	     2.66081e+09	
      4326.139	     2.64613e+09	
      4326.475	     2.64414e+09	
      4328.782	     2.63031e+09	
      4330.233	     2.62181e+09	
      4331.090	     2.61620e+09	
      4331.149	     2.61580e+09	
      4331.946	     2.61053e+09	
      4333.660	     2.59894e+09	
      4334.060	     2.59618e+09	
      4336.171	     2.58044e+09	
      4337.786	     2.56653e+09	
      4338.220	     2.56263e+09	
      4338.283	     2.56197e+09	
      4338.780	     2.55676e+09	
      4338.812	     2.55646e+09	
      4339.339	     2.55081e+09	
      4339.602	     2.54774e+09	
      4339.867	     2.54454e+09	
      4340.001	     2.54295e+09	
      4340.132	     2.54150e+09	
      4340.197	     2.54084e+09	
      4340.263	     2.54027e+09	
      4340.329	     2.53980e+09	
      4340.395	     2.53944e+09	
      4340.461	     2.53922e+09	
      4340.527	     2.53916e+09	
      4340.593	     2.53924e+09	
      4340.659	     2.53943e+09	
      4340.791	     2.54010e+09	
      4341.005	     2.54163e+09	
      4341.055	     2.54202e+09	
      4341.105	     2.54245e+09	
      4341.205	     2.54321e+09	
      4341.227	     2.54336e+09	
      4341.238	     2.54343e+09	
      4341.405	     2.54474e+09	
      4341.583	     2.54603e+09	
      4341.939	     2.54844e+09	
      4342.640	     2.55266e+09	
      4343.330	     2.55615e+09	
      4343.570	     2.55737e+09	
      4344.041	     2.55931e+09	
      4344.752	     2.56200e+09	
      4346.174	     2.56674e+09	
      4348.578	     2.57261e+09	
      4348.777	     2.57312e+09	
      4348.976	     2.57360e+09	
      4349.374	     2.57449e+09	
      4350.170	     2.57626e+09	
      4350.322	     2.57658e+09	
      4351.761	     2.57895e+09	
      4353.201	     2.58069e+09	
      4354.734	     2.58337e+09	
      4356.077	     2.58509e+09	
      4356.080	     2.58509e+09	
      4357.426	     2.58629e+09	
      4358.774	     2.58803e+09	
      4359.170	     2.58846e+09	
      4361.472	     2.59079e+09	
      4363.773	     2.59267e+09	
      4367.980	     2.59454e+09	
      4368.376	     2.59504e+09	
      4368.524	     2.59522e+09	
      4368.772	     2.59550e+09	
      4369.563	     2.59634e+09	
      4371.147	     2.59767e+09	
      4373.770	     2.59929e+09	
      4378.769	     2.60058e+09	
      4383.768	     2.60104e+09	
      4388.766	     2.60298e+09	
      4393.765	     2.60235e+09	
      4398.764	     2.59986e+09	
      4403.762	     2.59789e+09	
      4408.761	     2.59444e+09	
      4413.760	     2.59054e+09	
      4418.758	     2.58532e+09	
      4423.757	     2.57914e+09	
      4428.756	     2.57218e+09	
      4433.754	     2.56476e+09	
      4438.753	     2.55719e+09	
      4443.752	     2.54913e+09	
      4448.751	     2.54065e+09	
      4453.749	     2.53181e+09	
      4458.748	     2.52274e+09	
      4463.747	     2.51349e+09	
      4468.745	     2.50412e+09	
      4473.744	     2.49464e+09	
      4478.743	     2.48508e+09	
      4483.741	     2.47545e+09	
      4488.740	     2.46577e+09	
      4493.739	     2.45607e+09	
      4498.737	     2.44634e+09	
      4503.736	     2.43659e+09	
      4508.735	     2.42684e+09	
      4513.733	     2.41708e+09	
      4514.118	     2.41633e+09	
      4518.732	     2.40733e+09	
      4523.346	     2.39834e+09	
      4527.190	     2.39086e+09	
      4527.960	     2.38936e+09	
      4528.729	     2.38787e+09	
      4530.269	     2.38487e+09	
      4532.968	     2.37963e+09	
      4533.288	     2.37901e+09	
      4533.348	     2.37890e+09	
      4533.728	     2.37816e+09	
      4534.488	     2.37669e+09	
      4536.007	     2.37374e+09	
      4538.727	     2.36847e+09	
      4543.725	     2.35881e+09	
      4548.724	     2.34917e+09	
      4553.723	     2.33955e+09	
      4558.721	     2.32997e+09	
      4563.720	     2.32041e+09	
      4568.719	     2.31087e+09	
      4573.717	     2.30137e+09	
      4578.716	     2.29190e+09	
      4583.715	     2.28246e+09	
      4588.713	     2.27305e+09	
      4593.712	     2.26367e+09	
      4596.529	     2.25839e+09	
      4596.984	     2.25754e+09	
      4598.711	     2.25431e+09	
      4600.892	     2.25024e+09	
      4603.709	     2.24502e+09	
      4604.800	     2.24299e+09	
      4608.708	     2.23572e+09	
      4613.707	     2.22646e+09	
      4618.705	     2.21721e+09	
      4623.704	     2.20800e+09	
      4628.703	     2.19881e+09	
      4633.701	     2.18963e+09	
      4638.700	     2.18047e+09	
      4643.699	     2.17132e+09	
      4648.697	     2.16218e+09	
      4653.696	     2.15306e+09	
      4658.695	     2.14395e+09	
      4663.694	     2.13484e+09	
      4668.692	     2.12573e+09	
      4673.691	     2.11662e+09	
      4678.690	     2.10749e+09	
      4683.688	     2.09836e+09	
      4688.687	     2.08919e+09	
      4693.686	     2.07999e+09	
      4698.684	     2.07071e+09	
      4703.683	     2.06138e+09	
      4708.682	     2.05198e+09	
      4713.680	     2.04248e+09	
      4715.603	     2.03880e+09	
      4718.679	     2.03292e+09	
      4720.984	     2.02849e+09	
      4721.755	     2.02700e+09	
      4723.678	     2.02327e+09	
      4724.830	     2.02103e+09	
      4728.676	     2.01349e+09	
      4733.675	     2.00353e+09	
      4738.674	     1.99340e+09	
      4743.672	     1.98305e+09	
      4748.671	     1.97243e+09	
      4753.670	     1.96148e+09	
      4758.668	     1.95031e+09	
      4763.667	     1.93877e+09	
      4768.666	     1.92677e+09	
      4773.664	     1.91481e+09	
      4778.663	     1.90243e+09	
      4783.662	     1.88943e+09	
      4788.660	     1.87576e+09	
      4793.659	     1.86125e+09	
      4798.658	     1.84631e+09	
      4803.656	     1.83049e+09	
      4808.655	     1.81482e+09	
      4813.654	     1.79784e+09	
      4818.652	     1.77933e+09	
      4823.651	     1.76070e+09	
      4828.650	     1.74115e+09	
      4833.648	     1.71929e+09	
      4834.972	     1.71342e+09	
      4838.647	     1.69765e+09	
      4839.161	     1.69536e+09	
      4842.322	     1.68036e+09	
      4845.483	     1.66507e+09	
      4845.503	     1.66498e+09	
      4847.054	     1.65768e+09	
      4848.644	     1.64943e+09	
      4851.785	     1.63382e+09	
      4854.393	     1.62039e+09	
      4856.517	     1.61029e+09	
      4858.401	     1.60486e+09	
      4858.642	     1.60474e+09	
      4858.664	     1.60472e+09	
      4858.883	     1.60447e+09	
      4859.364	     1.60518e+09	
      4859.473	     1.60548e+09	
      4860.065	     1.60837e+09	
      4860.361	     1.61086e+09	
      4860.657	     1.61475e+09	
      4860.805	     1.61728e+09	
      4860.953	     1.61992e+09	
      4861.027	     1.62114e+09	
      4861.101	     1.62227e+09	
      4861.175	     1.62317e+09	
      4861.248	     1.62369e+09	
      4861.322	     1.62382e+09	
      4861.396	     1.62351e+09	
      4861.470	     1.62279e+09	
      4861.543	     1.62173e+09	
      4861.641	     1.61997e+09	
      4861.687	     1.61910e+09	
      4861.689	     1.61906e+09	
      4861.691	     1.61902e+09	
      4861.695	     1.61893e+09	
      4861.741	     1.61798e+09	
      4861.841	     1.61598e+09	
      4861.979	     1.61328e+09	
      4861.987	     1.61313e+09	
      4862.279	     1.60858e+09	
      4862.579	     1.60533e+09	
      4862.596	     1.60515e+09	
      4863.178	     1.60097e+09	
      4863.761	     1.59858e+09	
      4864.927	     1.59752e+09	
      4865.991	     1.59862e+09	
      4866.059	     1.59865e+09	
      4866.093	     1.59866e+09	
      4866.127	     1.59867e+09	
      4866.263	     1.59872e+09	
      4866.535	     1.59948e+09	
      4867.078	     1.60090e+09	
      4867.693	     1.60240e+09	
      4868.166	     1.60334e+09	
      4868.311	     1.60370e+09	
      4868.639	     1.60445e+09	
      4869.585	     1.60688e+09	
      4870.858	     1.61049e+09	
      4872.064	     1.61300e+09	
      4873.406	     1.61663e+09	
      4874.747	     1.62030e+09	
      4876.225	     1.62386e+09	
      4876.951	     1.62527e+09	
      4877.431	     1.62618e+09	
      4878.636	     1.62856e+09	
      4880.322	     1.63273e+09	
      4882.908	     1.63829e+09	
      4883.461	     1.63934e+09	
      4883.635	     1.63966e+09	
      4883.693	     1.63976e+09	
      4884.478	     1.64113e+09	
      4886.047	     1.64383e+09	
      4888.634	     1.64783e+09	
      4893.632	     1.65620e+09	
      4898.631	     1.66202e+09	
      4903.630	     1.66675e+09	
      4908.628	     1.67104e+09	
      4913.627	     1.67380e+09	
      4915.550	     1.67448e+09	
      4918.240	     1.67511e+09	
      4918.626	     1.67517e+09	
      4921.701	     1.67598e+09	
      4923.624	     1.67638e+09	
      4925.162	     1.67659e+09	
      4928.623	     1.67673e+09	
      4933.622	     1.67651e+09	
      4938.620	     1.67546e+09	
      4943.619	     1.67370e+09	
      4948.618	     1.67132e+09	
      4953.616	     1.66846e+09	
      4958.615	     1.66555e+09	
      4963.614	     1.66220e+09	
      4968.612	     1.65846e+09	
      4973.611	     1.65451e+09	
      4978.610	     1.65025e+09	
      4983.608	     1.64573e+09	
      4988.607	     1.64100e+09	
      4993.606	     1.63611e+09	
      4998.604	     1.63106e+09	
      5003.603	     1.62588e+09	
      5008.602	     1.62061e+09	
      5013.600	     1.61528e+09	
      5018.599	     1.60987e+09	
      5023.598	     1.60439e+09	
      5028.596	     1.59885e+09	
      5033.595	     1.59327e+09	
      5038.594	     1.58764e+09	
      5043.592	     1.58200e+09	
      5048.591	     1.57634e+09	
      5053.590	     1.57066e+09	
      5058.588	     1.56499e+09	
      5063.587	     1.55930e+09	
      5068.586	     1.55362e+09	
      5073.584	     1.54795e+09	
      5078.583	     1.54228e+09	
      5083.582	     1.53662e+09	
      5088.580	     1.53097e+09	
      5093.579	     1.52533e+09	
      5098.578	     1.51970e+09	
      5103.576	     1.51408e+09	
      5108.575	     1.50848e+09	
      5113.574	     1.50290e+09	
      5118.572	     1.49734e+09	
      5123.571	     1.49179e+09	
      5128.570	     1.48627e+09	
      5133.568	     1.48076e+09	
      5138.567	     1.47528e+09	
      5143.566	     1.46982e+09	
      5148.564	     1.46437e+09	
      5153.563	     1.45896e+09	
      5158.562	     1.45356e+09	
      5163.560	     1.44818e+09	
      5168.559	     1.44282e+09	
      5173.558	     1.43749e+09	
      5178.556	     1.43218e+09	
      5183.555	     1.42689e+09	
      5188.554	     1.42163e+09	
      5193.552	     1.41638e+09	
      5198.551	     1.41116e+09	
      5203.550	     1.40596e+09	
      5208.548	     1.40079e+09	
      5213.547	     1.39563e+09	
      5218.546	     1.39050e+09	
      5223.544	     1.38539e+09	
      5228.543	     1.38030e+09	
      5233.542	     1.37523e+09	
      5238.540	     1.37019e+09	
      5243.539	     1.36517e+09	
      5248.537	     1.36017e+09	
      5253.536	     1.35519e+09	
      5258.535	     1.35024e+09	
      5263.533	     1.34530e+09	
      5268.532	     1.34039e+09	
      5273.531	     1.33550e+09	
      5278.529	     1.33063e+09	
      5283.528	     1.32579e+09	
      5288.527	     1.32096e+09	
      5293.525	     1.31615e+09	
      5298.524	     1.31137e+09	
      5303.523	     1.30661e+09	
      5308.521	     1.30187e+09	
      5313.520	     1.29715e+09	
      5318.519	     1.29245e+09	
      5323.517	     1.28778e+09	
      5328.516	     1.28312e+09	
      5333.515	     1.27848e+09	
      5338.513	     1.27387e+09	
      5343.512	     1.26927e+09	
      5348.511	     1.26470e+09	
      5353.509	     1.26014e+09	
      5358.508	     1.25561e+09	
      5363.507	     1.25125e+09	
      5368.505	     1.24675e+09	
      5373.504	     1.24227e+09	
      5378.503	     1.23781e+09	
      5383.501	     1.23337e+09	
      5388.500	     1.22895e+09	
      5393.499	     1.22455e+09	
      5398.497	     1.22017e+09	
      5403.496	     1.21581e+09	
      5408.495	     1.21147e+09	
      5413.493	     1.20715e+09	
      5418.492	     1.20284e+09	
      5423.491	     1.19856e+09	
      5428.489	     1.19430e+09	
      5433.488	     1.19005e+09	
      5438.487	     1.18582e+09	
      5443.485	     1.18161e+09	
      5448.484	     1.17742e+09	
      5453.483	     1.17325e+09	
      5458.481	     1.16910e+09	
      5463.480	     1.16496e+09	
      5468.479	     1.16084e+09	
      5473.477	     1.15674e+09	
      5478.476	     1.15266e+09	
      5483.475	     1.14860e+09	
      5488.473	     1.14456e+09	
      5493.472	     1.14053e+09	
      5498.471	     1.13652e+09	
      5503.469	     1.13253e+09	
      5508.468	     1.12855e+09	
      5513.466	     1.12460e+09	
      5518.465	     1.12066e+09	
      5523.464	     1.11674e+09	
      5528.462	     1.11283e+09	
      5533.461	     1.10894e+09	
      5538.460	     1.10507e+09	
      5543.458	     1.10122e+09	
      5548.457	     1.09738e+09	
      5553.456	     1.09356e+09	
      5558.454	     1.08975e+09	
      5563.453	     1.08596e+09	
      5568.452	     1.08219e+09	
      5573.450	     1.07844e+09	
      5578.449	     1.07470e+09	
      5583.448	     1.07098e+09	
      5588.446	     1.06727e+09	
      5593.445	     1.06358e+09	
      5598.444	     1.05990e+09	
      5603.442	     1.05625e+09	
      5608.441	     1.05260e+09	
      5613.440	     1.04897e+09	
      5618.438	     1.04536e+09	
      5623.437	     1.04177e+09	
      5628.436	     1.03819e+09	
      5633.434	     1.03462e+09	
      5638.433	     1.03107e+09	
      5643.432	     1.02754e+09	
      5648.430	     1.02401e+09	
      5653.429	     1.02051e+09	
      5658.428	     1.01702e+09	
      5663.426	     1.01355e+09	
      5668.425	     1.01051e+09	
      5673.424	     1.00706e+09	
      5673.979	     1.00668e+09	
      5678.422	     1.00362e+09	
      5682.865	     1.00058e+09	
      5686.198	     9.98307e+08	
      5687.309	     9.97550e+08	
      5687.864	     9.97173e+08	
      5688.420	     9.96796e+08	
      5690.641	     9.95288e+08	
      5693.418	     9.93403e+08	
      5698.417	     9.90026e+08	
      5703.415	     9.86661e+08	
      5704.770	     9.85753e+08	
      5708.414	     9.83312e+08	
      5708.882	     9.83001e+08	
      5712.058	     9.80881e+08	
      5713.413	     9.79979e+08	
      5715.234	     9.78766e+08	
      5718.411	     9.76658e+08	
      5723.410	     9.73350e+08	
      5728.409	     9.70058e+08	
      5733.407	     9.66781e+08	
      5738.406	     9.63514e+08	
      5743.405	     9.60265e+08	
      5748.403	     9.57027e+08	
      5753.402	     9.53803e+08	
      5758.401	     9.50593e+08	
      5763.399	     9.47300e+08	
      5768.398	     9.44118e+08	
      5773.397	     9.40948e+08	
      5778.395	     9.37791e+08	
      5783.394	     9.34646e+08	
      5788.393	     9.31514e+08	
      5793.391	     9.28397e+08	
      5798.390	     9.25290e+08	
      5803.389	     9.22199e+08	
      5808.387	     9.19120e+08	
      5813.386	     9.16054e+08	
      5818.385	     9.13000e+08	
      5823.383	     9.09959e+08	
      5828.382	     9.06931e+08	
      5833.381	     9.03915e+08	
      5838.379	     9.00911e+08	
      5843.378	     8.97921e+08	
      5848.377	     8.94942e+08	
      5853.375	     8.91977e+08	
      5858.374	     8.89024e+08	
      5863.372	     8.86083e+08	
      5868.371	     8.83152e+08	
      5873.370	     8.80237e+08	
      5878.368	     8.77331e+08	
      5883.367	     8.74437e+08	
      5888.366	     8.71556e+08	
      5893.364	     8.68685e+08	
      5898.363	     8.65826e+08	
      5903.362	     8.62980e+08	
      5908.360	     8.60146e+08	
      5913.359	     8.57322e+08	
      5918.358	     8.54510e+08	
      5923.356	     8.51711e+08	
      5928.355	     8.48921e+08	
      5933.354	     8.46144e+08	
      5938.352	     8.43376e+08	
      5943.351	     8.40621e+08	
      5948.350	     8.37878e+08	
      5953.348	     8.35145e+08	
      5958.347	     8.32422e+08	
      5963.346	     8.29710e+08	
      5968.344	     8.27012e+08	
      5973.343	     8.24322e+08	
      5978.342	     8.21643e+08	
      5983.340	     8.18976e+08	
      5988.339	     8.16318e+08	
      5993.338	     8.13672e+08	
      5998.336	     8.11034e+08	
      6003.335	     8.08410e+08	
      6008.333	     8.05797e+08	
      6013.332	     8.03192e+08	
      6018.331	     8.00597e+08	
      6023.329	     7.98015e+08	
      6028.328	     7.95442e+08	
      6033.327	     7.92878e+08	
      6038.325	     7.90324e+08	
      6043.324	     7.87783e+08	
      6048.323	     7.85247e+08	
      6053.321	     7.82725e+08	
      6058.320	     7.80211e+08	
      6063.319	     7.77708e+08	
      6068.317	     7.75216e+08	
      6073.316	     7.72731e+08	
      6078.315	     7.70256e+08	
      6083.313	     7.67790e+08	
      6088.312	     7.65336e+08	
      6093.311	     7.62889e+08	
      6098.309	     7.60454e+08	
      6103.308	     7.58025e+08	
      6108.307	     7.55606e+08	
      6113.305	     7.53197e+08	
      6118.304	     7.50800e+08	
      6123.303	     7.48406e+08	
      6128.301	     7.46025e+08	
      6133.300	     7.43653e+08	
      6138.298	     7.41287e+08	
      6143.297	     7.38934e+08	
      6148.296	     7.36587e+08	
      6153.294	     7.34250e+08	
      6158.293	     7.31922e+08	
      6163.292	     7.29600e+08	
      6168.290	     7.27288e+08	
      6173.289	     7.24985e+08	
      6178.288	     7.22689e+08	
      6183.286	     7.20402e+08	
      6188.285	     7.18121e+08	
      6193.284	     7.15850e+08	
      6198.282	     7.13588e+08	
      6203.281	     7.11332e+08	
      6208.280	     7.09086e+08	
      6213.278	     7.06846e+08	
      6218.277	     7.04612e+08	
      6223.276	     7.02388e+08	
      6228.274	     7.00170e+08	
      6233.273	     6.97961e+08	
      6238.272	     6.95756e+08	
      6243.270	     6.93560e+08	
      6244.381	     6.93073e+08	
      6248.269	     6.91370e+08	
      6252.157	     6.89671e+08	
      6253.821	     6.88945e+08	
      6256.044	     6.87977e+08	
      6258.266	     6.87010e+08	
      6262.157	     6.85320e+08	
      6262.711	     6.85081e+08	
      6263.265	     6.84839e+08	
      6264.372	     6.84358e+08	
      6264.912	     6.84126e+08	
      6266.588	     6.83400e+08	
      6268.263	     6.82674e+08	
      6269.967	     6.81939e+08	
      6271.615	     6.81226e+08	
      6273.262	     6.80516e+08	
      6274.854	     6.79831e+08	
      6276.557	     6.79096e+08	
      6278.261	     6.78364e+08	
      6280.076	     6.77582e+08	
      6281.668	     6.76900e+08	
      6283.259	     6.76215e+08	
      6284.627	     6.75628e+08	
      6286.443	     6.74852e+08	
      6288.258	     6.74073e+08	
      6290.521	     6.73105e+08	
      6291.889	     6.72518e+08	
      6293.257	     6.71933e+08	
      6293.729	     6.71732e+08	
      6295.992	     6.70768e+08	
      6298.255	     6.69806e+08	
      6302.310	     6.68082e+08	
      6302.782	     6.67881e+08	
      6303.254	     6.67680e+08	
      6303.918	     6.67400e+08	
      6304.198	     6.67281e+08	
      6306.085	     6.66479e+08	
      6308.253	     6.65559e+08	
      6311.924	     6.64007e+08	
      6312.587	     6.63724e+08	
      6313.251	     6.63445e+08	
      6314.579	     6.62882e+08	
      6316.219	     6.62188e+08	
      6317.234	     6.61761e+08	
      6317.314	     6.61726e+08	
      6318.250	     6.61330e+08	
      6320.281	     6.60473e+08	
      6323.249	     6.59222e+08	
      6328.247	     6.57114e+08	
      6333.246	     6.55010e+08	
      6338.245	     6.52917e+08	
      6343.243	     6.50822e+08	
      6348.242	     6.48729e+08	
      6353.241	     6.46637e+08	
      6358.239	     6.44545e+08	
      6363.238	     6.42453e+08	
      6368.236	     6.40360e+08	
      6373.235	     6.38265e+08	
      6378.234	     6.36163e+08	
      6383.232	     6.34058e+08	
      6388.231	     6.31947e+08	
      6393.230	     6.29830e+08	
      6398.228	     6.27700e+08	
      6403.227	     6.25557e+08	
      6408.226	     6.23405e+08	
      6413.224	     6.21234e+08	
      6418.223	     6.19045e+08	
      6423.222	     6.16830e+08	
      6428.220	     6.14590e+08	
      6433.219	     6.12322e+08	
      6438.218	     6.10016e+08	
      6443.216	     6.07672e+08	
      6448.215	     6.05278e+08	
      6453.214	     6.02834e+08	
      6458.212	     6.00333e+08	
      6463.211	     5.97767e+08	
      6468.210	     5.95124e+08	
      6473.208	     5.92407e+08	
      6478.207	     5.89611e+08	
      6483.205	     5.86699e+08	
      6488.204	     5.83670e+08	
      6493.203	     5.80497e+08	
      6498.201	     5.77161e+08	
      6503.200	     5.73652e+08	
      6508.199	     5.69979e+08	
      6513.197	     5.66093e+08	
      6518.196	     5.61921e+08	
      6523.195	     5.57494e+08	
      6523.719	     5.57017e+08	
      6528.193	     5.52785e+08	
      6532.668	     5.48258e+08	
      6536.095	     5.44567e+08	
      6537.143	     5.43474e+08	
      6537.383	     5.43219e+08	
      6538.191	     5.42355e+08	
      6540.286	     5.40037e+08	
      6543.189	     5.36653e+08	
      6546.457	     5.32600e+08	
      6546.724	     5.32274e+08	
      6548.188	     5.30398e+08	
      6549.918	     5.27998e+08	
      6553.113	     5.23392e+08	
      6554.426	     5.21237e+08	
      6556.306	     5.18061e+08	
      6556.871	     5.16971e+08	
      6557.903	     5.14844e+08	
      6558.185	     5.14228e+08	
      6558.701	     5.12966e+08	
      6559.500	     5.10656e+08	
      6560.298	     5.07710e+08	
      6560.698	     5.05825e+08	
      6561.096	     5.03337e+08	
      6561.495	     5.00123e+08	
      6561.845	     4.96020e+08	
      6561.895	     4.95275e+08	
      6561.945	     4.94496e+08	
      6562.045	     4.92812e+08	
      6562.098	     4.91870e+08	
      6562.196	     4.90211e+08	
      6562.245	     4.89378e+08	
      6562.294	     4.88480e+08	
      6562.444	     4.86227e+08	
      6562.486	     4.85668e+08	
      6562.490	     4.85621e+08	
      6562.494	     4.85574e+08	
      6562.544	     4.85034e+08	
      6562.594	     4.84569e+08	
      6562.693	     4.83937e+08	
      6562.793	     4.83702e+08	
      6562.892	     4.83881e+08	
      6562.992	     4.84459e+08	
      6563.092	     4.85411e+08	
      6563.291	     4.88185e+08	
      6563.641	     4.94019e+08	
      6563.687	     4.94710e+08	
      6563.689	     4.94741e+08	
      6563.691	     4.94769e+08	
      6563.741	     4.95486e+08	
      6563.841	     4.96749e+08	
      6564.041	     4.98907e+08	
      6564.294	     5.01078e+08	
      6564.392	     5.01759e+08	
      6564.441	     5.02074e+08	
      6564.490	     5.02363e+08	
      6564.685	     5.03572e+08	
      6565.077	     5.05426e+08	
      6565.636	     5.07468e+08	
      6565.861	     5.08146e+08	
      6566.086	     5.08740e+08	
      6566.536	     5.09777e+08	
      6566.689	     5.10141e+08	
      6567.085	     5.10967e+08	
      6567.436	     5.11586e+08	
      6568.183	     5.12749e+08	
      6569.280	     5.14235e+08	
      6570.478	     5.15526e+08	
      6571.476	     5.16625e+08	
      6572.473	     5.17631e+08	
      6573.270	     5.18344e+08	
      6574.469	     5.19337e+08	
      6575.667	     5.20276e+08	
      6577.950	     5.21985e+08	
      6578.065	     5.22060e+08	
      6578.180	     5.22136e+08	
      6578.410	     5.22287e+08	
      6578.870	     5.22576e+08	
      6579.789	     5.23119e+08	
      6580.079	     5.23311e+08	
      6581.629	     5.24285e+08	
      6583.178	     5.25180e+08	
      6584.378	     5.25833e+08	
      6586.278	     5.26748e+08	
      6587.911	     5.27483e+08	
      6588.177	     5.27596e+08	
      6588.443	     5.27709e+08	
      6588.975	     5.27926e+08	
      6590.039	     5.28369e+08	
      6591.023	     5.28809e+08	
      6592.166	     5.29296e+08	
      6593.014	     5.29644e+08	
      6593.309	     5.29760e+08	
      6595.594	     5.30609e+08	
      6598.174	     5.31451e+08	
      6603.335	     5.32855e+08	
      6613.656	     5.34699e+08	
      6623.977	     5.35397e+08	
      6634.299	     5.35277e+08	
      6639.690	     5.34925e+08	
      6644.620	     5.34463e+08	
      6654.941	     5.33131e+08	
      6657.636	     5.32723e+08	
      6675.584	     5.29440e+08	
      6693.530	     5.25444e+08	
      6711.427	     5.21024e+08	
      6711.477	     5.21011e+08	
      6711.527	     5.20999e+08	
      6711.627	     5.20973e+08	
      6711.827	     5.20923e+08	
      6712.227	     5.20820e+08	
      6713.026	     5.20615e+08	
      6714.626	     5.20204e+08	
      6717.825	     5.19374e+08	
      6724.223	     5.17700e+08	
      6737.020	     5.14288e+08	
      6762.613	     5.07323e+08	
      6802.819	     4.96274e+08	
      6813.799	     4.93271e+08	
      6824.779	     4.90274e+08	
      6846.739	     4.84320e+08	
      6890.659	     4.72590e+08	
      6978.500	     4.50002e+08	
      7023.533	     4.38902e+08	
      7066.340	     4.28655e+08	
      7109.146	     4.18696e+08	
      7194.759	     3.99620e+08	
      7280.372	     3.81612e+08	
      7338.455	     3.69967e+08	
      7365.985	     3.64613e+08	
      7393.514	     3.59345e+08	
      7448.573	     3.49091e+08	
      7503.632	     3.39198e+08	
      7558.692	     3.29654e+08	
      7613.751	     3.20446e+08	
      7659.738	     3.12998e+08	
      7668.810	     3.11555e+08	
      7677.881	     3.10120e+08	
      7696.024	     3.07275e+08	
      7732.310	     3.01682e+08	
      7804.883	     2.90873e+08	
      7877.455	     2.80544e+08	
      7937.807	     2.72302e+08	
      7950.027	     2.70670e+08	
      7962.248	     2.69051e+08	
      7986.690	     2.65848e+08	
      7988.595	     2.65600e+08	
      8035.572	     2.59583e+08	
      8082.550	     2.53736e+08	
      8150.158	     2.45607e+08	
      8176.504	     2.42527e+08	
      8200.850	     2.39725e+08	
      8202.850	     2.39496e+08	
      8204.849	     2.39268e+08	
      8208.848	     2.38813e+08	
      8216.846	     2.37905e+08	
      8232.842	     2.36103e+08	
      8264.833	     2.32549e+08	
      8289.715	     2.29832e+08	
      8328.816	     2.25641e+08	
      8343.441	     2.24098e+08	
      8367.916	     2.21545e+08	
      8371.465	     2.21178e+08	
      8388.684	     2.19407e+08	
      8392.391	     2.19028e+08	
      8408.650	     2.17377e+08	
      8413.318	     2.16905e+08	
      8432.024	     2.15029e+08	
      8437.951	     2.14439e+08	
      8467.252	     2.11550e+08	
      8473.978	     2.10894e+08	
      8502.481	     2.08142e+08	
      8516.584	     2.06796e+08	
      8530.983	     2.05434e+08	
      8545.382	     2.04083e+08	
      8549.972	     2.03655e+08	
      8574.180	     2.01414e+08	
      8598.388	     1.99204e+08	
      8628.597	     1.96489e+08	
      8646.805	     1.94875e+08	
      8652.391	     1.94383e+08	
      8665.013	     1.93277e+08	
      8685.587	     1.91492e+08	
      8701.429	     1.90131e+08	
      8750.468	     1.85993e+08	
      8767.917	     1.84548e+08	
      8815.350	     1.80691e+08	
      8862.782	     1.76936e+08	
      8900.383	     1.74029e+08	
      8957.646	     1.69711e+08	
      9014.908	     1.65528e+08	
      9044.624	     1.63409e+08	
      9072.171	     1.61475e+08	
      9099.717	     1.59568e+08	
      9154.810	     1.55842e+08	
      9190.798	     1.53466e+08	
      9209.903	     1.52223e+08	
      9229.009	     1.50993e+08	
      9267.221	     1.48562e+08	
      9303.204	     1.46328e+08	
      9343.644	     1.43865e+08	
      9384.084	     1.41450e+08	
      9464.964	     1.36765e+08	
      9545.723	     1.32271e+08	
      9545.844	     1.32264e+08	
      9545.965	     1.32258e+08	
      9546.207	     1.32244e+08	
      9546.691	     1.32218e+08	
      9546.866	     1.32209e+08	
      9547.658	     1.32166e+08	
      9549.594	     1.32044e+08	
      9553.465	     1.31836e+08	
      9561.207	     1.31422e+08	
      9576.691	     1.30600e+08	
      9607.658	     1.28974e+08	
      9668.451	     1.25848e+08	
      9729.243	     1.22809e+08	
      9790.036	     1.19846e+08	
      9850.828	     1.16963e+08	
      9870.422	     1.16045e+08	
      9911.620	     1.14134e+08	
      9952.819	     1.12252e+08	
     10021.070	     1.09208e+08	
     10035.217	     1.08595e+08	
     10049.364	     1.08002e+08	
     10077.658	     1.06838e+08	
     10134.247	     1.04607e+08	
     10144.484	     1.04209e+08	
     10190.835	     1.02423e+08	
     10237.187	     1.00664e+08	
     10329.890	     9.72235e+07	
     10422.592	     9.39072e+07	
     10515.295	     9.06503e+07	
     10607.998	     8.75524e+07	
     10700.701	     8.45148e+07	
     10793.403	     8.15187e+07	
     10834.127	     8.02253e+07	
     10886.106	     7.85810e+07	
     10912.096	     7.77406e+07	
     10938.085	     7.68449e+07	
     10964.074	     7.63140e+07	
     10990.064	     7.57221e+07	
     11042.043	     7.44862e+07	
     11094.022	     7.32544e+07	
     11146.000	     7.20267e+07	
     11197.979	     7.07964e+07	
     11239.008	     6.98307e+07	
     11249.958	     6.95737e+07	
     11260.908	     6.93167e+07	
     11282.808	     6.88028e+07	
     11326.608	     6.77830e+07	
     11414.209	     6.57853e+07	
     11501.809	     6.38695e+07	
     11589.411	     6.19943e+07	
     11677.011	     6.01873e+07	
     11764.612	     5.84456e+07	
     11852.212	     5.67664e+07	
     11939.813	     5.51469e+07	
     12027.413	     5.35645e+07	
     12115.014	     5.20512e+07	
     12120.600	     5.19563e+07	
     12202.614	     5.05859e+07	
     12284.629	     4.92529e+07	
     12366.644	     4.79495e+07	
     12448.658	     4.66690e+07	
     12530.673	     4.53919e+07	
     12612.688	     4.41023e+07	
     12694.701	     4.27511e+07	
     12735.367	     4.20499e+07	
     12756.042	     4.16896e+07	
     12776.716	     4.13308e+07	
     12787.053	     4.11583e+07	
     12797.391	     4.10132e+07	
     12807.728	     4.09089e+07	
     12818.016	     4.09544e+07	
     12818.066	     4.09538e+07	
     12818.116	     4.09532e+07	
     12818.216	     4.09516e+07	
     12818.416	     4.09481e+07	
     12818.815	     4.09384e+07	
     12819.615	     4.09117e+07	
     12821.215	     4.08489e+07	
     12824.414	     4.07414e+07	
     12830.812	     4.06133e+07	
     12837.210	     4.05203e+07	
     12850.007	     4.03801e+07	
     12875.600	     4.01775e+07	
     12926.786	     3.97763e+07	
     12977.972	     3.93287e+07	
     13029.158	     3.88417e+07	
     13080.344	     3.83227e+07	
     13131.530	     3.77918e+07	
     13182.716	     3.72533e+07	
     13233.902	     3.67123e+07	
     13261.827	     3.64208e+07	
     13285.088	     3.61773e+07	
     13308.350	     3.59345e+07	
     13354.873	     3.54522e+07	
     13447.920	     3.45057e+07	
     13540.966	     3.35858e+07	
     13634.013	     3.27012e+07	
     13727.060	     3.18356e+07	
     13820.106	     3.09986e+07	
     13913.153	     3.01889e+07	
     14006.200	     2.94054e+07	
     14099.246	     2.86472e+07	
     14192.293	     2.79133e+07	
     14238.608	     2.75567e+07	
     14285.339	     2.72027e+07	
     14332.071	     2.68544e+07	
     14393.426	     2.64050e+07	
     14425.533	     2.61736e+07	
     14457.640	     2.59447e+07	
     14460.500	     2.59245e+07	
     14521.855	     2.54944e+07	
     14581.211	     2.50869e+07	
     14583.210	     2.50733e+07	
     14585.210	     2.50597e+07	
     14589.208	     2.50326e+07	
     14597.206	     2.49785e+07	
     14613.202	     2.48706e+07	
     14645.193	     2.46567e+07	
     14709.176	     2.42357e+07	
     14773.158	     2.38236e+07	
     14837.141	     2.34203e+07	
     14901.123	     2.30254e+07	
     14965.106	     2.26388e+07	
     15029.088	     2.22603e+07	
     15093.071	     2.18897e+07	
     15157.054	     2.15268e+07	
     15221.036	     2.11713e+07	
     15285.019	     2.08232e+07	
     15349.001	     2.04822e+07	
     15412.984	     2.01481e+07	
     15471.572	     1.98482e+07	
     15476.966	     1.98209e+07	
     15482.361	     1.97936e+07	
     15493.150	     1.97391e+07	
     15514.728	     1.96308e+07	
     15557.884	     1.94165e+07	
     15644.197	     1.89964e+07	
     15730.509	     1.85876e+07	
     15816.821	     1.81898e+07	
     15903.134	     1.78026e+07	
     15989.446	     1.74256e+07	
     16075.759	     1.70586e+07	
     16162.071	     1.67011e+07	
     16248.384	     1.63530e+07	
     16289.880	     1.61888e+07	
     16334.696	     1.60139e+07	
     16379.512	     1.58413e+07	
     16469.143	     1.55030e+07	
     16558.775	     1.51737e+07	
     16648.406	     1.48531e+07	
     16738.038	     1.45410e+07	
     16827.669	     1.42370e+07	
     16917.301	     1.39409e+07	
     17006.933	     1.36525e+07	
     17096.564	     1.33714e+07	
     17186.196	     1.30976e+07	
     17275.827	     1.28308e+07	
     17327.685	     1.26795e+07	
     17365.459	     1.25707e+07	
     17403.232	     1.24630e+07	
     17478.780	     1.22513e+07	
     17554.327	     1.20440e+07	
     17629.874	     1.18410e+07	
     17705.422	     1.16424e+07	
     17780.969	     1.14478e+07	
     17856.517	     1.12574e+07	
     17932.064	     1.10708e+07	
     18007.611	     1.08821e+07	
     18083.159	     1.07016e+07	
     18158.706	     1.05241e+07	
     18234.253	     1.03492e+07	
     18309.801	     1.01760e+07	
     18343.743	     1.00984e+07	
     18385.348	     1.00033e+07	
     18426.953	     9.90761e+06	
     18510.162	     9.71151e+06	
     18593.371	     9.50002e+06	
     18602.053	     9.47630e+06	
     18639.317	     9.36832e+06	
     18657.949	     9.31017e+06	
     18676.581	     9.24671e+06	
     18695.212	     9.17697e+06	
     18704.529	     9.13823e+06	
     18713.844	     9.09328e+06	
     18723.161	     9.04157e+06	
     18732.476	     8.97522e+06	
     18737.134	     8.93196e+06	
     18741.793	     8.87362e+06	
     18744.121	     8.83416e+06	
     18746.450	     8.77990e+06	
     18748.779	     8.69451e+06	
     18749.944	     8.64513e+06	
     18750.526	     8.62798e+06	
     18751.108	     8.62097e+06	
     18751.690	     8.62587e+06	
     18752.273	     8.64092e+06	
     18752.855	     8.66184e+06	
     18753.438	     8.68606e+06	
     18754.019	     8.70890e+06	
     18754.601	     8.72932e+06	
     18755.184	     8.74695e+06	
     18755.766	     8.76284e+06	
     18756.931	     8.78782e+06	
     18759.260	     8.82492e+06	
     18761.588	     8.85159e+06	
     18763.918	     8.87161e+06	
     18768.575	     8.89972e+06	
     18777.892	     8.93337e+06	
     18787.207	     8.95112e+06	
     18805.839	     8.96479e+06	
     18824.471	     8.96328e+06	
     18861.735	     8.94072e+06	
     18898.999	     8.90330e+06	
     18973.526	     8.80372e+06	
     19048.054	     8.68770e+06	
     19122.582	     8.56521e+06	
     19197.109	     8.44039e+06	
     19271.637	     8.31564e+06	
     19346.165	     8.19183e+06	
     19390.711	     8.11854e+06	
     19420.692	     8.06956e+06	
     19450.673	     8.02086e+06	
     19510.635	     7.92448e+06	
     19570.595	     7.83174e+06	
     19630.557	     7.73746e+06	
     19690.519	     7.64459e+06	
     19750.479	     7.55311e+06	
     19810.441	     7.46298e+06	
     19870.401	     7.37420e+06	
     19930.363	     7.28674e+06	
     19990.325	     7.20056e+06	
     20050.285	     7.11568e+06	
     20110.247	     7.03202e+06	
     20170.209	     6.94958e+06	
     20230.169	     6.86837e+06	
     20290.131	     6.78832e+06	
     20350.092	     6.70944e+06	
     20410.053	     6.63171e+06	
     20465.636	     6.56065e+06	
     20470.015	     6.55509e+06	
     20474.393	     6.54953e+06	
     20483.151	     6.53844e+06	
     20500.667	     6.51635e+06	
     20535.700	     6.47243e+06	
     20605.763	     6.38570e+06	
     20675.826	     6.30040e+06	
     20745.890	     6.21655e+06	
     20815.954	     6.13405e+06	
     20886.018	     6.05294e+06	
     20956.082	     5.97314e+06	
     21026.146	     5.89466e+06	
     21096.209	     5.81748e+06	
     21166.272	     5.74154e+06	
     21236.336	     5.66684e+06	
     21306.400	     5.59335e+06	
     21376.464	     5.52107e+06	
     21446.528	     5.44991e+06	
     21516.592	     5.37991e+06	
     21542.694	     5.35412e+06	
     21586.655	     5.31105e+06	
     21630.617	     5.26839e+06	
     21718.540	     5.18435e+06	
     21806.462	     5.10198e+06	
     21894.385	     5.02121e+06	
     21982.308	     4.94207e+06	
     22070.231	     4.86447e+06	
     22158.154	     4.78838e+06	
     22246.077	     4.71377e+06	
     22334.000	     4.64063e+06	
     22421.923	     4.56888e+06	
     22509.846	     4.49851e+06	
     22597.769	     4.42949e+06	
     22685.692	     4.36182e+06	
     22760.394	     4.30530e+06	
     22773.615	     4.29541e+06	
     22784.838	     4.28702e+06	
     22786.838	     4.28554e+06	
     22788.837	     4.28403e+06	
     22792.836	     4.28105e+06	
     22800.834	     4.27511e+06	
     22816.829	     4.26324e+06	
     22848.821	     4.23961e+06	
     22912.803	     4.19283e+06	
     22976.786	     4.14668e+06	
     23040.768	     4.10119e+06	
     23104.751	     4.05633e+06	
     23168.733	     4.01207e+06	
     23232.716	     3.96840e+06	
     23296.698	     3.92533e+06	
     23360.681	     3.88285e+06	
     23424.663	     3.84094e+06	
     23488.646	     3.79960e+06	
     23552.628	     3.75879e+06	
     23616.611	     3.71855e+06	
     23680.593	     3.67884e+06	
     23744.576	     3.63966e+06	
     23808.558	     3.60099e+06	
     23872.541	     3.56285e+06	
     23936.523	     3.52521e+06	
     24000.506	     3.48805e+06	
     24064.488	     3.45139e+06	
     24128.471	     3.41519e+06	
     24192.453	     3.37947e+06	
     24256.436	     3.34423e+06	
     24320.419	     3.30945e+06	
     24384.401	     3.27511e+06	
     24448.384	     3.24121e+06	
     24512.366	     3.20775e+06	
     24576.349	     3.17474e+06	
     24640.331	     3.14213e+06	
     24704.314	     3.10994e+06	
     24768.296	     3.07817e+06	
     24832.279	     3.04680e+06	
     24896.261	     3.01583e+06	
     24960.244	     2.98525e+06	
     25004.437	     2.96435e+06	
     25024.226	     2.95506e+06	
     25044.016	     2.94580e+06	
     25083.595	     2.92739e+06	
     25162.753	     2.89099e+06	
     25241.912	     2.85517e+06	
     25321.070	     2.81989e+06	
     25400.228	     2.78516e+06	
     25479.387	     2.75096e+06	
     25558.545	     2.71729e+06	
     25637.703	     2.68412e+06	
     25716.862	     2.65147e+06	
     25796.020	     2.61930e+06	
     25875.179	     2.58763e+06	
     25954.337	     2.55642e+06	
     26033.495	     2.52569e+06	
     26112.654	     2.49542e+06	
     26191.812	     2.46560e+06	
     26270.970	     2.43623e+06	
     26350.129	     2.40729e+06	
     26429.287	     2.37878e+06	
     26508.445	     2.35069e+06	
     26587.604	     2.32301e+06	
     26666.762	     2.29574e+06	
     26745.921	     2.26887e+06	
     26825.079	     2.24239e+06	
     26904.237	     2.21629e+06	
     26983.396	     2.19057e+06	
     27062.554	     2.16522e+06	
     27141.712	     2.14024e+06	
     27142.547	     2.13998e+06	
     27220.871	     2.11562e+06	
     27299.194	     2.09160e+06	
     27377.518	     2.06792e+06	
     27455.842	     2.04456e+06	
     27534.165	     2.02154e+06	
     27612.489	     1.99884e+06	
     27690.812	     1.97646e+06	
     27769.136	     1.95438e+06	
     27847.459	     1.93262e+06	
     27925.783	     1.91116e+06	
     28004.107	     1.88999e+06	
     28082.430	     1.86912e+06	
     28160.754	     1.84854e+06	
     28239.077	     1.82823e+06	
     28317.401	     1.80821e+06	
     28395.725	     1.78846e+06	
     28474.048	     1.76897e+06	
     28552.372	     1.74976e+06	
     28630.695	     1.73080e+06	
     28709.019	     1.71210e+06	
     28787.343	     1.69365e+06	
     28865.666	     1.67545e+06	
     28943.990	     1.65749e+06	
     29022.313	     1.63977e+06	
     29100.637	     1.62229e+06	
     29178.961	     1.60504e+06	
     29257.284	     1.58802e+06	
     29335.608	     1.57122e+06	
     29413.931	     1.55464e+06	
     29492.255	     1.53828e+06	
     29570.578	     1.52214e+06	
     29648.902	     1.50621e+06	
     29727.226	     1.49049e+06	
     29805.549	     1.47497e+06	
     29883.873	     1.45965e+06	
     29932.600	     1.45022e+06	
     29962.196	     1.44453e+06	
     29991.792	     1.43887e+06	
#time:0.038910
