# Koester WD models
# teff = 80000 K (value for the effective temperature for the model. Temperatures are given in K)
# logg = 9.25 log(cm/s2) (value for Log(G) for the model.)
#
#   WAVELENGTH	#           FLUX	
#   (ANGSTROM)	#  (ERG/CM2/S/A)	
##############	################	
       899.230	     3.42924e+11	
       904.235	     3.38227e+11	
       908.450	     3.34319e+11	
       909.241	     3.33590e+11	
       910.032	     3.32861e+11	
       911.193	     3.31790e+11	
       911.613	     3.31403e+11	
       912.034	     3.31017e+11	
       912.465	     3.30618e+11	
       912.875	     3.30241e+11	
       913.037	     3.30093e+11	
       913.241	     3.29905e+11	
       913.284	     3.29864e+11	
       913.478	     3.29685e+11	
       913.531	     3.29635e+11	
       913.755	     3.29431e+11	
       913.822	     3.29368e+11	
       914.080	     3.29129e+11	
       914.165	     3.29050e+11	
       914.499	     3.28739e+11	
       914.575	     3.28670e+11	
       915.071	     3.28208e+11	
       915.540	     3.27766e+11	
       915.609	     3.27703e+11	
       915.643	     3.27671e+11	
       915.677	     3.27640e+11	
       915.741	     3.27583e+11	
       915.813	     3.27517e+11	
       916.085	     3.27272e+11	
       916.429	     3.26958e+11	
       916.858	     3.26565e+11	
       917.118	     3.26320e+11	
       917.196	     3.26248e+11	
       917.378	     3.26078e+11	
       917.899	     3.25585e+11	
       917.952	     3.25535e+11	
       918.287	     3.25205e+11	
       918.602	     3.24891e+11	
       919.251	     3.24244e+11	
       920.215	     3.23427e+11	
       921.882	     3.21825e+11	
       921.999	     3.21677e+11	
       922.143	     3.21492e+11	
       922.405	     3.21168e+11	
       922.810	     3.20823e+11	
       923.621	     3.20549e+11	
       925.001	     3.18837e+11	
       925.242	     3.18410e+11	
       925.484	     3.18058e+11	
       925.564	     3.18033e+11	
       925.966	     3.18181e+11	
       926.164	     3.18253e+11	
       926.369	     3.18272e+11	
       926.669	     3.18476e+11	
       927.173	     3.18410e+11	
       927.276	     3.18312e+11	
       927.678	     3.17917e+11	
       928.182	     3.16761e+11	
       928.917	     3.14473e+11	
       928.980	     3.14241e+11	
       929.089	     3.13772e+11	
       929.261	     3.13084e+11	
       929.317	     3.12880e+11	
       929.543	     3.11971e+11	
       929.655	     3.11550e+11	
       929.769	     3.11149e+11	
       929.827	     3.10970e+11	
       929.883	     3.10826e+11	
       929.910	     3.10780e+11	
       929.939	     3.10744e+11	
       929.954	     3.10734e+11	
       929.968	     3.10728e+11	
       929.982	     3.10728e+11	
       929.996	     3.10732e+11	
       930.010	     3.10741e+11	
       930.024	     3.10753e+11	
       930.038	     3.10770e+11	
       930.052	     3.10793e+11	
       930.081	     3.10853e+11	
       930.137	     3.11021e+11	
       930.201	     3.11286e+11	
       930.247	     3.11499e+11	
       930.249	     3.11510e+11	
       930.251	     3.11520e+11	
       930.301	     3.11776e+11	
       930.326	     3.11894e+11	
       930.329	     3.11910e+11	
       930.402	     3.12292e+11	
       930.478	     3.12693e+11	
       930.630	     3.13549e+11	
       930.931	     3.15209e+11	
       931.229	     3.16789e+11	
       931.490	     3.18162e+11	
       931.534	     3.18366e+11	
       931.838	     3.19560e+11	
       931.968	     3.20028e+11	
       932.447	     3.21376e+11	
       932.925	     3.21743e+11	
       933.265	     3.21511e+11	
       933.403	     3.21231e+11	
       933.432	     3.21184e+11	
       933.542	     3.20967e+11	
       933.652	     3.20681e+11	
       933.872	     3.19899e+11	
       933.973	     3.19412e+11	
       934.073	     3.18850e+11	
       934.312	     3.17078e+11	
       934.362	     3.16625e+11	
       934.652	     3.14646e+11	
       934.941	     3.12003e+11	
       935.230	     3.08580e+11	
       935.473	     3.05581e+11	
       935.520	     3.05055e+11	
       935.688	     3.02867e+11	
       935.809	     3.00967e+11	
       936.144	     2.96154e+11	
       936.372	     2.92746e+11	
       936.601	     2.89693e+11	
       936.714	     2.88220e+11	
       936.829	     2.86726e+11	
       936.887	     2.85881e+11	
       936.944	     2.85017e+11	
       936.973	     2.84594e+11	
       937.001	     2.84201e+11	
       937.015	     2.84028e+11	
       937.029	     2.83888e+11	
       937.043	     2.83783e+11	
       937.058	     2.83715e+11	
       937.072	     2.83703e+11	
       937.086	     2.83744e+11	
       937.101	     2.83844e+11	
       937.115	     2.83979e+11	
       937.143	     2.84352e+11	
       937.200	     2.85294e+11	
       937.314	     2.87255e+11	
       937.493	     2.90031e+11	
       937.542	     2.90805e+11	
       937.593	     2.91614e+11	
       937.694	     2.93266e+11	
       937.788	     2.94804e+11	
       937.894	     2.96662e+11	
       938.000	     2.98707e+11	
       938.212	     3.02577e+11	
       938.359	     3.05357e+11	
       938.556	     3.09082e+11	
       938.636	     3.10447e+11	
       938.914	     3.15268e+11	
       939.271	     3.21460e+11	
       939.628	     3.26606e+11	
       939.986	     3.31630e+11	
       940.343	     3.35962e+11	
       940.580	     3.38249e+11	
       940.660	     3.38931e+11	
       940.700	     3.39257e+11	
       940.740	     3.39578e+11	
       940.901	     3.40944e+11	
       941.221	     3.43216e+11	
       941.541	     3.45082e+11	
       941.861	     3.46499e+11	
       941.957	     3.46822e+11	
       942.182	     3.47410e+11	
       942.502	     3.47765e+11	
       943.048	     3.47137e+11	
       943.320	     3.46339e+11	
       943.593	     3.45267e+11	
       943.865	     3.43684e+11	
       944.139	     3.41526e+11	
       944.411	     3.38689e+11	
       944.684	     3.35063e+11	
       944.956	     3.30995e+11	
       945.151	     3.27668e+11	
       945.230	     3.26204e+11	
       945.308	     3.24662e+11	
       945.464	     3.21891e+11	
       945.776	     3.15950e+11	
       946.088	     3.08774e+11	
       946.401	     3.00781e+11	
       946.892	     2.89497e+11	
       947.025	     2.86043e+11	
       947.158	     2.82408e+11	
       947.425	     2.75006e+11	
       947.831	     2.63567e+11	
       947.957	     2.59677e+11	
       948.083	     2.56253e+11	
       948.125	     2.55014e+11	
       948.335	     2.48683e+11	
       948.546	     2.43481e+11	
       948.693	     2.40270e+11	
       948.735	     2.39546e+11	
       948.756	     2.39214e+11	
       948.777	     2.38878e+11	
       948.829	     2.38145e+11	
       948.835	     2.38102e+11	
       948.861	     2.37884e+11	
       948.893	     2.37709e+11	
       948.922	     2.37663e+11	
       948.951	     2.37737e+11	
       948.966	     2.37798e+11	
       948.980	     2.37862e+11	
       948.994	     2.37924e+11	
       949.009	     2.37966e+11	
       949.023	     2.37977e+11	
       949.037	     2.37957e+11	
       949.052	     2.37906e+11	
       949.066	     2.37835e+11	
       949.095	     2.37692e+11	
       949.153	     2.37627e+11	
       949.230	     2.38172e+11	
       949.258	     2.38533e+11	
       949.269	     2.38720e+11	
       949.280	     2.38893e+11	
       949.330	     2.39598e+11	
       949.360	     2.40189e+11	
       949.430	     2.41674e+11	
       949.500	     2.43176e+11	
       949.640	     2.46629e+11	
       949.781	     2.50226e+11	
       949.795	     2.50594e+11	
       949.879	     2.53236e+11	
       949.921	     2.54507e+11	
       949.963	     2.55734e+11	
       950.047	     2.58059e+11	
       950.131	     2.60441e+11	
       950.467	     2.70423e+11	
       950.888	     2.82269e+11	
       951.308	     2.93676e+11	
       951.559	     3.00169e+11	
       951.854	     3.08373e+11	
       952.149	     3.16955e+11	
       952.444	     3.24674e+11	
       952.738	     3.31740e+11	
       953.032	     3.39638e+11	
       953.328	     3.46760e+11	
       953.622	     3.53681e+11	
       953.917	     3.59769e+11	
       954.211	     3.65154e+11	
       954.507	     3.69945e+11	
       955.096	     3.78593e+11	
       955.357	     3.82112e+11	
       955.686	     3.86011e+11	
       956.014	     3.89350e+11	
       956.342	     3.92143e+11	
       956.999	     3.96695e+11	
       957.655	     4.00160e+11	
       958.312	     4.02551e+11	
       958.648	     4.03406e+11	
       958.969	     4.03987e+11	
       959.289	     4.04342e+11	
       959.429	     4.04411e+11	
       959.929	     4.04329e+11	
       960.430	     4.03704e+11	
       960.930	     4.02419e+11	
       961.431	     4.00547e+11	
       961.931	     3.98049e+11	
       962.431	     3.94870e+11	
       962.634	     3.93381e+11	
       962.932	     3.91021e+11	
       963.033	     3.90161e+11	
       963.432	     3.86444e+11	
       963.832	     3.82203e+11	
       964.231	     3.77550e+11	
       964.630	     3.72288e+11	
       965.030	     3.66391e+11	
       965.429	     3.59879e+11	
       965.828	     3.52694e+11	
       966.228	     3.45154e+11	
       966.627	     3.37307e+11	
       966.819	     3.33285e+11	
       967.026	     3.28821e+11	
       967.426	     3.19695e+11	
       967.980	     3.05904e+11	
       968.032	     3.04547e+11	
       968.309	     2.97620e+11	
       968.639	     2.89488e+11	
       968.668	     2.88735e+11	
       968.968	     2.80657e+11	
       968.979	     2.80350e+11	
       969.297	     2.71448e+11	
       969.927	     2.53640e+11	
       970.401	     2.39921e+11	
       970.874	     2.26212e+11	
       971.110	     2.19401e+11	
       971.348	     2.12364e+11	
       971.467	     2.09049e+11	
       971.585	     2.05169e+11	
       971.644	     2.02894e+11	
       971.703	     1.99835e+11	
       971.732	     1.98067e+11	
       971.762	     1.96200e+11	
       971.778	     1.95287e+11	
       971.792	     1.94612e+11	
       971.806	     1.94076e+11	
       971.821	     1.93706e+11	
       971.836	     1.93576e+11	
       971.851	     1.93696e+11	
       971.866	     1.94056e+11	
       971.880	     1.94582e+11	
       971.910	     1.96148e+11	
       971.969	     1.99740e+11	
       972.037	     2.03142e+11	
       972.087	     2.04983e+11	
       972.137	     2.06659e+11	
       972.150	     2.07024e+11	
       972.199	     2.08577e+11	
       972.237	     2.09802e+11	
       972.324	     2.11983e+11	
       972.499	     2.17077e+11	
       972.798	     2.25394e+11	
       973.047	     2.32239e+11	
       973.396	     2.41944e+11	
       973.746	     2.51786e+11	
       974.444	     2.70674e+11	
       974.645	     2.76084e+11	
       975.143	     2.88803e+11	
       975.640	     3.00633e+11	
       976.137	     3.12863e+11	
       976.635	     3.24263e+11	
       977.132	     3.34853e+11	
       977.630	     3.44705e+11	
       978.127	     3.54661e+11	
       978.624	     3.63888e+11	
       978.939	     3.69332e+11	
       979.122	     3.72370e+11	
       979.305	     3.75317e+11	
       979.671	     3.80915e+11	
       980.404	     3.91622e+11	
       981.136	     4.01260e+11	
       981.869	     4.10003e+11	
       982.601	     4.17785e+11	
       982.744	     4.19205e+11	
       983.334	     4.24721e+11	
       983.923	     4.29745e+11	
       985.102	     4.38588e+11	
       985.944	     4.44108e+11	
       986.281	     4.46125e+11	
       986.618	     4.48045e+11	
       987.293	     4.51503e+11	
       987.971	     4.54620e+11	
       988.642	     4.57369e+11	
       989.312	     4.59825e+11	
       990.109	     4.62267e+11	
       990.653	     4.63737e+11	
       991.994	     4.66753e+11	
       993.880	     4.69712e+11	
       995.765	     4.70856e+11	
       996.854	     4.70909e+11	
       997.574	     4.70708e+11	
       997.650	     4.70673e+11	
       998.447	     4.70208e+11	
       999.319	     4.69329e+11	
      1001.064	     4.66505e+11	
      1001.297	     4.66036e+11	
      1002.810	     4.62389e+11	
      1004.323	     4.57623e+11	
      1005.836	     4.51397e+11	
      1007.349	     4.43734e+11	
      1008.397	     4.37467e+11	
      1008.862	     4.34413e+11	
      1009.326	     4.31171e+11	
      1010.255	     4.24040e+11	
      1011.183	     4.16085e+11	
      1012.112	     4.07257e+11	
      1013.040	     3.97531e+11	
      1013.609	     3.91087e+11	
      1013.969	     3.86790e+11	
      1014.329	     3.82329e+11	
      1015.050	     3.72935e+11	
      1015.770	     3.62835e+11	
      1016.491	     3.52103e+11	
      1016.531	     3.51488e+11	
      1017.211	     3.40646e+11	
      1017.231	     3.40319e+11	
      1017.931	     3.28548e+11	
      1018.632	     3.16022e+11	
      1019.332	     3.02764e+11	
      1020.033	     2.88827e+11	
      1020.422	     2.80811e+11	
      1020.733	     2.74235e+11	
      1021.044	     2.67527e+11	
      1021.667	     2.53866e+11	
      1022.289	     2.39817e+11	
      1022.780	     2.28335e+11	
      1022.911	     2.25290e+11	
      1023.043	     2.22206e+11	
      1023.305	     2.15890e+11	
      1023.617	     2.08342e+11	
      1023.829	     2.03167e+11	
      1024.041	     1.97952e+11	
      1024.390	     1.89184e+11	
      1024.465	     1.87230e+11	
      1024.540	     1.85072e+11	
      1024.590	     1.83625e+11	
      1024.691	     1.80521e+11	
      1024.791	     1.77053e+11	
      1024.852	     1.74359e+11	
      1024.867	     1.73627e+11	
      1024.891	     1.72263e+11	
      1024.915	     1.70760e+11	
      1024.947	     1.68679e+11	
      1024.978	     1.66750e+11	
      1024.993	     1.65883e+11	
      1025.009	     1.65140e+11	
      1025.025	     1.64569e+11	
      1025.040	     1.64212e+11	
      1025.044	     1.64155e+11	
      1025.054	     1.64069e+11	
      1025.056	     1.64064e+11	
      1025.058	     1.64061e+11	
      1025.072	     1.64148e+11	
      1025.087	     1.64433e+11	
      1025.103	     1.64947e+11	
      1025.134	     1.66471e+11	
      1025.196	     1.70396e+11	
      1025.271	     1.74556e+11	
      1025.320	     1.76686e+11	
      1025.371	     1.78421e+11	
      1025.471	     1.81730e+11	
      1025.571	     1.84599e+11	
      1025.671	     1.87365e+11	
      1025.868	     1.92322e+11	
      1025.871	     1.92396e+11	
      1026.070	     1.97095e+11	
      1026.469	     2.06482e+11	
      1027.069	     2.20337e+11	
      1027.472	     2.29303e+11	
      1027.669	     2.33685e+11	
      1028.270	     2.46600e+11	
      1028.796	     2.57465e+11	
      1029.067	     2.63010e+11	
      1029.338	     2.68453e+11	
      1029.881	     2.79004e+11	
      1030.423	     2.89128e+11	
      1030.965	     2.98818e+11	
      1031.508	     3.08100e+11	
      1032.050	     3.16936e+11	
      1032.592	     3.25315e+11	
      1033.082	     3.32550e+11	
      1033.135	     3.33301e+11	
      1033.187	     3.34052e+11	
      1033.230	     3.34668e+11	
      1033.291	     3.35538e+11	
      1033.499	     3.38469e+11	
      1033.915	     3.44143e+11	
      1033.989	     3.45123e+11	
      1034.747	     3.54884e+11	
      1035.507	     3.63928e+11	
      1036.265	     3.72320e+11	
      1037.024	     3.80038e+11	
      1037.783	     3.87151e+11	
      1038.542	     3.93748e+11	
      1039.172	     3.98797e+11	
      1039.258	     3.99457e+11	
      1039.301	     3.99787e+11	
      1039.344	     4.00113e+11	
      1039.516	     4.01398e+11	
      1039.860	     4.03896e+11	
      1040.549	     4.08596e+11	
      1041.925	     4.16914e+11	
      1042.258	     4.18705e+11	
      1043.302	     4.23848e+11	
      1044.347	     4.28290e+11	
      1045.391	     4.32142e+11	
      1046.436	     4.35462e+11	
      1047.701	     4.38815e+11	
      1048.525	     4.40643e+11	
      1049.349	     4.42220e+11	
      1050.998	     4.44711e+11	
      1052.647	     4.46430e+11	
      1054.240	     4.47498e+11	
      1054.296	     4.47526e+11	
      1054.352	     4.47554e+11	
      1054.464	     4.47608e+11	
      1054.688	     4.47708e+11	
      1055.136	     4.47881e+11	
      1056.033	     4.48120e+11	
      1056.297	     4.48167e+11	
      1057.826	     4.48239e+11	
      1059.355	     4.48010e+11	
      1060.467	     4.47683e+11	
      1062.412	     4.46838e+11	
      1064.357	     4.45704e+11	
      1067.134	     4.43684e+11	
      1068.247	     4.42770e+11	
      1068.807	     4.42289e+11	
      1069.359	     4.41802e+11	
      1071.584	     4.39741e+11	
      1074.362	     4.36967e+11	
      1076.286	     4.34947e+11	
      1078.980	     4.32010e+11	
      1079.364	     4.31583e+11	
      1082.442	     4.28095e+11	
      1084.366	     4.25874e+11	
      1085.905	     4.24074e+11	
      1089.368	     4.19981e+11	
      1094.370	     4.13996e+11	
      1099.372	     4.07977e+11	
      1104.374	     4.01960e+11	
      1109.376	     3.95969e+11	
      1114.378	     3.90022e+11	
      1118.684	     3.84942e+11	
      1119.380	     3.84126e+11	
      1120.076	     3.83309e+11	
      1121.469	     3.81678e+11	
      1123.778	     3.78986e+11	
      1124.254	     3.78433e+11	
      1124.730	     3.77877e+11	
      1125.682	     3.76771e+11	
      1125.790	     3.76646e+11	
      1127.075	     3.75160e+11	
      1127.587	     3.74566e+11	
      1127.845	     3.74267e+11	
      1129.384	     3.72492e+11	
      1131.692	     3.69838e+11	
      1134.385	     3.66753e+11	
      1135.540	     3.65433e+11	
      1139.387	     3.61057e+11	
      1144.388	     3.55396e+11	
      1149.390	     3.49750e+11	
      1154.391	     3.44089e+11	
      1159.393	     3.38384e+11	
      1164.394	     3.32572e+11	
      1169.395	     3.26562e+11	
      1174.397	     3.20207e+11	
      1177.860	     3.15476e+11	
      1179.398	     3.13254e+11	
      1180.936	     3.10943e+11	
      1182.858	     3.07899e+11	
      1184.013	     3.05970e+11	
      1185.168	     3.03958e+11	
      1185.558	     3.03258e+11	
      1187.479	     2.99621e+11	
      1189.400	     2.95629e+11	
      1191.322	     2.91190e+11	
      1192.085	     2.89278e+11	
      1193.243	     2.86198e+11	
      1194.402	     2.82863e+11	
      1195.560	     2.79245e+11	
      1196.718	     2.75312e+11	
      1197.876	     2.71009e+11	
      1198.667	     2.67831e+11	
      1199.035	     2.66277e+11	
      1199.403	     2.64674e+11	
      1200.139	     2.61317e+11	
      1201.611	     2.53950e+11	
      1201.763	     2.53134e+11	
      1203.083	     2.45575e+11	
      1204.404	     2.37082e+11	
      1205.064	     2.32449e+11	
      1205.724	     2.27540e+11	
      1206.384	     2.22345e+11	
      1207.044	     2.16845e+11	
      1207.324	     2.14415e+11	
      1207.704	     2.11011e+11	
      1208.365	     2.04843e+11	
      1208.485	     2.03683e+11	
      1209.405	     1.94399e+11	
      1210.325	     1.84382e+11	
      1211.245	     1.73656e+11	
      1211.639	     1.68818e+11	
      1212.165	     1.62159e+11	
      1212.691	     1.55291e+11	
      1213.218	     1.48218e+11	
      1213.613	     1.42713e+11	
      1213.744	     1.40863e+11	
      1213.807	     1.39971e+11	
      1213.875	     1.38999e+11	
      1214.137	     1.35207e+11	
      1214.171	     1.34708e+11	
      1214.319	     1.32484e+11	
      1214.467	     1.30098e+11	
      1214.615	     1.27401e+11	
      1214.763	     1.23878e+11	
      1214.837	     1.21123e+11	
      1214.911	     1.15620e+11	
      1214.948	     1.12022e+11	
      1214.985	     1.08616e+11	
      1215.004	     1.07204e+11	
      1215.022	     1.06216e+11	
      1215.040	     1.05472e+11	
      1215.059	     1.05000e+11	
      1215.077	     1.04855e+11	
      1215.095	     1.04993e+11	
      1215.114	     1.05458e+11	
      1215.132	     1.06195e+11	
      1215.169	     1.08581e+11	
      1215.193	     1.10615e+11	
      1215.195	     1.10817e+11	
      1215.243	     1.15550e+11	
      1215.293	     1.19670e+11	
      1215.391	     1.23733e+11	
      1215.487	     1.26101e+11	
      1215.587	     1.28120e+11	
      1215.687	     1.29798e+11	
      1215.695	     1.29925e+11	
      1215.787	     1.31362e+11	
      1215.987	     1.34298e+11	
      1216.264	     1.38147e+11	
      1216.279	     1.38354e+11	
      1216.863	     1.46186e+11	
      1217.462	     1.53810e+11	
      1218.061	     1.61119e+11	
      1218.661	     1.68110e+11	
      1219.113	     1.73136e+11	
      1219.260	     1.74725e+11	
      1219.407	     1.76295e+11	
      1219.573	     1.78040e+11	
      1219.701	     1.79366e+11	
      1219.829	     1.80678e+11	
      1220.085	     1.83257e+11	
      1220.597	     1.88223e+11	
      1221.109	     1.92935e+11	
      1221.621	     1.97397e+11	
      1222.645	     2.05613e+11	
      1222.720	     2.06180e+11	
      1223.670	     2.12927e+11	
      1224.619	     2.18966e+11	
      1225.568	     2.24358e+11	
      1226.517	     2.29146e+11	
      1227.466	     2.33384e+11	
      1228.415	     2.37120e+11	
      1229.233	     2.39965e+11	
      1229.321	     2.40252e+11	
      1229.365	     2.40394e+11	
      1229.409	     2.40535e+11	
      1229.585	     2.41092e+11	
      1229.696	     2.41437e+11	
      1229.937	     2.42168e+11	
      1230.178	     2.42875e+11	
      1230.660	     2.44217e+11	
      1231.624	     2.46629e+11	
      1232.310	     2.48143e+11	
      1232.588	     2.48712e+11	
      1233.552	     2.50496e+11	
      1234.794	     2.52406e+11	
      1235.148	     2.52881e+11	
      1236.037	     2.53955e+11	
      1237.279	     2.55184e+11	
      1239.410	     2.56678e+11	
      1241.542	     2.57543e+11	
      1242.935	     2.57838e+11	
      1243.673	     2.57922e+11	
      1244.411	     2.57960e+11	
      1245.887	     2.57918e+11	
      1248.268	     2.57579e+11	
      1248.840	     2.57455e+11	
      1249.412	     2.57317e+11	
      1250.556	     2.57001e+11	
      1251.276	     2.56777e+11	
      1252.844	     2.56235e+11	
      1254.413	     2.55624e+11	
      1255.685	     2.55085e+11	
      1257.549	     2.54236e+11	
      1259.413	     2.53329e+11	
      1261.870	     2.52063e+11	
      1263.142	     2.51381e+11	
      1264.414	     2.50685e+11	
      1264.502	     2.50636e+11	
      1266.958	     2.49257e+11	
      1269.415	     2.47842e+11	
      1274.239	     2.44991e+11	
      1274.327	     2.44938e+11	
      1274.415	     2.44886e+11	
      1274.591	     2.44780e+11	
      1274.708	     2.44710e+11	
      1274.944	     2.44568e+11	
      1275.650	     2.44144e+11	
      1277.062	     2.43294e+11	
      1279.416	     2.41868e+11	
      1283.830	     2.39183e+11	
      1284.123	     2.39004e+11	
      1284.416	     2.38825e+11	
      1285.002	     2.38468e+11	
      1286.176	     2.37753e+11	
      1287.627	     2.36868e+11	
      1287.997	     2.36643e+11	
      1288.522	     2.36323e+11	
      1289.417	     2.35778e+11	
      1291.207	     2.34690e+11	
      1294.417	     2.32743e+11	
      1299.418	     2.29730e+11	
      1304.418	     2.26746e+11	
      1309.419	     2.23794e+11	
      1314.419	     2.20880e+11	
      1319.420	     2.18004e+11	
      1324.420	     2.15168e+11	
      1329.420	     2.12372e+11	
      1334.421	     2.09617e+11	
      1339.421	     2.06903e+11	
      1344.421	     2.04230e+11	
      1349.421	     2.01597e+11	
      1354.422	     1.99002e+11	
      1359.422	     1.96448e+11	
      1364.422	     1.93934e+11	
      1365.191	     1.93550e+11	
      1369.422	     1.91457e+11	
      1373.653	     1.89392e+11	
      1376.346	     1.88092e+11	
      1377.884	     1.87354e+11	
      1379.422	     1.86619e+11	
      1380.574	     1.86072e+11	
      1382.499	     1.85161e+11	
      1384.423	     1.84256e+11	
      1387.119	     1.82997e+11	
      1388.271	     1.82462e+11	
      1389.031	     1.82110e+11	
      1389.423	     1.81929e+11	
      1391.727	     1.80868e+11	
      1394.423	     1.79638e+11	
      1399.423	     1.77382e+11	
      1404.423	     1.75162e+11	
      1409.423	     1.72977e+11	
      1414.423	     1.70825e+11	
      1419.423	     1.68706e+11	
      1424.423	     1.66621e+11	
      1429.423	     1.64567e+11	
      1434.423	     1.62544e+11	
      1439.423	     1.60553e+11	
      1444.422	     1.58592e+11	
      1449.422	     1.56661e+11	
      1454.422	     1.54758e+11	
      1459.422	     1.52885e+11	
      1464.422	     1.51040e+11	
      1465.960	     1.50478e+11	
      1469.422	     1.49222e+11	
      1472.884	     1.47980e+11	
      1473.268	     1.47843e+11	
      1474.422	     1.47432e+11	
      1476.345	     1.46751e+11	
      1479.421	     1.45669e+11	
      1484.421	     1.43932e+11	
      1489.421	     1.42221e+11	
      1494.421	     1.40536e+11	
      1499.420	     1.38874e+11	
      1504.420	     1.37237e+11	
      1509.420	     1.35623e+11	
      1514.420	     1.34034e+11	
      1519.419	     1.32467e+11	
      1524.419	     1.30923e+11	
      1529.419	     1.29402e+11	
      1534.418	     1.27902e+11	
      1539.418	     1.26424e+11	
      1544.418	     1.24968e+11	
      1549.417	     1.23532e+11	
      1554.417	     1.22116e+11	
      1559.417	     1.20721e+11	
      1564.416	     1.19346e+11	
      1566.724	     1.18718e+11	
      1569.416	     1.17991e+11	
      1570.186	     1.17784e+11	
      1572.107	     1.17269e+11	
      1574.415	     1.16655e+11	
      1574.800	     1.16552e+11	
      1579.415	     1.15338e+11	
      1584.414	     1.14039e+11	
      1589.414	     1.12759e+11	
      1594.413	     1.11497e+11	
      1599.413	     1.10252e+11	
      1604.413	     1.09025e+11	
      1609.412	     1.07814e+11	
      1614.412	     1.06621e+11	
      1619.411	     1.05444e+11	
      1624.410	     1.04284e+11	
      1629.410	     1.03139e+11	
      1634.409	     1.02010e+11	
      1639.409	     1.00897e+11	
      1644.408	     9.97983e+10	
      1649.408	     9.87148e+10	
      1654.407	     9.76464e+10	
      1659.407	     9.65920e+10	
      1664.406	     9.55519e+10	
      1665.560	     9.53140e+10	
      1669.405	     9.45258e+10	
      1670.174	     9.43694e+10	
      1673.251	     9.37461e+10	
      1674.405	     9.35136e+10	
      1676.328	     9.31281e+10	
      1679.404	     9.25152e+10	
      1684.404	     9.15300e+10	
      1689.403	     9.05580e+10	
      1694.402	     8.95989e+10	
      1699.402	     8.86526e+10	
      1704.401	     8.77183e+10	
      1709.400	     8.67966e+10	
      1714.400	     8.58871e+10	
      1719.399	     8.49892e+10	
      1724.398	     8.41029e+10	
      1729.398	     8.32283e+10	
      1734.397	     8.23650e+10	
      1739.396	     8.15130e+10	
      1744.396	     8.06720e+10	
      1749.395	     7.98417e+10	
      1754.394	     7.90224e+10	
      1759.393	     7.82134e+10	
      1764.393	     7.74148e+10	
      1767.084	     7.69891e+10	
      1767.854	     7.68679e+10	
      1769.392	     7.66266e+10	
      1771.700	     7.62659e+10	
      1774.391	     7.58481e+10	
      1775.545	     7.56700e+10	
      1779.391	     7.50800e+10	
      1784.390	     7.43213e+10	
      1789.389	     7.35723e+10	
      1794.388	     7.28328e+10	
      1799.387	     7.21027e+10	
      1809.386	     7.06695e+10	
      1823.999	     6.86385e+10	
      1829.383	     6.79084e+10	
      1834.767	     6.71880e+10	
      1845.535	     6.57762e+10	
      1863.998	     6.34407e+10	
      1867.072	     6.30618e+10	
      1870.145	     6.26861e+10	
      1876.292	     6.19428e+10	
      1888.586	     6.04895e+10	
      1906.980	     5.83931e+10	
      1913.174	     5.77079e+10	
      1919.368	     5.70325e+10	
      1931.755	     5.57121e+10	
      1944.472	     5.43960e+10	
      1956.531	     5.31837e+10	
      1967.603	     5.21005e+10	
      1968.590	     5.20053e+10	
      1992.707	     4.97462e+10	
      2017.811	     4.75235e+10	
      2018.799	     4.74387e+10	
      2042.916	     4.54255e+10	
      2067.032	     4.35180e+10	
      2091.148	     4.17103e+10	
      2114.275	     4.00638e+10	
      2115.264	     3.99953e+10	
      2116.253	     3.99268e+10	
      2118.231	     3.97905e+10	
      2122.186	     3.95194e+10	
      2126.360	     3.92360e+10	
      2130.096	     3.89843e+10	
      2145.917	     3.79410e+10	
      2165.474	     3.66995e+10	
      2185.031	     3.55085e+10	
      2194.481	     3.49502e+10	
      2204.588	     3.43653e+10	
      2205.902	     3.42902e+10	
      2214.695	     3.37925e+10	
      2234.908	     3.26829e+10	
      2263.914	     3.11691e+10	
      2272.705	     3.07279e+10	
      2292.920	     2.97425e+10	
      2313.134	     2.87961e+10	
      2333.349	     2.78874e+10	
      2344.772	     2.73896e+10	
      2350.599	     2.71401e+10	
      2353.563	     2.70142e+10	
      2362.354	     2.66451e+10	
      2379.936	     2.59260e+10	
      2409.274	     2.47792e+10	
      2421.028	     2.43376e+10	
      2438.611	     2.36953e+10	
      2451.595	     2.32345e+10	
      2456.194	     2.30740e+10	
      2460.793	     2.29149e+10	
      2466.761	     2.27106e+10	
      2469.991	     2.26009e+10	
      2488.387	     2.19888e+10	
      2510.013	     2.12954e+10	
      2531.639	     2.06294e+10	
      2547.297	     2.01633e+10	
      2553.265	     1.99891e+10	
      2559.232	     1.98168e+10	
      2571.167	     1.94779e+10	
      2595.038	     1.88215e+10	
      2618.908	     1.81926e+10	
      2627.887	     1.79628e+10	
      2642.779	     1.75897e+10	
      2657.670	     1.72262e+10	
      2687.453	     1.65273e+10	
      2717.236	     1.58635e+10	
      2737.929	     1.54219e+10	
      2747.019	     1.52327e+10	
      2756.108	     1.50465e+10	
      2774.288	     1.46827e+10	
      2810.647	     1.39873e+10	
      2839.466	     1.34653e+10	
      2846.591	     1.33400e+10	
      2847.006	     1.33327e+10	
      2854.546	     1.32018e+10	
      2869.627	     1.29448e+10	
      2873.190	     1.28850e+10	
      2899.787	     1.24493e+10	
      2926.386	     1.20319e+10	
      2952.933	     1.16326e+10	
      2952.983	     1.16318e+10	
      2953.033	     1.16311e+10	
      2953.133	     1.16296e+10	
      2953.333	     1.16267e+10	
      2953.733	     1.16208e+10	
      2954.533	     1.16091e+10	
      2956.132	     1.15856e+10	
      2956.820	     1.15755e+10	
      2959.332	     1.15389e+10	
      2965.730	     1.14461e+10	
      2978.527	     1.12634e+10	
      3004.120	     1.09087e+10	
      3051.421	     1.02893e+10	
      3098.721	     9.71352e+09	
      3142.185	     9.21951e+09	
      3146.021	     9.17741e+09	
      3149.857	     9.13559e+09	
      3157.529	     9.05266e+09	
      3158.829	     9.03871e+09	
      3172.873	     8.88958e+09	
      3203.561	     8.57429e+09	
      3248.294	     8.13933e+09	
      3293.027	     7.73177e+09	
      3328.789	     7.42418e+09	
      3337.759	     7.34944e+09	
      3346.730	     7.27565e+09	
      3355.942	     7.20084e+09	
      3364.671	     7.13085e+09	
      3400.554	     6.85188e+09	
      3445.167	     6.52383e+09	
      3489.779	     6.21520e+09	
      3525.181	     5.98319e+09	
      3532.764	     5.93494e+09	
      3534.392	     5.92464e+09	
      3543.602	     5.86677e+09	
      3562.024	     5.75317e+09	
      3591.283	     5.57834e+09	
      3635.884	     5.32434e+09	
      3638.963	     5.30734e+09	
      3642.042	     5.29041e+09	
      3643.122	     5.28450e+09	
      3645.121	     5.27357e+09	
      3645.281	     5.27269e+09	
      3647.121	     5.26267e+09	
      3648.960	     5.25265e+09	
      3651.320	     5.23983e+09	
      3652.639	     5.23270e+09	
      3653.959	     5.22557e+09	
      3654.239	     5.22406e+09	
      3656.598	     5.21134e+09	
      3658.958	     5.19864e+09	
      3663.397	     5.17489e+09	
      3663.676	     5.17342e+09	
      3663.956	     5.17191e+09	
      3664.516	     5.16893e+09	
      3665.636	     5.16299e+09	
      3666.796	     5.15680e+09	
      3667.875	     5.15108e+09	
      3668.275	     5.14894e+09	
      3668.955	     5.14536e+09	
      3671.115	     5.13387e+09	
      3673.954	     5.11888e+09	
      3675.202	     5.11231e+09	
      3678.952	     5.09265e+09	
      3682.583	     5.07370e+09	
      3682.703	     5.07308e+09	
      3682.822	     5.07245e+09	
      3683.062	     5.07119e+09	
      3683.178	     5.07059e+09	
      3683.542	     5.06871e+09	
      3684.502	     5.06371e+09	
      3684.819	     5.06208e+09	
      3685.826	     5.05686e+09	
      3686.832	     5.05165e+09	
      3688.742	     5.04175e+09	
      3688.846	     5.04122e+09	
      3688.939	     5.04075e+09	
      3688.950	     5.04069e+09	
      3689.158	     5.03962e+09	
      3689.377	     5.03849e+09	
      3689.730	     5.03666e+09	
      3689.815	     5.03622e+09	
      3689.900	     5.03578e+09	
      3690.070	     5.03490e+09	
      3690.410	     5.03315e+09	
      3690.624	     5.03205e+09	
      3691.089	     5.02966e+09	
      3691.469	     5.02768e+09	
      3691.554	     5.02724e+09	
      3691.700	     5.02652e+09	
      3692.484	     5.02246e+09	
      3693.499	     5.01725e+09	
      3694.397	     5.01263e+09	
      3695.297	     5.00804e+09	
      3695.808	     5.00541e+09	
      3696.197	     5.00343e+09	
      3696.525	     5.00176e+09	
      3696.586	     5.00145e+09	
      3696.647	     5.00113e+09	
      3696.666	     5.00104e+09	
      3696.759	     5.00057e+09	
      3696.769	     5.00050e+09	
      3696.872	     4.99997e+09	
      3696.929	     4.99969e+09	
      3696.985	     4.99940e+09	
      3697.041	     4.99912e+09	
      3697.097	     4.99884e+09	
      3697.153	     4.99853e+09	
      3697.209	     4.99824e+09	
      3697.265	     4.99796e+09	
      3697.322	     4.99768e+09	
      3697.347	     4.99755e+09	
      3697.405	     4.99724e+09	
      3697.434	     4.99711e+09	
      3697.463	     4.99695e+09	
      3697.499	     4.99677e+09	
      3697.529	     4.99661e+09	
      3697.579	     4.99636e+09	
      3697.659	     4.99595e+09	
      3697.819	     4.99513e+09	
      3698.109	     4.99366e+09	
      3698.429	     4.99202e+09	
      3698.688	     4.99070e+09	
      3698.886	     4.98970e+09	
      3698.947	     4.98938e+09	
      3699.008	     4.98907e+09	
      3699.130	     4.98844e+09	
      3699.374	     4.98718e+09	
      3699.533	     4.98640e+09	
      3699.862	     4.98470e+09	
      3699.879	     4.98464e+09	
      3700.191	     4.98304e+09	
      3700.198	     4.98301e+09	
      3700.503	     4.98143e+09	
      3700.808	     4.97990e+09	
      3700.842	     4.97974e+09	
      3701.092	     4.97845e+09	
      3701.418	     4.97679e+09	
      3701.994	     4.97386e+09	
      3702.444	     4.97157e+09	
      3702.895	     4.96928e+09	
      3703.121	     4.96815e+09	
      3703.346	     4.96702e+09	
      3703.458	     4.96645e+09	
      3703.571	     4.96585e+09	
      3703.628	     4.96557e+09	
      3703.684	     4.96529e+09	
      3703.740	     4.96500e+09	
      3703.797	     4.96472e+09	
      3703.853	     4.96444e+09	
      3703.909	     4.96416e+09	
      3703.966	     4.96387e+09	
      3704.022	     4.96359e+09	
      3704.085	     4.96325e+09	
      3704.134	     4.96303e+09	
      3704.185	     4.96274e+09	
      3704.210	     4.96262e+09	
      3704.222	     4.96255e+09	
      3704.285	     4.96224e+09	
      3704.314	     4.96211e+09	
      3704.360	     4.96186e+09	
      3704.406	     4.96164e+09	
      3704.491	     4.96120e+09	
      3704.567	     4.96083e+09	
      3704.590	     4.96070e+09	
      3704.689	     4.96020e+09	
      3704.811	     4.95957e+09	
      3705.055	     4.95834e+09	
      3705.373	     4.95674e+09	
      3705.543	     4.95589e+09	
      3705.713	     4.95501e+09	
      3706.052	     4.95332e+09	
      3706.073	     4.95319e+09	
      3706.732	     4.94986e+09	
      3707.267	     4.94716e+09	
      3707.391	     4.94653e+09	
      3707.515	     4.94590e+09	
      3707.614	     4.94543e+09	
      3707.763	     4.94468e+09	
      3707.912	     4.94392e+09	
      3708.118	     4.94289e+09	
      3708.210	     4.94242e+09	
      3708.302	     4.94195e+09	
      3708.486	     4.94103e+09	
      3708.763	     4.93962e+09	
      3708.854	     4.93918e+09	
      3708.873	     4.93909e+09	
      3708.945	     4.93871e+09	
      3709.127	     4.93780e+09	
      3709.206	     4.93739e+09	
      3709.491	     4.93598e+09	
      3710.108	     4.93287e+09	
      3710.902	     4.92888e+09	
      3711.011	     4.92831e+09	
      3711.120	     4.92778e+09	
      3711.213	     4.92731e+09	
      3711.323	     4.92674e+09	
      3711.338	     4.92668e+09	
      3711.463	     4.92605e+09	
      3711.517	     4.92577e+09	
      3711.576	     4.92548e+09	
      3711.603	     4.92536e+09	
      3711.689	     4.92492e+09	
      3711.746	     4.92463e+09	
      3711.802	     4.92435e+09	
      3711.858	     4.92407e+09	
      3711.915	     4.92379e+09	
      3711.971	     4.92350e+09	
      3712.027	     4.92322e+09	
      3712.084	     4.92294e+09	
      3712.140	     4.92266e+09	
      3712.203	     4.92234e+09	
      3712.252	     4.92209e+09	
      3712.303	     4.92184e+09	
      3712.327	     4.92171e+09	
      3712.331	     4.92168e+09	
      3712.403	     4.92134e+09	
      3712.479	     4.92096e+09	
      3712.631	     4.92021e+09	
      3712.931	     4.91870e+09	
      3713.228	     4.91719e+09	
      3713.531	     4.91568e+09	
      3713.833	     4.91417e+09	
      3714.242	     4.91213e+09	
      3714.420	     4.91122e+09	
      3714.439	     4.91113e+09	
      3714.636	     4.91015e+09	
      3715.030	     4.90817e+09	
      3715.640	     4.90513e+09	
      3716.765	     4.89953e+09	
      3716.790	     4.89941e+09	
      3716.860	     4.89906e+09	
      3716.955	     4.89856e+09	
      3717.145	     4.89762e+09	
      3717.524	     4.89573e+09	
      3718.189	     4.89243e+09	
      3718.259	     4.89209e+09	
      3718.329	     4.89171e+09	
      3718.469	     4.89102e+09	
      3718.556	     4.89061e+09	
      3718.631	     4.89023e+09	
      3718.734	     4.88970e+09	
      3718.749	     4.88964e+09	
      3718.942	     4.88866e+09	
      3719.253	     4.88712e+09	
      3719.474	     4.88602e+09	
      3719.772	     4.88455e+09	
      3720.070	     4.88307e+09	
      3720.356	     4.88166e+09	
      3720.523	     4.88081e+09	
      3720.666	     4.88012e+09	
      3720.976	     4.87858e+09	
      3721.202	     4.87745e+09	
      3721.428	     4.87632e+09	
      3721.542	     4.87575e+09	
      3721.655	     4.87522e+09	
      3721.711	     4.87493e+09	
      3721.768	     4.87465e+09	
      3721.825	     4.87437e+09	
      3721.881	     4.87409e+09	
      3721.938	     4.87380e+09	
      3721.995	     4.87352e+09	
      3722.051	     4.87324e+09	
      3722.108	     4.87296e+09	
      3722.221	     4.87239e+09	
      3722.398	     4.87151e+09	
      3722.447	     4.87129e+09	
      3722.498	     4.87104e+09	
      3722.598	     4.87054e+09	
      3722.695	     4.87007e+09	
      3722.798	     4.86953e+09	
      3722.901	     4.86903e+09	
      3723.107	     4.86802e+09	
      3723.231	     4.86740e+09	
      3723.519	     4.86598e+09	
      3723.807	     4.86457e+09	
      3724.383	     4.86171e+09	
      3725.451	     4.85643e+09	
      3725.534	     4.85602e+09	
      3725.617	     4.85561e+09	
      3725.751	     4.85495e+09	
      3725.783	     4.85480e+09	
      3725.916	     4.85414e+09	
      3725.931	     4.85407e+09	
      3726.115	     4.85316e+09	
      3726.479	     4.85137e+09	
      3727.042	     4.84861e+09	
      3727.366	     4.84701e+09	
      3728.153	     4.84314e+09	
      3728.639	     4.84075e+09	
      3728.940	     4.83925e+09	
      3729.009	     4.83893e+09	
      3729.240	     4.83777e+09	
      3729.842	     4.83482e+09	
      3730.676	     4.83073e+09	
      3732.194	     4.82332e+09	
      3732.344	     4.82256e+09	
      3732.494	     4.82184e+09	
      3732.794	     4.82037e+09	
      3733.352	     4.81763e+09	
      3733.384	     4.81748e+09	
      3733.393	     4.81744e+09	
      3733.402	     4.81741e+09	
      3733.452	     4.81716e+09	
      3733.552	     4.81666e+09	
      3733.648	     4.81619e+09	
      3733.752	     4.81568e+09	
      3733.856	     4.81518e+09	
      3734.004	     4.81446e+09	
      3734.044	     4.81427e+09	
      3734.064	     4.81418e+09	
      3734.084	     4.81408e+09	
      3734.131	     4.81383e+09	
      3734.140	     4.81380e+09	
      3734.164	     4.81367e+09	
      3734.197	     4.81352e+09	
      3734.254	     4.81323e+09	
      3734.311	     4.81295e+09	
      3734.368	     4.81270e+09	
      3734.425	     4.81242e+09	
      3734.482	     4.81213e+09	
      3734.539	     4.81185e+09	
      3734.652	     4.81129e+09	
      3734.829	     4.81044e+09	
      3734.878	     4.81019e+09	
      3734.929	     4.80994e+09	
      3735.029	     4.80946e+09	
      3735.124	     4.80899e+09	
      3735.173	     4.80877e+09	
      3735.229	     4.80849e+09	
      3735.334	     4.80799e+09	
      3735.391	     4.80770e+09	
      3735.495	     4.80720e+09	
      3735.817	     4.80563e+09	
      3736.000	     4.80472e+09	
      3736.243	     4.80356e+09	
      3736.486	     4.80236e+09	
      3736.971	     4.80001e+09	
      3737.826	     4.79586e+09	
      3737.943	     4.79530e+09	
      3738.060	     4.79473e+09	
      3738.294	     4.79357e+09	
      3738.587	     4.79215e+09	
      3738.762	     4.79131e+09	
      3738.937	     4.79046e+09	
      3739.287	     4.78876e+09	
      3739.498	     4.78776e+09	
      3739.987	     4.78537e+09	
      3740.476	     4.78301e+09	
      3741.212	     4.77943e+09	
      3741.453	     4.77827e+09	
      3741.694	     4.77711e+09	
      3742.092	     4.77519e+09	
      3742.176	     4.77478e+09	
      3742.260	     4.77437e+09	
      3742.428	     4.77356e+09	
      3742.671	     4.77239e+09	
      3742.733	     4.77208e+09	
      3742.764	     4.77195e+09	
      3742.795	     4.77180e+09	
      3742.864	     4.77145e+09	
      3742.919	     4.77120e+09	
      3743.167	     4.77001e+09	
      3743.663	     4.76762e+09	
      3744.620	     4.76300e+09	
      3744.654	     4.76281e+09	
      3746.445	     4.75420e+09	
      3747.605	     4.74864e+09	
      3748.269	     4.74544e+09	
      3748.844	     4.74271e+09	
      3748.904	     4.74239e+09	
      3748.934	     4.74227e+09	
      3748.964	     4.74211e+09	
      3748.986	     4.74201e+09	
      3749.084	     4.74154e+09	
      3749.118	     4.74139e+09	
      3749.182	     4.74107e+09	
      3749.378	     4.74013e+09	
      3749.409	     4.73997e+09	
      3749.638	     4.73890e+09	
      3749.753	     4.73834e+09	
      3749.867	     4.73780e+09	
      3749.924	     4.73752e+09	
      3749.981	     4.73724e+09	
      3750.038	     4.73699e+09	
      3750.095	     4.73670e+09	
      3750.152	     4.73642e+09	
      3750.209	     4.73617e+09	
      3750.266	     4.73589e+09	
      3750.323	     4.73561e+09	
      3750.437	     4.73507e+09	
      3750.616	     4.73422e+09	
      3750.665	     4.73397e+09	
      3750.716	     4.73372e+09	
      3750.816	     4.73325e+09	
      3750.910	     4.73281e+09	
      3751.016	     4.73231e+09	
      3751.122	     4.73180e+09	
      3751.334	     4.73080e+09	
      3751.481	     4.73008e+09	
      3751.758	     4.72876e+09	
      3752.035	     4.72744e+09	
      3752.588	     4.72480e+09	
      3753.533	     4.72031e+09	
      3753.696	     4.71952e+09	
      3753.782	     4.71911e+09	
      3753.859	     4.71873e+09	
      3754.185	     4.71720e+09	
      3754.274	     4.71676e+09	
      3754.837	     4.71409e+09	
      3755.892	     4.70909e+09	
      3756.086	     4.70815e+09	
      3757.473	     4.70158e+09	
      3757.509	     4.70139e+09	
      3757.548	     4.70124e+09	
      3758.932	     4.69467e+09	
      3760.390	     4.68779e+09	
      3761.656	     4.68179e+09	
      3762.717	     4.67679e+09	
      3763.233	     4.67438e+09	
      3764.809	     4.66696e+09	
      3765.066	     4.66574e+09	
      3766.902	     4.65713e+09	
      3768.545	     4.64943e+09	
      3768.737	     4.64855e+09	
      3768.929	     4.64764e+09	
      3768.971	     4.64745e+09	
      3769.196	     4.64638e+09	
      3769.313	     4.64585e+09	
      3769.655	     4.64425e+09	
      3769.885	     4.64318e+09	
      3770.114	     4.64211e+09	
      3770.228	     4.64158e+09	
      3770.343	     4.64104e+09	
      3770.401	     4.64076e+09	
      3770.458	     4.64051e+09	
      3770.515	     4.64023e+09	
      3770.573	     4.63998e+09	
      3770.630	     4.63969e+09	
      3770.687	     4.63944e+09	
      3770.745	     4.63916e+09	
      3770.802	     4.63891e+09	
      3770.867	     4.63859e+09	
      3770.916	     4.63837e+09	
      3770.967	     4.63812e+09	
      3770.988	     4.63803e+09	
      3771.003	     4.63796e+09	
      3771.067	     4.63768e+09	
      3771.146	     4.63730e+09	
      3771.304	     4.63655e+09	
      3771.604	     4.63517e+09	
      3771.890	     4.63382e+09	
      3771.951	     4.63353e+09	
      3772.206	     4.63237e+09	
      3772.522	     4.63090e+09	
      3773.154	     4.62797e+09	
      3774.357	     4.62238e+09	
      3775.497	     4.61710e+09	
      3776.762	     4.61123e+09	
      3777.127	     4.60956e+09	
      3778.027	     4.60539e+09	
      3778.399	     4.60369e+09	
      3778.927	     4.60124e+09	
      3780.726	     4.59295e+09	
      3781.844	     4.58782e+09	
      3783.053	     4.58226e+09	
      3783.159	     4.58176e+09	
      3784.263	     4.57670e+09	
      3785.367	     4.57165e+09	
      3786.225	     4.56772e+09	
      3787.401	     4.56232e+09	
      3787.574	     4.56153e+09	
      3788.924	     4.55537e+09	
      3790.447	     4.54843e+09	
      3792.841	     4.53753e+09	
      3793.492	     4.53457e+09	
      3794.143	     4.53162e+09	
      3794.897	     4.52820e+09	
      3795.066	     4.52744e+09	
      3795.444	     4.52575e+09	
      3795.991	     4.52327e+09	
      3796.454	     4.52116e+09	
      3796.916	     4.51909e+09	
      3797.147	     4.51805e+09	
      3797.378	     4.51698e+09	
      3797.494	     4.51648e+09	
      3797.609	     4.51595e+09	
      3797.666	     4.51569e+09	
      3797.724	     4.51544e+09	
      3797.782	     4.51516e+09	
      3797.840	     4.51491e+09	
      3797.898	     4.51466e+09	
      3797.956	     4.51437e+09	
      3798.014	     4.51412e+09	
      3798.072	     4.51387e+09	
      3798.187	     4.51334e+09	
      3798.367	     4.51252e+09	
      3798.416	     4.51230e+09	
      3798.467	     4.51208e+09	
      3798.567	     4.51164e+09	
      3798.655	     4.51123e+09	
      3798.753	     4.51079e+09	
      3798.767	     4.51073e+09	
      3798.837	     4.51042e+09	
      3798.879	     4.51023e+09	
      3798.921	     4.51004e+09	
      3799.046	     4.50947e+09	
      3799.089	     4.50929e+09	
      3799.425	     4.50778e+09	
      3799.471	     4.50756e+09	
      3799.804	     4.50608e+09	
      3800.562	     4.50269e+09	
      3801.653	     4.49779e+09	
      3802.319	     4.49480e+09	
      3803.834	     4.48805e+09	
      3805.349	     4.48129e+09	
      3807.837	     4.47020e+09	
      3808.378	     4.46778e+09	
      3808.919	     4.46540e+09	
      3810.000	     4.46059e+09	
      3811.586	     4.45355e+09	
      3812.164	     4.45098e+09	
      3812.742	     4.44843e+09	
      3813.897	     4.44331e+09	
      3815.777	     4.43499e+09	
      3816.093	     4.43360e+09	
      3816.209	     4.43310e+09	
      3816.641	     4.43119e+09	
      3817.439	     4.42767e+09	
      3817.504	     4.42735e+09	
      3818.916	     4.42113e+09	
      3820.393	     4.41460e+09	
      3822.566	     4.40505e+09	
      3823.346	     4.40162e+09	
      3823.512	     4.40090e+09	
      3824.126	     4.39820e+09	
      3825.685	     4.39138e+09	
      3826.804	     4.38648e+09	
      3827.859	     4.38186e+09	
      3828.914	     4.37724e+09	
      3830.454	     4.37052e+09	
      3831.023	     4.36804e+09	
      3831.592	     4.36556e+09	
      3832.001	     4.36380e+09	
      3832.525	     4.36150e+09	
      3832.730	     4.36062e+09	
      3833.458	     4.35745e+09	
      3833.925	     4.35544e+09	
      3834.392	     4.35343e+09	
      3834.626	     4.35239e+09	
      3834.859	     4.35139e+09	
      3834.975	     4.35092e+09	
      3835.092	     4.35041e+09	
      3835.151	     4.35013e+09	
      3835.209	     4.34991e+09	
      3835.267	     4.34966e+09	
      3835.326	     4.34941e+09	
      3835.384	     4.34916e+09	
      3835.442	     4.34891e+09	
      3835.501	     4.34866e+09	
      3835.559	     4.34840e+09	
      3835.626	     4.34812e+09	
      3835.675	     4.34790e+09	
      3835.726	     4.34768e+09	
      3835.743	     4.34762e+09	
      3835.774	     4.34749e+09	
      3835.826	     4.34727e+09	
      3835.909	     4.34690e+09	
      3836.075	     4.34620e+09	
      3836.376	     4.34492e+09	
      3836.646	     4.34375e+09	
      3836.977	     4.34237e+09	
      3837.029	     4.34215e+09	
      3837.308	     4.34096e+09	
      3837.970	     4.33816e+09	
      3838.647	     4.33530e+09	
      3838.911	     4.33417e+09	
      3839.175	     4.33307e+09	
      3839.703	     4.33084e+09	
      3840.758	     4.32616e+09	
      3842.753	     4.31777e+09	
      3842.831	     4.31746e+09	
      3842.870	     4.31727e+09	
      3842.909	     4.31711e+09	
      3843.065	     4.31645e+09	
      3843.377	     4.31517e+09	
      3844.001	     4.31253e+09	
      3844.588	     4.31005e+09	
      3845.248	     4.30728e+09	
      3845.547	     4.30602e+09	
      3845.908	     4.30452e+09	
      3847.228	     4.29899e+09	
      3847.442	     4.29811e+09	
      3848.908	     4.29195e+09	
      3850.375	     4.28582e+09	
      3851.976	     4.27913e+09	
      3853.308	     4.27354e+09	
      3854.640	     4.26795e+09	
      3855.701	     4.26349e+09	
      3857.303	     4.25673e+09	
      3858.906	     4.25004e+09	
      3862.006	     4.23707e+09	
      3862.111	     4.23663e+09	
      3862.216	     4.23619e+09	
      3862.426	     4.23531e+09	
      3862.846	     4.23355e+09	
      3863.685	     4.23003e+09	
      3865.170	     4.22381e+09	
      3865.365	     4.22299e+09	
      3865.560	     4.22214e+09	
      3865.950	     4.22051e+09	
      3866.730	     4.21724e+09	
      3867.675	     4.21328e+09	
      3868.289	     4.21068e+09	
      3868.903	     4.20810e+09	
      3870.131	     4.20298e+09	
      3871.324	     4.19798e+09	
      3872.586	     4.19268e+09	
      3873.848	     4.18733e+09	
      3876.324	     4.17694e+09	
      3876.368	     4.17675e+09	
      3876.371	     4.17672e+09	
      3876.374	     4.17672e+09	
      3876.424	     4.17650e+09	
      3876.524	     4.17609e+09	
      3876.724	     4.17524e+09	
      3876.947	     4.17433e+09	
      3877.124	     4.17357e+09	
      3877.924	     4.17024e+09	
      3878.900	     4.16613e+09	
      3880.290	     4.16029e+09	
      3880.854	     4.15796e+09	
      3881.418	     4.15560e+09	
      3882.546	     4.15089e+09	
      3884.398	     4.14320e+09	
      3884.801	     4.14150e+09	
      3884.923	     4.14100e+09	
      3885.204	     4.13983e+09	
      3886.010	     4.13650e+09	
      3886.151	     4.13594e+09	
      3887.096	     4.13204e+09	
      3887.568	     4.13013e+09	
      3888.042	     4.12821e+09	
      3888.280	     4.12727e+09	
      3888.516	     4.12632e+09	
      3888.633	     4.12585e+09	
      3888.752	     4.12538e+09	
      3888.844	     4.12501e+09	
      3888.866	     4.12494e+09	
      3888.871	     4.12491e+09	
      3888.898	     4.12482e+09	
      3888.930	     4.12469e+09	
      3888.989	     4.12444e+09	
      3889.048	     4.12422e+09	
      3889.107	     4.12397e+09	
      3889.166	     4.12375e+09	
      3889.225	     4.12353e+09	
      3889.294	     4.12325e+09	
      3889.343	     4.12306e+09	
      3889.394	     4.12287e+09	
      3889.408	     4.12281e+09	
      3889.450	     4.12265e+09	
      3889.494	     4.12246e+09	
      3889.580	     4.12212e+09	
      3889.752	     4.12146e+09	
      3890.054	     4.12029e+09	
      3890.315	     4.11929e+09	
      3890.474	     4.11866e+09	
      3890.657	     4.11797e+09	
      3890.999	     4.11668e+09	
      3891.683	     4.11407e+09	
      3892.892	     4.10955e+09	
      3893.942	     4.10562e+09	
      3894.458	     4.10371e+09	
      3895.309	     4.10053e+09	
      3896.219	     4.09714e+09	
      3896.677	     4.09541e+09	
      3898.895	     4.08718e+09	
      3899.603	     4.08454e+09	
      3901.572	     4.07719e+09	
      3903.894	     4.06858e+09	
      3904.248	     4.06726e+09	
      3908.893	     4.04998e+09	
      3913.891	     4.03126e+09	
      3918.890	     4.01225e+09	
      3923.889	     3.99296e+09	
      3928.216	     3.97600e+09	
      3928.353	     3.97550e+09	
      3928.887	     3.97339e+09	
      3929.559	     3.97078e+09	
      3930.903	     3.96551e+09	
      3933.453	     3.95542e+09	
      3935.810	     3.94593e+09	
      3937.347	     3.93962e+09	
      3938.885	     3.93324e+09	
      3940.036	     3.92862e+09	
      3941.960	     3.92074e+09	
      3943.883	     3.91282e+09	
      3946.579	     3.90164e+09	
      3947.730	     3.89677e+09	
      3948.882	     3.89184e+09	
      3950.653	     3.88423e+09	
      3951.015	     3.88273e+09	
      3951.186	     3.88200e+09	
      3951.718	     3.87980e+09	
      3952.784	     3.87528e+09	
      3954.554	     3.86777e+09	
      3957.306	     3.85590e+09	
      3958.093	     3.85257e+09	
      3958.624	     3.85034e+09	
      3958.880	     3.84927e+09	
      3960.453	     3.84258e+09	
      3962.283	     3.83488e+09	
      3965.737	     3.82062e+09	
      3965.942	     3.81980e+09	
      3966.147	     3.81895e+09	
      3966.557	     3.81729e+09	
      3966.675	     3.81682e+09	
      3967.279	     3.81436e+09	
      3967.376	     3.81396e+09	
      3968.078	     3.81116e+09	
      3968.709	     3.80862e+09	
      3968.877	     3.80796e+09	
      3969.045	     3.80726e+09	
      3969.234	     3.80651e+09	
      3969.287	     3.80629e+09	
      3969.381	     3.80595e+09	
      3969.528	     3.80535e+09	
      3969.648	     3.80488e+09	
      3969.769	     3.80441e+09	
      3969.830	     3.80419e+09	
      3969.890	     3.80397e+09	
      3969.950	     3.80375e+09	
      3970.011	     3.80353e+09	
      3970.071	     3.80331e+09	
      3970.131	     3.80312e+09	
      3970.192	     3.80290e+09	
      3970.252	     3.80271e+09	
      3970.323	     3.80249e+09	
      3970.372	     3.80236e+09	
      3970.423	     3.80221e+09	
      3970.432	     3.80218e+09	
      3970.495	     3.80199e+09	
      3970.523	     3.80192e+09	
      3970.613	     3.80164e+09	
      3970.795	     3.80114e+09	
      3971.096	     3.80029e+09	
      3971.333	     3.79963e+09	
      3971.591	     3.79891e+09	
      3971.698	     3.79863e+09	
      3972.063	     3.79759e+09	
      3972.793	     3.79555e+09	
      3973.995	     3.79225e+09	
      3974.936	     3.78964e+09	
      3976.398	     3.78571e+09	
      3976.845	     3.78449e+09	
      3977.860	     3.78179e+09	
      3978.874	     3.77908e+09	
      3979.577	     3.77726e+09	
      3980.904	     3.77384e+09	
      3982.230	     3.77035e+09	
      3984.180	     3.76539e+09	
      3984.884	     3.76360e+09	
      3985.119	     3.76300e+09	
      3985.588	     3.76181e+09	
      3986.995	     3.75810e+09	
      3988.872	     3.75314e+09	
      3991.379	     3.74657e+09	
      3992.625	     3.74327e+09	
      3993.854	     3.73997e+09	
      3993.870	     3.73994e+09	
      3996.362	     3.73303e+09	
      3998.869	     3.72602e+09	
      4003.868	     3.71176e+09	
      4008.866	     3.69690e+09	
      4013.865	     3.68151e+09	
      4018.864	     3.66586e+09	
      4023.863	     3.64959e+09	
      4025.341	     3.64469e+09	
      4028.861	     3.63269e+09	
      4032.381	     3.62040e+09	
      4032.946	     3.61839e+09	
      4033.860	     3.61509e+09	
      4035.902	     3.60787e+09	
      4038.859	     3.59728e+09	
      4043.857	     3.57871e+09	
      4048.856	     3.55939e+09	
      4053.855	     3.53872e+09	
      4058.853	     3.51613e+09	
      4063.852	     3.49452e+09	
      4068.851	     3.47096e+09	
      4073.849	     3.44598e+09	
      4075.421	     3.43806e+09	
      4078.848	     3.42123e+09	
      4082.275	     3.40291e+09	
      4082.559	     3.40147e+09	
      4084.004	     3.39386e+09	
      4085.702	     3.38494e+09	
      4088.845	     3.36779e+09	
      4089.695	     3.36311e+09	
      4093.687	     3.34140e+09	
      4096.515	     3.32754e+09	
      4097.679	     3.32245e+09	
      4098.010	     3.32107e+09	
      4098.678	     3.31856e+09	
      4098.843	     3.31796e+09	
      4099.676	     3.31520e+09	
      4100.174	     3.31378e+09	
      4100.673	     3.31259e+09	
      4100.922	     3.31209e+09	
      4101.172	     3.31162e+09	
      4101.297	     3.31140e+09	
      4101.422	     3.31118e+09	
      4101.485	     3.31105e+09	
      4101.547	     3.31092e+09	
      4101.609	     3.31080e+09	
      4101.672	     3.31064e+09	
      4101.734	     3.31048e+09	
      4101.797	     3.31030e+09	
      4101.859	     3.31011e+09	
      4101.922	     3.30989e+09	
      4102.047	     3.30942e+09	
      4102.296	     3.30844e+09	
      4102.745	     3.30678e+09	
      4102.794	     3.30659e+09	
      4102.845	     3.30643e+09	
      4102.945	     3.30612e+09	
      4103.145	     3.30546e+09	
      4103.296	     3.30496e+09	
      4103.545	     3.30423e+09	
      4103.794	     3.30357e+09	
      4104.291	     3.30232e+09	
      4104.785	     3.30134e+09	
      4105.287	     3.30034e+09	
      4105.789	     3.29958e+09	
      4106.793	     3.29820e+09	
      4108.680	     3.29669e+09	
      4108.760	     3.29663e+09	
      4108.800	     3.29660e+09	
      4108.840	     3.29657e+09	
      4108.859	     3.29657e+09	
      4109.000	     3.29644e+09	
      4109.320	     3.29619e+09	
      4109.781	     3.29588e+09	
      4110.703	     3.29569e+09	
      4111.319	     3.29556e+09	
      4112.546	     3.29515e+09	
      4113.774	     3.29487e+09	
      4114.693	     3.29471e+09	
      4116.229	     3.29446e+09	
      4116.694	     3.29437e+09	
      4117.766	     3.29390e+09	
      4118.126	     3.29371e+09	
      4118.838	     3.29327e+09	
      4120.981	     3.29236e+09	
      4123.836	     3.29132e+09	
      4126.144	     3.28978e+09	
      4128.835	     3.28724e+09	
      4129.605	     3.28683e+09	
      4131.526	     3.28545e+09	
      4133.834	     3.28353e+09	
      4134.219	     3.28328e+09	
      4138.832	     3.27857e+09	
      4143.831	     3.27150e+09	
      4148.830	     3.26512e+09	
      4153.828	     3.25711e+09	
      4158.827	     3.24775e+09	
      4163.826	     3.23760e+09	
      4168.824	     3.22670e+09	
      4173.823	     3.21558e+09	
      4178.822	     3.20389e+09	
      4183.820	     3.19176e+09	
      4188.819	     3.17923e+09	
      4193.818	     3.16647e+09	
      4198.817	     3.15356e+09	
      4203.815	     3.14043e+09	
      4208.814	     3.12708e+09	
      4213.813	     3.11354e+09	
      4216.525	     3.10610e+09	
      4217.242	     3.10413e+09	
      4218.811	     3.09978e+09	
      4221.098	     3.09342e+09	
      4223.810	     3.08580e+09	
      4224.954	     3.08257e+09	
      4228.809	     3.07158e+09	
      4233.807	     3.05704e+09	
      4238.806	     3.04202e+09	
      4243.805	     3.02652e+09	
      4248.803	     3.01047e+09	
      4253.802	     2.99422e+09	
      4258.801	     2.97722e+09	
      4263.799	     2.95925e+09	
      4268.798	     2.94005e+09	
      4273.797	     2.91960e+09	
      4278.795	     2.89880e+09	
      4283.794	     2.87665e+09	
      4288.793	     2.85376e+09	
      4293.791	     2.82846e+09	
      4298.790	     2.80121e+09	
      4303.789	     2.77592e+09	
      4308.788	     2.74847e+09	
      4313.786	     2.71802e+09	
      4314.073	     2.71656e+09	
      4318.785	     2.69017e+09	
      4320.854	     2.67688e+09	
      4323.497	     2.66034e+09	
      4326.139	     2.64361e+09	
      4326.475	     2.64130e+09	
      4328.782	     2.62547e+09	
      4330.233	     2.61598e+09	
      4331.090	     2.60966e+09	
      4331.149	     2.60920e+09	
      4331.946	     2.60324e+09	
      4333.660	     2.59025e+09	
      4334.060	     2.58715e+09	
      4336.171	     2.56941e+09	
      4337.786	     2.55349e+09	
      4338.220	     2.54894e+09	
      4338.283	     2.54816e+09	
      4338.780	     2.54210e+09	
      4338.812	     2.54175e+09	
      4339.339	     2.53526e+09	
      4339.602	     2.53151e+09	
      4339.867	     2.52757e+09	
      4340.001	     2.52559e+09	
      4340.132	     2.52369e+09	
      4340.197	     2.52281e+09	
      4340.263	     2.52205e+09	
      4340.329	     2.52144e+09	
      4340.395	     2.52099e+09	
      4340.461	     2.52074e+09	
      4340.527	     2.52071e+09	
      4340.593	     2.52088e+09	
      4340.659	     2.52122e+09	
      4340.791	     2.52231e+09	
      4341.005	     2.52453e+09	
      4341.055	     2.52506e+09	
      4341.105	     2.52566e+09	
      4341.205	     2.52669e+09	
      4341.227	     2.52690e+09	
      4341.238	     2.52700e+09	
      4341.405	     2.52876e+09	
      4341.583	     2.53050e+09	
      4341.939	     2.53343e+09	
      4342.640	     2.53889e+09	
      4343.330	     2.54345e+09	
      4343.570	     2.54500e+09	
      4344.041	     2.54750e+09	
      4344.752	     2.55101e+09	
      4346.174	     2.55692e+09	
      4348.578	     2.56496e+09	
      4348.777	     2.56566e+09	
      4348.976	     2.56633e+09	
      4349.374	     2.56755e+09	
      4350.170	     2.57001e+09	
      4350.322	     2.57045e+09	
      4351.761	     2.57384e+09	
      4353.201	     2.57652e+09	
      4354.734	     2.58068e+09	
      4356.077	     2.58349e+09	
      4356.080	     2.58349e+09	
      4357.426	     2.58560e+09	
      4358.774	     2.58818e+09	
      4359.170	     2.58882e+09	
      4361.472	     2.59268e+09	
      4363.773	     2.59600e+09	
      4367.980	     2.59988e+09	
      4368.376	     2.60059e+09	
      4368.524	     2.60084e+09	
      4368.772	     2.60125e+09	
      4369.563	     2.60247e+09	
      4371.147	     2.60453e+09	
      4373.770	     2.60739e+09	
      4378.769	     2.61042e+09	
      4383.768	     2.61187e+09	
      4388.766	     2.61509e+09	
      4393.765	     2.61552e+09	
      4398.764	     2.61376e+09	
      4403.762	     2.61164e+09	
      4408.761	     2.60805e+09	
      4413.760	     2.60414e+09	
      4418.758	     2.59885e+09	
      4423.757	     2.59251e+09	
      4428.756	     2.58535e+09	
      4433.754	     2.57768e+09	
      4438.753	     2.56974e+09	
      4443.752	     2.56134e+09	
      4448.751	     2.55254e+09	
      4453.749	     2.54340e+09	
      4458.748	     2.53405e+09	
      4463.747	     2.52456e+09	
      4468.745	     2.51494e+09	
      4473.744	     2.50522e+09	
      4478.743	     2.49545e+09	
      4483.741	     2.48562e+09	
      4488.740	     2.47575e+09	
      4493.739	     2.46587e+09	
      4498.737	     2.45598e+09	
      4503.736	     2.44608e+09	
      4508.735	     2.43618e+09	
      4513.733	     2.42629e+09	
      4514.118	     2.42552e+09	
      4518.732	     2.41640e+09	
      4523.346	     2.40730e+09	
      4527.190	     2.39972e+09	
      4527.960	     2.39821e+09	
      4528.729	     2.39670e+09	
      4530.269	     2.39367e+09	
      4532.968	     2.38837e+09	
      4533.288	     2.38774e+09	
      4533.348	     2.38762e+09	
      4533.728	     2.38688e+09	
      4534.488	     2.38539e+09	
      4536.007	     2.38240e+09	
      4538.727	     2.37708e+09	
      4543.725	     2.36732e+09	
      4548.724	     2.35758e+09	
      4553.723	     2.34787e+09	
      4558.721	     2.33820e+09	
      4563.720	     2.32855e+09	
      4568.719	     2.31894e+09	
      4573.717	     2.30937e+09	
      4578.716	     2.29982e+09	
      4583.715	     2.29032e+09	
      4588.713	     2.28084e+09	
      4593.712	     2.27140e+09	
      4596.529	     2.26610e+09	
      4596.984	     2.26524e+09	
      4598.711	     2.26199e+09	
      4600.892	     2.25790e+09	
      4603.709	     2.25265e+09	
      4604.800	     2.25061e+09	
      4608.708	     2.24331e+09	
      4613.707	     2.23400e+09	
      4618.705	     2.22472e+09	
      4623.704	     2.21548e+09	
      4628.703	     2.20626e+09	
      4633.701	     2.19707e+09	
      4638.700	     2.18789e+09	
      4643.699	     2.17874e+09	
      4648.697	     2.16962e+09	
      4653.696	     2.16051e+09	
      4658.695	     2.15142e+09	
      4663.694	     2.14235e+09	
      4668.692	     2.13328e+09	
      4673.691	     2.12423e+09	
      4678.690	     2.11517e+09	
      4683.688	     2.10611e+09	
      4688.687	     2.09705e+09	
      4693.686	     2.08795e+09	
      4698.684	     2.07881e+09	
      4703.683	     2.06962e+09	
      4708.682	     2.06038e+09	
      4713.680	     2.05108e+09	
      4715.603	     2.04748e+09	
      4718.679	     2.04172e+09	
      4720.984	     2.03738e+09	
      4721.755	     2.03593e+09	
      4723.678	     2.03229e+09	
      4724.830	     2.03010e+09	
      4728.676	     2.02274e+09	
      4733.675	     2.01305e+09	
      4738.674	     2.00321e+09	
      4743.672	     1.99319e+09	
      4748.671	     1.98292e+09	
      4753.670	     1.97237e+09	
      4758.668	     1.96167e+09	
      4763.667	     1.95064e+09	
      4768.666	     1.93920e+09	
      4773.664	     1.92764e+09	
      4778.663	     1.91565e+09	
      4783.662	     1.90306e+09	
      4788.660	     1.88976e+09	
      4793.659	     1.87561e+09	
      4798.658	     1.86109e+09	
      4803.656	     1.84563e+09	
      4808.655	     1.82976e+09	
      4813.654	     1.81252e+09	
      4818.652	     1.79366e+09	
      4823.651	     1.77475e+09	
      4828.650	     1.75438e+09	
      4833.648	     1.73161e+09	
      4834.972	     1.72551e+09	
      4838.647	     1.70886e+09	
      4839.161	     1.70640e+09	
      4842.322	     1.69037e+09	
      4845.483	     1.67399e+09	
      4845.503	     1.67389e+09	
      4847.054	     1.66580e+09	
      4848.644	     1.65656e+09	
      4851.785	     1.63920e+09	
      4854.393	     1.62384e+09	
      4856.517	     1.61130e+09	
      4858.401	     1.60228e+09	
      4858.642	     1.60144e+09	
      4858.664	     1.60136e+09	
      4858.883	     1.60053e+09	
      4859.364	     1.60002e+09	
      4859.473	     1.60001e+09	
      4860.065	     1.60149e+09	
      4860.361	     1.60350e+09	
      4860.657	     1.60735e+09	
      4860.805	     1.61006e+09	
      4860.953	     1.61296e+09	
      4861.027	     1.61430e+09	
      4861.101	     1.61556e+09	
      4861.175	     1.61659e+09	
      4861.248	     1.61721e+09	
      4861.322	     1.61738e+09	
      4861.396	     1.61703e+09	
      4861.470	     1.61621e+09	
      4861.543	     1.61503e+09	
      4861.641	     1.61310e+09	
      4861.687	     1.61215e+09	
      4861.689	     1.61211e+09	
      4861.691	     1.61206e+09	
      4861.695	     1.61196e+09	
      4861.741	     1.61092e+09	
      4861.841	     1.60876e+09	
      4861.979	     1.60590e+09	
      4861.987	     1.60574e+09	
      4862.279	     1.60123e+09	
      4862.579	     1.59846e+09	
      4862.596	     1.59833e+09	
      4863.178	     1.59555e+09	
      4863.761	     1.59466e+09	
      4864.927	     1.59642e+09	
      4865.991	     1.59943e+09	
      4866.059	     1.59956e+09	
      4866.093	     1.59962e+09	
      4866.127	     1.59968e+09	
      4866.263	     1.59990e+09	
      4866.535	     1.60097e+09	
      4867.078	     1.60295e+09	
      4867.693	     1.60520e+09	
      4868.166	     1.60669e+09	
      4868.311	     1.60716e+09	
      4868.639	     1.60815e+09	
      4869.585	     1.61126e+09	
      4870.858	     1.61578e+09	
      4872.064	     1.61924e+09	
      4873.406	     1.62336e+09	
      4874.747	     1.62769e+09	
      4876.225	     1.63202e+09	
      4876.951	     1.63387e+09	
      4877.431	     1.63500e+09	
      4878.636	     1.63786e+09	
      4880.322	     1.64242e+09	
      4882.908	     1.64874e+09	
      4883.461	     1.64996e+09	
      4883.635	     1.65033e+09	
      4883.693	     1.65045e+09	
      4884.478	     1.65206e+09	
      4886.047	     1.65507e+09	
      4888.634	     1.65952e+09	
      4893.632	     1.66861e+09	
      4898.631	     1.67509e+09	
      4903.630	     1.67994e+09	
      4908.628	     1.68436e+09	
      4913.627	     1.68719e+09	
      4915.550	     1.68788e+09	
      4918.240	     1.68851e+09	
      4918.626	     1.68857e+09	
      4921.701	     1.68914e+09	
      4923.624	     1.68933e+09	
      4925.162	     1.68938e+09	
      4928.623	     1.68913e+09	
      4933.622	     1.68843e+09	
      4938.620	     1.68689e+09	
      4943.619	     1.68463e+09	
      4948.618	     1.68177e+09	
      4953.616	     1.67843e+09	
      4958.615	     1.67493e+09	
      4963.614	     1.67103e+09	
      4968.612	     1.66680e+09	
      4973.611	     1.66241e+09	
      4978.610	     1.65776e+09	
      4983.608	     1.65288e+09	
      4988.607	     1.64783e+09	
      4993.606	     1.64263e+09	
      4998.604	     1.63731e+09	
      5003.603	     1.63188e+09	
      5008.602	     1.62638e+09	
      5013.600	     1.62083e+09	
      5018.599	     1.61521e+09	
      5023.598	     1.60955e+09	
      5028.596	     1.60386e+09	
      5033.595	     1.59813e+09	
      5038.594	     1.59237e+09	
      5043.592	     1.58660e+09	
      5048.591	     1.58082e+09	
      5053.590	     1.57504e+09	
      5058.588	     1.56927e+09	
      5063.587	     1.56350e+09	
      5068.586	     1.55774e+09	
      5073.584	     1.55199e+09	
      5078.583	     1.54625e+09	
      5083.582	     1.54052e+09	
      5088.580	     1.53482e+09	
      5093.579	     1.52912e+09	
      5098.578	     1.52344e+09	
      5103.576	     1.51777e+09	
      5108.575	     1.51213e+09	
      5113.574	     1.50651e+09	
      5118.572	     1.50091e+09	
      5123.571	     1.49532e+09	
      5128.570	     1.48976e+09	
      5133.568	     1.48422e+09	
      5138.567	     1.47871e+09	
      5143.566	     1.47321e+09	
      5148.564	     1.46774e+09	
      5153.563	     1.46229e+09	
      5158.562	     1.45686e+09	
      5163.560	     1.45146e+09	
      5168.559	     1.44608e+09	
      5173.558	     1.44072e+09	
      5178.556	     1.43539e+09	
      5183.555	     1.43007e+09	
      5188.554	     1.42478e+09	
      5193.552	     1.41952e+09	
      5198.551	     1.41428e+09	
      5203.550	     1.40905e+09	
      5208.548	     1.40386e+09	
      5213.547	     1.39868e+09	
      5218.546	     1.39353e+09	
      5223.544	     1.38840e+09	
      5228.543	     1.38329e+09	
      5233.542	     1.37821e+09	
      5238.540	     1.37315e+09	
      5243.539	     1.36811e+09	
      5248.537	     1.36309e+09	
      5253.536	     1.35810e+09	
      5258.535	     1.35313e+09	
      5263.533	     1.34818e+09	
      5268.532	     1.34325e+09	
      5273.531	     1.33834e+09	
      5278.529	     1.33346e+09	
      5283.528	     1.32860e+09	
      5288.527	     1.32376e+09	
      5293.525	     1.31894e+09	
      5298.524	     1.31414e+09	
      5303.523	     1.30937e+09	
      5308.521	     1.30461e+09	
      5313.520	     1.29988e+09	
      5318.519	     1.29517e+09	
      5323.517	     1.29048e+09	
      5328.516	     1.28581e+09	
      5333.515	     1.28116e+09	
      5338.513	     1.27653e+09	
      5343.512	     1.27192e+09	
      5348.511	     1.26733e+09	
      5353.509	     1.26277e+09	
      5358.508	     1.25822e+09	
      5363.507	     1.25381e+09	
      5368.505	     1.24930e+09	
      5373.504	     1.24481e+09	
      5378.503	     1.24034e+09	
      5383.501	     1.23589e+09	
      5388.500	     1.23146e+09	
      5393.499	     1.22705e+09	
      5398.497	     1.22266e+09	
      5403.496	     1.21829e+09	
      5408.495	     1.21394e+09	
      5413.493	     1.20960e+09	
      5418.492	     1.20529e+09	
      5423.491	     1.20100e+09	
      5428.489	     1.19672e+09	
      5433.488	     1.19247e+09	
      5438.487	     1.18823e+09	
      5443.485	     1.18401e+09	
      5448.484	     1.17981e+09	
      5453.483	     1.17563e+09	
      5458.481	     1.17147e+09	
      5463.480	     1.16732e+09	
      5468.479	     1.16320e+09	
      5473.477	     1.15909e+09	
      5478.476	     1.15500e+09	
      5483.475	     1.15093e+09	
      5488.473	     1.14687e+09	
      5493.472	     1.14284e+09	
      5498.471	     1.13882e+09	
      5503.469	     1.13482e+09	
      5508.468	     1.13084e+09	
      5513.466	     1.12687e+09	
      5518.465	     1.12292e+09	
      5523.464	     1.11899e+09	
      5528.462	     1.11508e+09	
      5533.461	     1.11118e+09	
      5538.460	     1.10730e+09	
      5543.458	     1.10344e+09	
      5548.457	     1.09960e+09	
      5553.456	     1.09577e+09	
      5558.454	     1.09195e+09	
      5563.453	     1.08816e+09	
      5568.452	     1.08438e+09	
      5573.450	     1.08062e+09	
      5578.449	     1.07687e+09	
      5583.448	     1.07314e+09	
      5588.446	     1.06943e+09	
      5593.445	     1.06573e+09	
      5598.444	     1.06204e+09	
      5603.442	     1.05838e+09	
      5608.441	     1.05473e+09	
      5613.440	     1.05109e+09	
      5618.438	     1.04747e+09	
      5623.437	     1.04387e+09	
      5628.436	     1.04028e+09	
      5633.434	     1.03671e+09	
      5638.433	     1.03315e+09	
      5643.432	     1.02961e+09	
      5648.430	     1.02609e+09	
      5653.429	     1.02257e+09	
      5658.428	     1.01908e+09	
      5663.426	     1.01559e+09	
      5668.425	     1.01241e+09	
      5673.424	     1.00896e+09	
      5673.979	     1.00857e+09	
      5678.422	     1.00552e+09	
      5682.865	     1.00247e+09	
      5686.198	     1.00019e+09	
      5687.309	     9.99435e+08	
      5687.864	     9.99058e+08	
      5688.420	     9.98678e+08	
      5690.641	     9.97167e+08	
      5693.418	     9.95279e+08	
      5698.417	     9.91898e+08	
      5703.415	     9.88527e+08	
      5704.770	     9.87619e+08	
      5708.414	     9.85175e+08	
      5708.882	     9.84861e+08	
      5712.058	     9.82737e+08	
      5713.413	     9.81833e+08	
      5715.234	     9.80620e+08	
      5718.411	     9.78509e+08	
      5723.410	     9.75197e+08	
      5728.409	     9.71899e+08	
      5733.407	     9.68613e+08	
      5738.406	     9.65345e+08	
      5743.405	     9.62088e+08	
      5748.403	     9.58845e+08	
      5753.402	     9.55616e+08	
      5758.401	     9.52402e+08	
      5763.399	     9.49129e+08	
      5768.398	     9.45940e+08	
      5773.397	     9.42767e+08	
      5778.395	     9.39603e+08	
      5783.394	     9.36455e+08	
      5788.393	     9.33320e+08	
      5793.391	     9.30197e+08	
      5798.390	     9.27087e+08	
      5803.389	     9.23990e+08	
      5808.387	     9.20908e+08	
      5813.386	     9.17835e+08	
      5818.385	     9.14778e+08	
      5823.383	     9.11731e+08	
      5828.382	     9.08699e+08	
      5833.381	     9.05680e+08	
      5838.379	     9.02671e+08	
      5843.378	     8.99677e+08	
      5848.377	     8.96695e+08	
      5853.375	     8.93723e+08	
      5858.374	     8.90767e+08	
      5863.372	     8.87820e+08	
      5868.371	     8.84886e+08	
      5873.370	     8.81964e+08	
      5878.368	     8.79055e+08	
      5883.367	     8.76159e+08	
      5888.366	     8.73272e+08	
      5893.364	     8.70397e+08	
      5898.363	     8.67535e+08	
      5903.362	     8.64686e+08	
      5908.360	     8.61846e+08	
      5913.359	     8.59018e+08	
      5918.358	     8.56203e+08	
      5923.356	     8.53398e+08	
      5928.355	     8.50605e+08	
      5933.354	     8.47825e+08	
      5938.352	     8.45054e+08	
      5943.351	     8.42292e+08	
      5948.350	     8.39547e+08	
      5953.348	     8.36807e+08	
      5958.347	     8.34083e+08	
      5963.346	     8.31369e+08	
      5968.344	     8.28664e+08	
      5973.343	     8.25972e+08	
      5978.342	     8.23289e+08	
      5983.340	     8.20619e+08	
      5988.339	     8.17958e+08	
      5993.338	     8.15306e+08	
      5998.336	     8.12667e+08	
      6003.335	     8.10038e+08	
      6008.333	     8.07421e+08	
      6013.332	     8.04813e+08	
      6018.331	     8.02218e+08	
      6023.329	     7.99630e+08	
      6028.328	     7.97053e+08	
      6033.327	     7.94490e+08	
      6038.325	     7.91933e+08	
      6043.324	     7.89388e+08	
      6048.323	     7.86850e+08	
      6053.321	     7.84327e+08	
      6058.320	     7.81810e+08	
      6063.319	     7.79303e+08	
      6068.317	     7.76806e+08	
      6073.316	     7.74321e+08	
      6078.315	     7.71845e+08	
      6083.313	     7.69376e+08	
      6088.312	     7.66919e+08	
      6093.311	     7.64472e+08	
      6098.309	     7.62034e+08	
      6103.308	     7.59603e+08	
      6108.307	     7.57184e+08	
      6113.305	     7.54774e+08	
      6118.304	     7.52371e+08	
      6123.303	     7.49980e+08	
      6128.301	     7.47595e+08	
      6133.300	     7.45223e+08	
      6138.298	     7.42858e+08	
      6143.297	     7.40502e+08	
      6148.296	     7.38155e+08	
      6153.294	     7.35818e+08	
      6158.293	     7.33490e+08	
      6163.292	     7.31168e+08	
      6168.290	     7.28856e+08	
      6173.289	     7.26553e+08	
      6178.288	     7.24256e+08	
      6183.286	     7.21969e+08	
      6188.285	     7.19692e+08	
      6193.284	     7.17420e+08	
      6198.282	     7.15158e+08	
      6203.281	     7.12906e+08	
      6208.280	     7.10660e+08	
      6213.278	     7.08423e+08	
      6218.277	     7.06192e+08	
      6223.276	     7.03968e+08	
      6228.274	     7.01753e+08	
      6233.273	     6.99548e+08	
      6238.272	     6.97346e+08	
      6243.270	     6.95153e+08	
      6244.381	     6.94666e+08	
      6248.269	     6.92966e+08	
      6252.157	     6.91273e+08	
      6253.821	     6.90547e+08	
      6256.044	     6.89583e+08	
      6258.266	     6.88618e+08	
      6262.157	     6.86931e+08	
      6262.711	     6.86692e+08	
      6263.265	     6.86454e+08	
      6264.372	     6.85973e+08	
      6264.912	     6.85741e+08	
      6266.588	     6.85018e+08	
      6268.263	     6.84295e+08	
      6269.967	     6.83560e+08	
      6271.615	     6.82850e+08	
      6273.262	     6.82143e+08	
      6274.854	     6.81459e+08	
      6276.557	     6.80727e+08	
      6278.261	     6.79998e+08	
      6280.076	     6.79219e+08	
      6281.668	     6.78537e+08	
      6283.259	     6.77858e+08	
      6284.627	     6.77274e+08	
      6286.443	     6.76498e+08	
      6288.258	     6.75722e+08	
      6290.521	     6.74758e+08	
      6291.889	     6.74176e+08	
      6293.257	     6.73595e+08	
      6293.729	     6.73394e+08	
      6295.992	     6.72436e+08	
      6298.255	     6.71475e+08	
      6302.310	     6.69762e+08	
      6302.782	     6.69561e+08	
      6303.254	     6.69363e+08	
      6303.918	     6.69084e+08	
      6304.198	     6.68964e+08	
      6306.085	     6.68170e+08	
      6308.253	     6.67255e+08	
      6311.924	     6.65710e+08	
      6312.587	     6.65430e+08	
      6313.251	     6.65154e+08	
      6314.579	     6.64595e+08	
      6316.219	     6.63906e+08	
      6317.234	     6.63479e+08	
      6317.314	     6.63448e+08	
      6318.250	     6.63055e+08	
      6320.281	     6.62204e+08	
      6323.249	     6.60960e+08	
      6328.247	     6.58871e+08	
      6333.246	     6.56785e+08	
      6338.245	     6.54708e+08	
      6343.243	     6.52631e+08	
      6348.242	     6.50558e+08	
      6353.241	     6.48488e+08	
      6358.239	     6.46420e+08	
      6363.238	     6.44350e+08	
      6368.236	     6.42283e+08	
      6373.235	     6.40216e+08	
      6378.234	     6.38145e+08	
      6383.232	     6.36075e+08	
      6388.231	     6.34002e+08	
      6393.230	     6.31922e+08	
      6398.228	     6.29833e+08	
      6403.227	     6.27737e+08	
      6408.226	     6.25632e+08	
      6413.224	     6.23515e+08	
      6418.223	     6.21385e+08	
      6423.222	     6.19236e+08	
      6428.220	     6.17065e+08	
      6433.219	     6.14873e+08	
      6438.218	     6.12648e+08	
      6443.216	     6.10393e+08	
      6448.215	     6.08096e+08	
      6453.214	     6.05752e+08	
      6458.212	     6.03359e+08	
      6463.211	     6.00905e+08	
      6468.210	     5.98382e+08	
      6473.208	     5.95787e+08	
      6478.207	     5.93111e+08	
      6483.205	     5.90321e+08	
      6488.204	     5.87412e+08	
      6493.203	     5.84361e+08	
      6498.201	     5.81148e+08	
      6503.200	     5.77748e+08	
      6508.199	     5.74154e+08	
      6513.197	     5.70318e+08	
      6518.196	     5.66184e+08	
      6523.195	     5.61764e+08	
      6523.719	     5.61283e+08	
      6528.193	     5.57020e+08	
      6532.668	     5.52421e+08	
      6536.095	     5.48651e+08	
      6537.143	     5.47514e+08	
      6537.383	     5.47250e+08	
      6538.191	     5.46351e+08	
      6540.286	     5.43942e+08	
      6543.189	     5.40385e+08	
      6546.457	     5.36150e+08	
      6546.724	     5.35799e+08	
      6548.188	     5.33807e+08	
      6549.918	     5.31281e+08	
      6553.113	     5.26531e+08	
      6554.426	     5.24341e+08	
      6556.306	     5.21102e+08	
      6556.871	     5.19984e+08	
      6557.903	     5.17804e+08	
      6558.185	     5.17160e+08	
      6558.701	     5.15831e+08	
      6559.500	     5.13496e+08	
      6560.298	     5.10477e+08	
      6560.698	     5.08508e+08	
      6561.096	     5.05875e+08	
      6561.495	     5.02488e+08	
      6561.845	     4.97993e+08	
      6561.895	     4.97179e+08	
      6561.945	     4.96312e+08	
      6562.045	     4.94462e+08	
      6562.098	     4.93447e+08	
      6562.196	     4.91684e+08	
      6562.245	     4.90808e+08	
      6562.294	     4.89869e+08	
      6562.444	     4.87594e+08	
      6562.486	     4.86994e+08	
      6562.490	     4.86947e+08	
      6562.494	     4.86900e+08	
      6562.544	     4.86337e+08	
      6562.594	     4.85832e+08	
      6562.693	     4.85172e+08	
      6562.793	     4.84921e+08	
      6562.892	     4.85112e+08	
      6562.992	     4.85722e+08	
      6563.092	     4.86733e+08	
      6563.291	     4.89570e+08	
      6563.490	     4.93095e+08	
      6563.641	     4.95831e+08	
      6563.687	     4.96607e+08	
      6563.689	     4.96639e+08	
      6563.691	     4.96670e+08	
      6563.741	     4.97452e+08	
      6563.841	     4.98857e+08	
      6564.041	     5.01229e+08	
      6564.294	     5.03544e+08	
      6564.392	     5.04254e+08	
      6564.441	     5.04581e+08	
      6564.490	     5.04895e+08	
      6564.685	     5.06180e+08	
      6565.077	     5.08159e+08	
      6565.636	     5.10261e+08	
      6565.861	     5.10958e+08	
      6566.086	     5.11568e+08	
      6566.536	     5.12611e+08	
      6566.689	     5.12981e+08	
      6567.085	     5.13845e+08	
      6567.436	     5.14505e+08	
      6568.183	     5.15711e+08	
      6569.280	     5.17254e+08	
      6570.478	     5.18595e+08	
      6571.476	     5.19695e+08	
      6572.473	     5.20732e+08	
      6573.270	     5.21495e+08	
      6574.469	     5.22544e+08	
      6575.667	     5.23509e+08	
      6577.950	     5.25372e+08	
      6578.065	     5.25460e+08	
      6578.180	     5.25541e+08	
      6578.410	     5.25708e+08	
      6578.870	     5.26031e+08	
      6579.789	     5.26644e+08	
      6580.079	     5.26848e+08	
      6581.629	     5.27888e+08	
      6583.178	     5.28856e+08	
      6584.378	     5.29563e+08	
      6586.278	     5.30580e+08	
      6587.911	     5.31375e+08	
      6588.177	     5.31495e+08	
      6588.443	     5.31617e+08	
      6588.975	     5.31853e+08	
      6590.039	     5.32321e+08	
      6591.023	     5.32780e+08	
      6592.166	     5.33285e+08	
      6593.014	     5.33643e+08	
      6593.309	     5.33766e+08	
      6595.594	     5.34636e+08	
      6598.174	     5.35497e+08	
      6603.335	     5.36889e+08	
      6613.656	     5.38610e+08	
      6623.977	     5.39097e+08	
      6634.299	     5.38689e+08	
      6639.690	     5.38189e+08	
      6644.620	     5.37596e+08	
      6654.941	     5.35993e+08	
      6675.584	     5.31821e+08	
      6711.477	     5.22843e+08	
      6747.370	     5.13016e+08	
      6813.534	     4.94590e+08	
      6819.157	     4.93038e+08	
      6824.779	     4.91490e+08	
      6836.024	     4.88408e+08	
      6858.514	     4.82297e+08	
      6903.494	     4.70296e+08	
      6993.454	     4.47278e+08	
      7057.680	     4.31661e+08	
      7083.413	     4.25592e+08	
      7109.146	     4.19626e+08	
      7160.612	     4.07999e+08	
      7212.078	     3.96774e+08	
      7263.544	     3.85926e+08	
      7315.011	     3.75449e+08	
      7339.439	     3.70598e+08	
      7366.477	     3.65333e+08	
      7393.514	     3.60149e+08	
      7447.590	     3.50052e+08	
      7501.665	     3.40310e+08	
      7555.740	     3.30904e+08	
      7609.816	     3.21822e+08	
      7649.901	     3.15287e+08	
      7663.891	     3.13047e+08	
      7677.881	     3.10825e+08	
      7705.862	     3.06442e+08	
      7761.822	     2.97906e+08	
      7817.783	     2.89665e+08	
      7873.744	     2.81707e+08	
      7897.162	     2.78458e+08	
      7929.705	     2.74021e+08	
      7962.248	     2.69671e+08	
      7972.119	     2.68369e+08	
      8027.334	     2.61228e+08	
      8082.550	     2.54324e+08	
      8137.765	     2.47647e+08	
      8183.110	     2.42326e+08	
      8192.980	     2.41187e+08	
      8200.850	     2.40283e+08	
      8202.850	     2.40054e+08	
      8204.849	     2.39826e+08	
      8208.848	     2.39370e+08	
      8216.846	     2.38460e+08	
      8232.842	     2.36654e+08	
      8264.833	     2.33093e+08	
      8289.715	     2.30369e+08	
      8328.816	     2.26170e+08	
      8343.441	     2.24623e+08	
      8367.916	     2.22065e+08	
      8371.465	     2.21697e+08	
      8388.684	     2.19923e+08	
      8392.391	     2.19543e+08	
      8408.650	     2.17888e+08	
      8413.318	     2.17415e+08	
      8432.024	     2.15535e+08	
      8437.951	     2.14943e+08	
      8467.252	     2.12049e+08	
      8473.978	     2.11391e+08	
      8502.481	     2.08633e+08	
      8516.584	     2.07285e+08	
      8530.983	     2.05919e+08	
      8545.382	     2.04566e+08	
      8549.972	     2.04136e+08	
      8574.180	     2.01891e+08	
      8598.388	     1.99676e+08	
      8628.597	     1.96956e+08	
      8646.805	     1.95338e+08	
      8652.391	     1.94845e+08	
      8665.013	     1.93737e+08	
      8685.587	     1.91947e+08	
      8701.429	     1.90583e+08	
      8750.468	     1.86437e+08	
      8767.917	     1.84988e+08	
      8815.350	     1.81123e+08	
      8862.782	     1.77360e+08	
      8900.383	     1.74446e+08	
      8957.646	     1.70118e+08	
      9014.908	     1.65925e+08	
      9044.624	     1.63802e+08	
      9072.171	     1.61865e+08	
      9099.717	     1.59954e+08	
      9154.810	     1.56220e+08	
      9190.798	     1.53838e+08	
      9209.903	     1.52591e+08	
      9229.009	     1.51359e+08	
      9267.221	     1.48924e+08	
      9303.204	     1.46688e+08	
      9343.644	     1.44221e+08	
      9384.084	     1.41800e+08	
      9464.964	     1.37097e+08	
      9545.723	     1.32573e+08	
      9545.844	     1.32567e+08	
      9545.965	     1.32560e+08	
      9546.207	     1.32547e+08	
      9546.691	     1.32521e+08	
      9546.866	     1.32511e+08	
      9547.658	     1.32469e+08	
      9549.594	     1.32346e+08	
      9553.465	     1.32139e+08	
      9561.207	     1.31727e+08	
      9576.691	     1.30910e+08	
      9607.658	     1.29292e+08	
      9668.451	     1.26174e+08	
      9729.243	     1.23135e+08	
      9790.036	     1.20166e+08	
      9850.828	     1.17270e+08	
      9870.422	     1.16346e+08	
      9911.620	     1.14416e+08	
      9952.819	     1.12510e+08	
     10021.070	     1.09410e+08	
     10035.217	     1.08788e+08	
     10049.364	     1.08194e+08	
     10077.658	     1.07038e+08	
     10134.247	     1.04846e+08	
     10144.484	     1.04453e+08	
     10190.835	     1.02687e+08	
     10237.187	     1.00939e+08	
     10329.890	     9.75012e+07	
     10422.592	     9.41780e+07	
     10515.295	     9.09177e+07	
     10607.998	     8.78103e+07	
     10700.701	     8.47558e+07	
     10793.403	     8.17172e+07	
     10834.127	     8.03871e+07	
     10886.106	     7.86894e+07	
     10912.096	     7.78119e+07	
     10925.091	     7.73479e+07	
     10938.085	     7.68531e+07	
     10951.079	     7.66357e+07	
     10964.074	     7.63850e+07	
     10977.069	     7.61117e+07	
     10990.064	     7.58280e+07	
     11016.053	     7.52358e+07	
     11068.032	     7.40373e+07	
     11120.010	     7.28300e+07	
     11171.989	     7.16135e+07	
     11187.029	     7.12576e+07	
     11223.968	     7.03846e+07	
     11260.908	     6.95150e+07	
     11334.787	     6.77858e+07	
     11408.666	     6.60950e+07	
     11482.545	     6.44680e+07	
     11556.424	     6.28639e+07	
     11630.303	     6.13091e+07	
     11704.182	     5.98021e+07	
     11778.061	     5.83409e+07	
     11851.940	     5.69244e+07	
     11925.819	     5.55503e+07	
     11999.698	     5.42173e+07	
     12073.577	     5.29063e+07	
     12147.455	     5.16465e+07	
     12158.041	     5.14687e+07	
     12221.334	     5.04204e+07	
     12284.629	     4.93946e+07	
     12347.924	     4.83874e+07	
     12411.218	     4.73960e+07	
     12474.512	     4.64161e+07	
     12537.806	     4.54331e+07	
     12601.101	     4.44413e+07	
     12664.395	     4.34105e+07	
     12727.689	     4.23113e+07	
     12763.901	     4.16296e+07	
     12777.443	     4.13773e+07	
     12790.984	     4.11307e+07	
     12797.754	     4.10182e+07	
     12804.524	     4.09236e+07	
     12811.295	     4.08771e+07	
     12818.016	     4.09827e+07	
     12818.066	     4.09821e+07	
     12818.116	     4.09814e+07	
     12818.216	     4.09796e+07	
     12818.416	     4.09752e+07	
     12818.815	     4.09620e+07	
     12819.615	     4.09233e+07	
     12821.215	     4.08385e+07	
     12824.414	     4.07226e+07	
     12830.812	     4.06004e+07	
     12837.210	     4.05262e+07	
     12850.007	     4.04207e+07	
     12875.600	     4.02611e+07	
     12926.786	     3.99026e+07	
     12977.972	     3.94647e+07	
     13029.158	     3.89740e+07	
     13080.344	     3.84496e+07	
     13131.530	     3.79121e+07	
     13182.716	     3.73674e+07	
     13233.902	     3.68207e+07	
     13261.827	     3.65245e+07	
     13285.088	     3.62785e+07	
     13308.350	     3.60341e+07	
     13354.873	     3.55487e+07	
     13447.920	     3.45968e+07	
     13540.966	     3.36732e+07	
     13634.013	     3.27835e+07	
     13727.060	     3.19158e+07	
     13820.106	     3.10765e+07	
     13913.153	     3.02647e+07	
     14006.200	     2.94793e+07	
     14099.246	     2.87192e+07	
     14192.293	     2.79834e+07	
     14238.608	     2.76259e+07	
     14285.339	     2.72710e+07	
     14332.071	     2.69218e+07	
     14393.426	     2.64714e+07	
     14425.533	     2.62395e+07	
     14457.640	     2.60102e+07	
     14460.500	     2.59898e+07	
     14521.855	     2.55589e+07	
     14581.211	     2.51504e+07	
     14583.210	     2.51368e+07	
     14585.210	     2.51232e+07	
     14589.208	     2.50960e+07	
     14597.206	     2.50417e+07	
     14613.202	     2.49336e+07	
     14645.193	     2.47192e+07	
     14709.176	     2.42973e+07	
     14773.158	     2.38842e+07	
     14837.141	     2.34800e+07	
     14901.123	     2.30843e+07	
     14965.106	     2.26968e+07	
     15029.088	     2.23174e+07	
     15093.071	     2.19460e+07	
     15157.054	     2.15822e+07	
     15221.036	     2.12259e+07	
     15285.019	     2.08770e+07	
     15349.001	     2.05351e+07	
     15412.984	     2.02003e+07	
     15471.572	     1.98997e+07	
     15476.966	     1.98723e+07	
     15482.361	     1.98449e+07	
     15493.150	     1.97904e+07	
     15514.728	     1.96818e+07	
     15557.884	     1.94669e+07	
     15644.197	     1.90459e+07	
     15730.509	     1.86361e+07	
     15816.821	     1.82374e+07	
     15903.134	     1.78492e+07	
     15989.446	     1.74713e+07	
     16075.759	     1.71034e+07	
     16162.071	     1.67451e+07	
     16248.384	     1.63961e+07	
     16289.880	     1.62316e+07	
     16334.696	     1.60562e+07	
     16379.512	     1.58832e+07	
     16469.143	     1.55441e+07	
     16558.775	     1.52141e+07	
     16648.406	     1.48927e+07	
     16738.038	     1.45798e+07	
     16827.669	     1.42760e+07	
     16917.301	     1.39792e+07	
     17006.933	     1.36900e+07	
     17096.564	     1.34083e+07	
     17186.196	     1.31338e+07	
     17275.827	     1.28663e+07	
     17327.685	     1.27147e+07	
     17365.459	     1.26056e+07	
     17403.232	     1.24977e+07	
     17478.780	     1.22854e+07	
     17554.327	     1.20776e+07	
     17629.874	     1.18742e+07	
     17705.422	     1.16750e+07	
     17780.969	     1.14800e+07	
     17856.517	     1.12891e+07	
     17932.064	     1.11021e+07	
     18007.611	     1.09146e+07	
     18083.159	     1.07340e+07	
     18158.706	     1.05567e+07	
     18234.253	     1.03821e+07	
     18309.801	     1.02096e+07	
     18343.743	     1.01325e+07	
     18385.348	     1.00381e+07	
     18426.953	     9.94336e+06	
     18510.162	     9.74962e+06	
     18593.371	     9.54092e+06	
     18602.053	     9.51739e+06	
     18639.317	     9.41030e+06	
     18657.949	     9.35230e+06	
     18676.581	     9.28906e+06	
     18695.212	     9.21841e+06	
     18704.529	     9.17907e+06	
     18713.844	     9.13318e+06	
     18723.161	     9.08118e+06	
     18732.476	     9.01304e+06	
     18737.134	     8.96802e+06	
     18741.793	     8.90726e+06	
     18744.121	     8.86447e+06	
     18746.450	     8.80453e+06	
     18748.779	     8.70919e+06	
     18749.944	     8.65298e+06	
     18750.526	     8.63256e+06	
     18751.108	     8.62427e+06	
     18751.690	     8.63046e+06	
     18752.273	     8.64877e+06	
     18752.855	     8.67372e+06	
     18753.438	     8.70074e+06	
     18754.019	     8.72562e+06	
     18754.601	     8.74934e+06	
     18755.184	     8.76954e+06	
     18755.766	     8.78744e+06	
     18756.931	     8.81578e+06	
     18759.260	     8.85719e+06	
     18761.588	     8.88562e+06	
     18763.918	     8.90695e+06	
     18768.575	     8.93670e+06	
     18777.892	     8.97245e+06	
     18787.207	     8.99039e+06	
     18805.839	     9.00522e+06	
     18824.471	     9.00431e+06	
     18861.735	     8.98068e+06	
     18898.999	     8.94176e+06	
     18973.526	     8.83865e+06	
     19048.054	     8.71965e+06	
     19122.582	     8.59477e+06	
     19197.109	     8.46826e+06	
     19271.637	     8.34225e+06	
     19346.165	     8.21753e+06	
     19390.711	     8.14376e+06	
     19420.692	     8.09453e+06	
     19450.673	     8.04559e+06	
     19510.635	     7.94873e+06	
     19570.595	     7.85496e+06	
     19630.557	     7.76042e+06	
     19690.519	     7.66728e+06	
     19750.479	     7.57554e+06	
     19810.441	     7.48519e+06	
     19870.401	     7.39616e+06	
     19930.363	     7.30848e+06	
     19990.325	     7.22205e+06	
     20050.285	     7.13691e+06	
     20110.247	     7.05303e+06	
     20170.209	     6.97038e+06	
     20230.169	     6.88892e+06	
     20290.131	     6.80868e+06	
     20350.092	     6.72957e+06	
     20410.053	     6.65160e+06	
     20465.636	     6.58035e+06	
     20470.015	     6.57479e+06	
     20474.393	     6.56923e+06	
     20483.151	     6.55811e+06	
     20500.667	     6.53593e+06	
     20535.700	     6.49188e+06	
     20605.763	     6.40492e+06	
     20675.826	     6.31938e+06	
     20745.890	     6.23528e+06	
     20815.954	     6.15256e+06	
     20886.018	     6.07122e+06	
     20956.082	     5.99121e+06	
     21026.146	     5.91251e+06	
     21096.209	     5.83513e+06	
     21166.272	     5.75898e+06	
     21236.336	     5.68405e+06	
     21306.400	     5.61038e+06	
     21376.464	     5.53787e+06	
     21446.528	     5.46653e+06	
     21516.592	     5.39635e+06	
     21542.694	     5.37049e+06	
     21586.655	     5.32726e+06	
     21630.617	     5.28450e+06	
     21718.540	     5.20022e+06	
     21806.462	     5.11759e+06	
     21894.385	     5.03663e+06	
     21982.308	     4.95724e+06	
     22070.231	     4.87943e+06	
     22158.154	     4.80312e+06	
     22246.077	     4.72829e+06	
     22334.000	     4.65493e+06	
     22421.923	     4.58299e+06	
     22509.846	     4.51240e+06	
     22597.769	     4.44319e+06	
     22685.692	     4.37530e+06	
     22760.394	     4.31862e+06	
     22773.615	     4.30869e+06	
     22784.838	     4.30027e+06	
     22786.838	     4.29880e+06	
     22788.837	     4.29729e+06	
     22792.836	     4.29431e+06	
     22800.834	     4.28834e+06	
     22816.829	     4.27643e+06	
     22848.821	     4.25271e+06	
     22912.803	     4.20581e+06	
     22976.786	     4.15953e+06	
     23040.768	     4.11392e+06	
     23104.751	     4.06890e+06	
     23168.733	     4.02451e+06	
     23232.716	     3.98071e+06	
     23296.698	     3.93752e+06	
     23360.681	     3.89492e+06	
     23424.663	     3.85285e+06	
     23488.646	     3.81138e+06	
     23552.628	     3.77048e+06	
     23616.611	     3.73011e+06	
     23680.593	     3.69027e+06	
     23744.576	     3.65097e+06	
     23808.558	     3.61220e+06	
     23872.541	     3.57394e+06	
     23936.523	     3.53618e+06	
     24000.506	     3.49889e+06	
     24064.488	     3.46213e+06	
     24128.471	     3.42584e+06	
     24192.453	     3.39000e+06	
     24256.436	     3.35466e+06	
     24320.419	     3.31975e+06	
     24384.401	     3.28532e+06	
     24448.384	     3.25133e+06	
     24512.366	     3.21778e+06	
     24576.349	     3.18463e+06	
     24640.331	     3.15193e+06	
     24704.314	     3.11965e+06	
     24768.296	     3.08778e+06	
     24832.279	     3.05631e+06	
     24896.261	     3.02525e+06	
     24960.244	     2.99457e+06	
     25004.437	     2.97361e+06	
     25024.226	     2.96429e+06	
     25044.016	     2.95500e+06	
     25083.595	     2.93653e+06	
     25162.753	     2.90003e+06	
     25241.912	     2.86409e+06	
     25321.070	     2.82870e+06	
     25400.228	     2.79386e+06	
     25479.387	     2.75955e+06	
     25558.545	     2.72577e+06	
     25637.703	     2.69250e+06	
     25716.862	     2.65974e+06	
     25796.020	     2.62747e+06	
     25875.179	     2.59570e+06	
     25954.337	     2.56440e+06	
     26033.495	     2.53357e+06	
     26112.654	     2.50320e+06	
     26191.812	     2.47328e+06	
     26270.970	     2.44382e+06	
     26350.129	     2.41479e+06	
     26429.287	     2.38618e+06	
     26508.445	     2.35800e+06	
     26587.604	     2.33024e+06	
     26666.762	     2.30288e+06	
     26745.921	     2.27592e+06	
     26825.079	     2.24936e+06	
     26904.237	     2.22318e+06	
     26983.396	     2.19738e+06	
     27062.554	     2.17195e+06	
     27141.712	     2.14689e+06	
     27142.547	     2.14663e+06	
     27220.871	     2.12219e+06	
     27299.194	     2.09810e+06	
     27377.518	     2.07434e+06	
     27455.842	     2.05092e+06	
     27534.165	     2.02783e+06	
     27612.489	     2.00506e+06	
     27690.812	     1.98261e+06	
     27769.136	     1.96047e+06	
     27847.459	     1.93864e+06	
     27925.783	     1.91711e+06	
     28004.107	     1.89588e+06	
     28082.430	     1.87495e+06	
     28160.754	     1.85430e+06	
     28239.077	     1.83394e+06	
     28317.401	     1.81385e+06	
     28395.725	     1.79404e+06	
     28474.048	     1.77450e+06	
     28552.372	     1.75522e+06	
     28630.695	     1.73621e+06	
     28709.019	     1.71745e+06	
     28787.343	     1.69894e+06	
     28865.666	     1.68068e+06	
     28943.990	     1.66267e+06	
     29022.313	     1.64490e+06	
     29100.637	     1.62736e+06	
     29178.961	     1.61006e+06	
     29257.284	     1.59299e+06	
     29335.608	     1.57614e+06	
     29413.931	     1.55951e+06	
     29492.255	     1.54310e+06	
     29570.578	     1.52691e+06	
     29648.902	     1.51093e+06	
     29727.226	     1.49516e+06	
     29805.549	     1.47959e+06	
     29883.873	     1.46422e+06	
     29932.600	     1.45476e+06	
     29962.196	     1.44906e+06	
     29991.792	     1.44338e+06	
#time:0.038606
